Date,Open,High,Low,Close,Adj Close,Volume
2010-03-24,17.0,18.0,15.029999732971191,15.100000381469727,15.100000381469727,5530700
2010-03-25,15.350000381469727,15.699999809265137,14.0,14.25,14.25,1213400
2010-03-26,14.529999732971191,14.529999732971191,13.550000190734863,13.619999885559082,13.619999885559082,685400
2010-03-29,13.760000228881836,13.760000228881836,13.050000190734863,13.25,13.25,507200
2010-03-30,13.210000038146973,13.75,13.210000038146973,13.6899995803833,13.6899995803833,272100
2010-03-31,13.600000381469727,13.800000190734863,13.25,13.449999809265137,13.449999809265137,263200
2010-04-01,13.479999542236328,14.199999809265137,13.449999809265137,13.720000267028809,13.720000267028809,262100
2010-04-05,13.850000381469727,14.0600004196167,13.699999809265137,14.0,14.0,100000
2010-04-06,14.050000190734863,14.640000343322754,14.0,14.420000076293945,14.420000076293945,161800
2010-04-07,14.619999885559082,14.649999618530273,13.869999885559082,14.029999732971191,14.029999732971191,107800
2010-04-08,14.199999809265137,14.199999809265137,13.65999984741211,13.670000076293945,13.670000076293945,74900
2010-04-09,13.699999809265137,13.949999809265137,13.520000457763672,13.770000457763672,13.770000457763672,71300
2010-04-12,14.0,14.010000228881836,13.609999656677246,13.760000228881836,13.760000228881836,121000
2010-04-13,13.760000228881836,13.800000190734863,13.420000076293945,13.479999542236328,13.479999542236328,118500
2010-04-14,13.699999809265137,13.850000381469727,13.449999809265137,13.65999984741211,13.65999984741211,557000
2010-04-15,13.699999809265137,14.25,13.699999809265137,14.15999984741211,14.15999984741211,168100
2010-04-16,14.239999771118164,14.569999694824219,13.880000114440918,14.380000114440918,14.380000114440918,143200
2010-04-19,14.399999618530273,14.539999961853027,14.010000228881836,14.069999694824219,14.069999694824219,76300
2010-04-20,14.050000190734863,14.649999618530273,14.010000228881836,14.609999656677246,14.609999656677246,140800
2010-04-21,14.680000305175781,14.8100004196167,14.260000228881836,14.520000457763672,14.520000457763672,200000
2010-04-22,14.5,14.520000457763672,13.760000228881836,14.050000190734863,14.050000190734863,413200
2010-04-23,14.100000381469727,14.329999923706055,13.930000305175781,13.960000038146973,13.960000038146973,95500
2010-04-26,14.0,14.100000381469727,13.300000190734863,13.34000015258789,13.34000015258789,273800
2010-04-27,13.479999542236328,13.479999542236328,11.880000114440918,12.1899995803833,12.1899995803833,501800
2010-04-28,12.229999542236328,12.449999809265137,11.920000076293945,12.029999732971191,12.029999732971191,213500
2010-04-29,12.069999694824219,12.5,11.989999771118164,12.359999656677246,12.359999656677246,135600
2010-04-30,12.479999542236328,12.550000190734863,11.800000190734863,12.0,12.0,171300
2010-05-03,12.5,12.5,11.529999732971191,12.039999961853027,12.039999961853027,452800
2010-05-04,12.25,12.470000267028809,11.899999618530273,12.289999961853027,12.289999961853027,206900
2010-05-05,12.149999618530273,12.319999694824219,11.579999923706055,11.859999656677246,11.859999656677246,206000
2010-05-06,11.739999771118164,11.979999542236328,10.829999923706055,11.600000381469727,11.600000381469727,363200
2010-05-07,10.930000305175781,11.25,10.140000343322754,10.399999618530273,10.399999618530273,653100
2010-05-10,10.850000381469727,10.960000038146973,10.020000457763672,10.239999771118164,10.239999771118164,362800
2010-05-11,10.199999809265137,10.25,9.65999984741211,10.199999809265137,10.199999809265137,411700
2010-05-12,10.15999984741211,10.75,10.050000190734863,10.399999618530273,10.399999618530273,246500
2010-05-13,10.319999694824219,10.869999885559082,10.300000190734863,10.829999923706055,10.829999923706055,242900
2010-05-14,10.970000267028809,11.369999885559082,10.710000038146973,10.899999618530273,10.899999618530273,318100
2010-05-17,10.899999618530273,11.3100004196167,10.75,11.3100004196167,11.3100004196167,121900
2010-05-18,11.460000038146973,11.899999618530273,11.09000015258789,11.149999618530273,11.149999618530273,222200
2010-05-19,11.149999618530273,11.399999618530273,10.899999618530273,11.0600004196167,11.0600004196167,148200
2010-05-20,10.890000343322754,11.0,10.390000343322754,10.640000343322754,10.640000343322754,205400
2010-05-21,10.600000381469727,11.220000267028809,10.510000228881836,10.850000381469727,10.850000381469727,95000
2010-05-24,10.800000190734863,11.119999885559082,10.800000190734863,11.020000457763672,11.020000457763672,172100
2010-05-25,10.800000190734863,11.020000457763672,10.699999809265137,10.930000305175781,10.930000305175781,71600
2010-05-26,11.0,11.5600004196167,11.0,11.399999618530273,11.399999618530273,49100
2010-05-27,11.670000076293945,12.069999694824219,11.579999923706055,11.890000343322754,11.890000343322754,84200
2010-05-28,11.899999618530273,12.619999885559082,11.899999618530273,12.229999542236328,12.229999542236328,90100
2010-06-01,12.109999656677246,12.350000381469727,11.680000305175781,11.680000305175781,11.680000305175781,66300
2010-06-02,11.670000076293945,12.130000114440918,11.569999694824219,12.039999961853027,12.039999961853027,67900
2010-06-03,12.109999656677246,12.3100004196167,11.970000267028809,12.260000228881836,12.260000228881836,55900
2010-06-04,12.0,12.079999923706055,11.130000114440918,11.5600004196167,11.5600004196167,105500
2010-06-07,11.449999809265137,11.770000457763672,10.850000381469727,10.930000305175781,10.930000305175781,114700
2010-06-08,10.829999923706055,10.989999771118164,10.470000267028809,10.960000038146973,10.960000038146973,92100
2010-06-09,11.0,11.369999885559082,11.0,11.140000343322754,11.140000343322754,72700
2010-06-10,11.140000343322754,11.520000457763672,11.069999694824219,11.470000267028809,11.470000267028809,95800
2010-06-11,11.350000381469727,11.5,11.039999961853027,11.399999618530273,11.399999618530273,71500
2010-06-14,11.399999618530273,11.779999732971191,11.329999923706055,11.380000114440918,11.380000114440918,36700
2010-06-15,11.380000114440918,11.619999885559082,11.079999923706055,11.5,11.5,46800
2010-06-16,11.420000076293945,11.579999923706055,11.350000381469727,11.40999984741211,11.40999984741211,67500
2010-06-17,11.399999618530273,11.4399995803833,11.010000228881836,11.279999732971191,11.279999732971191,46000
2010-06-18,11.3100004196167,11.34000015258789,11.100000381469727,11.130000114440918,11.130000114440918,83200
2010-06-21,11.220000267028809,11.529999732971191,11.140000343322754,11.1899995803833,11.1899995803833,77400
2010-06-22,11.210000038146973,11.460000038146973,10.859999656677246,10.920000076293945,10.920000076293945,67300
2010-06-23,10.9399995803833,11.15999984741211,10.789999961853027,11.069999694824219,11.069999694824219,115600
2010-06-24,11.220000267028809,11.619999885559082,11.069999694824219,11.40999984741211,11.40999984741211,216500
2010-06-25,11.460000038146973,11.529999732971191,10.25,10.350000381469727,10.350000381469727,1167000
2010-06-28,10.350000381469727,10.9399995803833,10.300000190734863,10.850000381469727,10.850000381469727,138100
2010-06-29,10.75,10.75,10.350000381469727,10.380000114440918,10.380000114440918,113100
2010-06-30,10.449999809265137,10.520000457763672,10.239999771118164,10.260000228881836,10.260000228881836,73700
2010-07-01,10.279999732971191,10.390000343322754,9.930000305175781,10.220000267028809,10.220000267028809,93300
2010-07-02,10.220000267028809,10.529999732971191,10.069999694824219,10.3100004196167,10.3100004196167,127100
2010-07-06,10.399999618530273,11.149999618530273,10.399999618530273,10.869999885559082,10.869999885559082,120700
2010-07-07,10.899999618530273,11.399999618530273,10.680000305175781,11.380000114440918,11.380000114440918,180000
2010-07-08,11.380000114440918,12.039999961853027,11.359999656677246,12.029999732971191,12.029999732971191,229300
2010-07-09,12.0600004196167,12.4399995803833,11.6899995803833,12.390000343322754,12.390000343322754,81600
2010-07-12,12.380000114440918,12.640000343322754,12.199999809265137,12.390000343322754,12.390000343322754,144200
2010-07-13,12.369999885559082,12.369999885559082,11.6899995803833,11.739999771118164,11.739999771118164,369900
2010-07-14,11.670000076293945,12.270000457763672,11.279999732971191,11.649999618530273,11.649999618530273,248900
2010-07-15,11.619999885559082,11.6899995803833,11.359999656677246,11.510000228881836,11.510000228881836,83300
2010-07-16,11.470000267028809,11.649999618530273,11.180000305175781,11.350000381469727,11.350000381469727,123200
2010-07-19,11.369999885559082,11.4399995803833,10.859999656677246,10.869999885559082,10.869999885559082,79300
2010-07-20,10.75,10.930000305175781,10.65999984741211,10.850000381469727,10.850000381469727,146000
2010-07-21,10.880000114440918,11.119999885559082,10.65999984741211,10.710000038146973,10.710000038146973,23100
2010-07-22,10.84000015258789,10.930000305175781,10.670000076293945,10.800000190734863,10.800000190734863,258000
2010-07-23,11.609999656677246,11.630000114440918,9.75,10.449999809265137,10.449999809265137,569400
2010-07-26,10.430000305175781,10.579999923706055,10.050000190734863,10.4399995803833,10.4399995803833,196700
2010-07-27,10.430000305175781,10.579999923706055,10.220000267028809,10.479999542236328,10.479999542236328,160700
2010-07-28,10.479999542236328,10.710000038146973,10.399999618530273,10.579999923706055,10.579999923706055,83200
2010-07-29,10.649999618530273,10.75,10.5600004196167,10.609999656677246,10.609999656677246,19900
2010-07-30,10.539999961853027,10.779999732971191,10.520000457763672,10.680000305175781,10.680000305175781,118600
2010-08-02,10.779999732971191,10.829999923706055,10.600000381469727,10.630000114440918,10.630000114440918,115300
2010-08-03,10.59000015258789,10.75,10.489999771118164,10.5,10.5,362100
2010-08-04,10.529999732971191,10.75,10.529999732971191,10.75,10.75,53100
2010-08-05,10.670000076293945,10.779999732971191,10.609999656677246,10.699999809265137,10.699999809265137,71200
2010-08-06,10.800000190734863,10.800000190734863,10.369999885559082,10.520000457763672,10.520000457763672,82600
2010-08-09,10.5600004196167,10.699999809265137,10.430000305175781,10.460000038146973,10.460000038146973,210900
2010-08-10,10.390000343322754,10.430000305175781,10.100000381469727,10.229999542236328,10.229999542236328,52300
2010-08-11,10.069999694824219,10.119999885559082,9.8100004196167,9.949999809265137,9.949999809265137,84000
2010-08-12,9.869999885559082,10.359999656677246,9.869999885559082,10.350000381469727,10.350000381469727,74400
2010-08-13,10.289999961853027,10.319999694824219,10.130000114440918,10.239999771118164,10.239999771118164,77900
2010-08-16,10.210000038146973,10.40999984741211,9.770000457763672,10.1899995803833,10.1899995803833,276900
2010-08-17,10.270000457763672,10.550000190734863,10.020000457763672,10.399999618530273,10.399999618530273,108600
2010-08-18,10.5,10.510000228881836,10.260000228881836,10.3100004196167,10.3100004196167,96300
2010-08-19,10.279999732971191,10.279999732971191,9.979999542236328,10.039999961853027,10.039999961853027,36000
2010-08-20,10.020000457763672,10.09000015258789,9.800000190734863,9.930000305175781,9.930000305175781,113700
2010-08-23,9.949999809265137,10.210000038146973,9.84000015258789,9.989999771118164,9.989999771118164,153400
2010-08-24,9.850000381469727,10.0,9.569999694824219,9.899999618530273,9.899999618530273,150200
2010-08-25,9.859999656677246,9.949999809265137,9.770000457763672,9.90999984741211,9.90999984741211,125900
2010-08-26,9.869999885559082,10.399999618530273,9.850000381469727,10.399999618530273,10.399999618530273,233300
2010-08-27,10.5,11.300000190734863,10.479999542236328,11.180000305175781,11.180000305175781,560400
2010-08-30,11.170000076293945,11.739999771118164,11.15999984741211,11.460000038146973,11.460000038146973,195800
2010-08-31,11.460000038146973,12.460000038146973,11.460000038146973,12.15999984741211,12.15999984741211,294200
2010-09-01,12.399999618530273,13.180000305175781,12.359999656677246,12.720000267028809,12.720000267028809,265400
2010-09-02,12.670000076293945,13.229999542236328,12.670000076293945,13.15999984741211,13.15999984741211,130300
2010-09-03,13.369999885559082,13.550000190734863,13.100000381469727,13.289999961853027,13.289999961853027,137600
2010-09-07,13.300000190734863,13.300000190734863,12.899999618530273,13.020000457763672,13.020000457763672,85900
2010-09-08,13.050000190734863,13.25,12.949999809265137,13.149999618530273,13.149999618530273,140300
2010-09-09,13.239999771118164,13.25,12.989999771118164,13.050000190734863,13.050000190734863,50100
2010-09-10,13.039999961853027,13.170000076293945,12.760000228881836,13.109999656677246,13.109999656677246,100400
2010-09-13,13.229999542236328,13.229999542236328,13.010000228881836,13.15999984741211,13.15999984741211,86500
2010-09-14,13.15999984741211,13.550000190734863,13.100000381469727,13.380000114440918,13.380000114440918,100400
2010-09-15,13.329999923706055,13.5,13.0,13.300000190734863,13.300000190734863,129600
2010-09-16,12.399999618530273,13.0,11.9399995803833,13.0,13.0,675000
2010-09-17,12.369999885559082,12.899999618530273,12.260000228881836,12.449999809265137,12.449999809265137,277800
2010-09-20,12.359999656677246,12.890000343322754,12.029999732971191,12.470000267028809,12.470000267028809,190500
2010-09-21,12.479999542236328,12.479999542236328,11.970000267028809,12.039999961853027,12.039999961853027,340600
2010-09-22,12.020000457763672,12.25,11.710000038146973,12.039999961853027,12.039999961853027,164200
2010-09-23,11.960000038146973,12.5,11.869999885559082,12.229999542236328,12.229999542236328,180600
2010-09-24,12.279999732971191,13.079999923706055,12.279999732971191,13.029999732971191,13.029999732971191,312200
2010-09-27,13.050000190734863,13.149999618530273,12.630000114440918,13.069999694824219,13.069999694824219,499000
2010-09-28,13.140000343322754,13.859999656677246,12.960000038146973,13.680000305175781,13.680000305175781,356900
2010-09-29,13.569999694824219,14.369999885559082,13.5600004196167,13.979999542236328,13.979999542236328,305800
2010-09-30,14.079999923706055,14.40999984741211,13.920000076293945,14.359999656677246,14.359999656677246,503600
2010-10-01,14.359999656677246,14.449999809265137,13.260000228881836,13.899999618530273,13.899999618530273,256400
2010-10-04,13.75,13.899999618530273,13.40999984741211,13.5,13.5,635400
2010-10-05,13.539999961853027,13.600000381469727,12.880000114440918,13.399999618530273,13.399999618530273,506700
2010-10-06,13.430000305175781,13.430000305175781,12.899999618530273,13.079999923706055,13.079999923706055,391700
2010-10-07,13.130000114440918,13.15999984741211,12.539999961853027,12.710000038146973,12.710000038146973,580900
2010-10-08,12.770000457763672,13.0,12.5600004196167,12.960000038146973,12.960000038146973,290000
2010-10-11,12.989999771118164,13.15999984741211,12.869999885559082,13.0,13.0,220000
2010-10-12,12.970000267028809,13.5,12.869999885559082,13.359999656677246,13.359999656677246,280200
2010-10-13,13.390000343322754,13.670000076293945,13.25,13.470000267028809,13.470000267028809,388400
2010-10-14,13.510000228881836,13.579999923706055,12.770000457763672,12.949999809265137,12.949999809265137,211200
2010-10-15,13.140000343322754,13.140000343322754,12.890000343322754,12.989999771118164,12.989999771118164,208200
2010-10-18,13.0,13.09000015258789,12.850000381469727,12.949999809265137,12.949999809265137,196600
2010-10-19,12.850000381469727,13.069999694824219,12.720000267028809,12.770000457763672,12.770000457763672,310600
2010-10-20,12.850000381469727,12.970000267028809,12.510000228881836,12.640000343322754,12.640000343322754,310000
2010-10-21,12.710000038146973,12.850000381469727,12.350000381469727,12.65999984741211,12.65999984741211,354800
2010-10-22,12.699999809265137,12.9399995803833,12.539999961853027,12.930000305175781,12.930000305175781,307000
2010-10-25,13.100000381469727,13.4399995803833,12.84000015258789,12.850000381469727,12.850000381469727,186200
2010-10-26,12.75,12.949999809265137,12.670000076293945,12.779999732971191,12.779999732971191,200600
2010-10-27,12.720000267028809,12.789999961853027,12.4399995803833,12.539999961853027,12.539999961853027,325300
2010-10-28,12.550000190734863,12.649999618530273,12.260000228881836,12.539999961853027,12.539999961853027,208800
2010-10-29,12.319999694824219,12.84000015258789,12.25,12.640000343322754,12.640000343322754,204200
2010-11-01,12.59000015258789,12.699999809265137,12.399999618530273,12.5,12.5,267400
2010-11-02,12.619999885559082,12.729999542236328,12.390000343322754,12.579999923706055,12.579999923706055,231800
2010-11-03,12.579999923706055,12.630000114440918,12.25,12.449999809265137,12.449999809265137,113800
2010-11-04,12.449999809265137,12.609999656677246,12.300000190734863,12.5,12.5,163100
2010-11-05,12.399999618530273,12.539999961853027,12.289999961853027,12.460000038146973,12.460000038146973,109500
2010-11-08,12.4399995803833,12.569999694824219,12.359999656677246,12.520000457763672,12.520000457763672,151500
2010-11-09,13.65999984741211,13.65999984741211,12.520000457763672,12.699999809265137,12.699999809265137,226700
2010-11-10,12.569999694824219,12.779999732971191,12.350000381469727,12.670000076293945,12.670000076293945,158900
2010-11-11,12.600000381469727,13.3100004196167,12.600000381469727,12.989999771118164,12.989999771118164,472200
2010-11-12,12.880000114440918,13.0600004196167,12.390000343322754,12.75,12.75,152800
2010-11-15,12.789999961853027,12.920000076293945,12.300000190734863,12.470000267028809,12.470000267028809,120600
2010-11-16,12.350000381469727,12.710000038146973,12.170000076293945,12.539999961853027,12.539999961853027,144000
2010-11-17,12.569999694824219,12.710000038146973,12.460000038146973,12.539999961853027,12.539999961853027,90300
2010-11-18,12.630000114440918,13.0,12.520000457763672,12.859999656677246,12.859999656677246,140800
2010-11-19,12.789999961853027,12.859999656677246,12.420000076293945,12.850000381469727,12.850000381469727,79900
2010-11-22,12.850000381469727,12.949999809265137,12.569999694824219,12.920000076293945,12.920000076293945,200200
2010-11-23,12.720000267028809,12.869999885559082,12.430000305175781,12.619999885559082,12.619999885559082,276100
2010-11-24,12.729999542236328,13.050000190734863,12.729999542236328,12.899999618530273,12.899999618530273,160400
2010-11-26,12.770000457763672,12.930000305175781,12.5600004196167,12.850000381469727,12.850000381469727,52500
2010-11-29,12.739999771118164,12.880000114440918,12.430000305175781,12.819999694824219,12.819999694824219,235900
2010-11-30,12.600000381469727,12.829999923706055,12.520000457763672,12.770000457763672,12.770000457763672,855300
2010-12-01,13.0,13.729999542236328,12.90999984741211,13.729999542236328,13.729999542236328,1167700
2010-12-02,13.609999656677246,14.420000076293945,13.600000381469727,14.390000343322754,14.390000343322754,697500
2010-12-03,14.270000457763672,15.489999771118164,14.270000457763672,15.229999542236328,15.229999542236328,536000
2010-12-06,15.270000457763672,15.949999809265137,15.199999809265137,15.479999542236328,15.479999542236328,514700
2010-12-07,15.600000381469727,15.630000114440918,15.109999656677246,15.199999809265137,15.199999809265137,391400
2010-12-08,15.1899995803833,15.800000190734863,15.069999694824219,15.779999732971191,15.779999732971191,237800
2010-12-09,15.779999732971191,16.3700008392334,15.649999618530273,16.010000228881836,16.010000228881836,430600
2010-12-10,15.989999771118164,16.010000228881836,15.75,15.90999984741211,15.90999984741211,244900
2010-12-13,15.90999984741211,16.389999389648438,15.770000457763672,15.899999618530273,15.899999618530273,381800
2010-12-14,16.149999618530273,16.6299991607666,16.149999618530273,16.219999313354492,16.219999313354492,446300
2010-12-15,16.270000457763672,16.270000457763672,15.770000457763672,15.970000267028809,15.970000267028809,223000
2010-12-16,15.970000267028809,16.149999618530273,15.460000038146973,15.65999984741211,15.65999984741211,304100
2010-12-17,15.800000190734863,16.25,15.680000305175781,15.890000343322754,15.890000343322754,549400
2010-12-20,15.890000343322754,16.059999465942383,15.850000381469727,15.960000038146973,15.960000038146973,110800
2010-12-21,15.989999771118164,16.329999923706055,15.850000381469727,16.31999969482422,16.31999969482422,88900
2010-12-22,16.299999237060547,16.969999313354492,16.299999237060547,16.860000610351562,16.860000610351562,282900
2010-12-23,16.860000610351562,17.0,16.709999084472656,16.950000762939453,16.950000762939453,97100
2010-12-27,16.940000534057617,17.360000610351562,16.940000534057617,17.110000610351562,17.110000610351562,137400
2010-12-28,17.18000030517578,17.399999618530273,16.969999313354492,17.170000076293945,17.170000076293945,135400
2010-12-29,17.18000030517578,17.299999237060547,16.969999313354492,17.030000686645508,17.030000686645508,98200
2010-12-30,17.079999923706055,17.149999618530273,16.75,17.040000915527344,17.040000915527344,57500
2010-12-31,17.049999237060547,17.049999237060547,16.68000030517578,16.899999618530273,16.899999618530273,63500
2011-01-03,16.959999084472656,17.229999542236328,16.5,17.049999237060547,17.049999237060547,229900
2011-01-04,16.299999237060547,16.8700008392334,16.100000381469727,16.479999542236328,16.479999542236328,454400
2011-01-05,16.389999389648438,16.81999969482422,16.290000915527344,16.530000686645508,16.530000686645508,254700
2011-01-06,16.219999313354492,16.299999237060547,15.789999961853027,16.299999237060547,16.299999237060547,235200
2011-01-07,16.350000381469727,16.43000030517578,16.0,16.25,16.25,95200
2011-01-10,16.1299991607666,16.420000076293945,16.0,16.360000610351562,16.360000610351562,120700
2011-01-11,16.459999084472656,16.850000381469727,16.31999969482422,16.639999389648438,16.639999389648438,169000
2011-01-12,16.780000686645508,16.899999618530273,16.65999984741211,16.75,16.75,61600
2011-01-13,16.75,16.860000610351562,16.700000762939453,16.770000457763672,16.770000457763672,104000
2011-01-14,16.65999984741211,16.850000381469727,15.489999771118164,16.489999771118164,16.489999771118164,228800
2011-01-18,16.3700008392334,16.43000030517578,15.949999809265137,16.18000030517578,16.18000030517578,111300
2011-01-19,16.200000762939453,16.280000686645508,15.380000114440918,15.640000343322754,15.640000343322754,217000
2011-01-20,15.510000228881836,16.209999084472656,14.989999771118164,15.989999771118164,15.989999771118164,186600
2011-01-21,16.100000381469727,16.100000381469727,15.5,15.779999732971191,15.779999732971191,72000
2011-01-24,15.899999618530273,15.899999618530273,15.59000015258789,15.609999656677246,15.609999656677246,75800
2011-01-25,15.5,15.829999923706055,15.260000228881836,15.40999984741211,15.40999984741211,133300
2011-01-26,15.470000267028809,15.890000343322754,15.470000267028809,15.699999809265137,15.699999809265137,38600
2011-01-27,15.729999542236328,15.729999542236328,15.40999984741211,15.640000343322754,15.640000343322754,75400
2011-01-28,15.65999984741211,15.970000267028809,15.5,15.8100004196167,15.8100004196167,148300
2011-01-31,15.779999732971191,16.440000534057617,15.779999732971191,16.299999237060547,16.299999237060547,615900
2011-02-01,16.489999771118164,16.489999771118164,16.200000762939453,16.309999465942383,16.309999465942383,200300
2011-02-02,16.329999923706055,16.700000762939453,15.90999984741211,16.0,16.0,187300
2011-02-03,15.880000114440918,16.0,15.319999694824219,15.8100004196167,15.8100004196167,340700
2011-02-04,16.110000610351562,17.479999542236328,15.880000114440918,17.3799991607666,17.3799991607666,743400
2011-02-07,17.450000762939453,18.950000762939453,17.270000457763672,17.989999771118164,17.989999771118164,590800
2011-02-08,17.700000762939453,18.209999084472656,17.579999923706055,18.100000381469727,18.100000381469727,292400
2011-02-09,18.0,18.18000030517578,17.719999313354492,17.979999542236328,17.979999542236328,132500
2011-02-10,17.790000915527344,18.25,17.6299991607666,18.149999618530273,18.149999618530273,131100
2011-02-11,18.1299991607666,18.65999984741211,18.030000686645508,18.59000015258789,18.59000015258789,156600
2011-02-14,18.549999237060547,20.799999237060547,18.549999237060547,20.010000228881836,20.010000228881836,770600
2011-02-15,19.979999542236328,20.360000610351562,19.790000915527344,20.040000915527344,20.040000915527344,243900
2011-02-16,19.950000762939453,20.0,19.440000534057617,19.84000015258789,19.84000015258789,243500
2011-02-17,19.860000610351562,19.940000534057617,19.020000457763672,19.100000381469727,19.100000381469727,177300
2011-02-18,19.299999237060547,19.5,18.809999465942383,19.149999618530273,19.149999618530273,222000
2011-02-22,19.0,19.440000534057617,18.40999984741211,18.440000534057617,18.440000534057617,190800
2011-02-23,18.510000228881836,19.110000610351562,18.40999984741211,19.100000381469727,19.100000381469727,585900
2011-02-24,19.100000381469727,19.75,18.84000015258789,19.75,19.75,356600
2011-02-25,19.780000686645508,19.899999618530273,18.950000762939453,19.110000610351562,19.110000610351562,326300
2011-02-28,19.059999465942383,19.1200008392334,17.780000686645508,17.790000915527344,17.790000915527344,689500
2011-03-01,17.940000534057617,18.59000015258789,17.5,18.280000686645508,18.280000686645508,927500
2011-03-02,18.3799991607666,19.1200008392334,18.049999237060547,19.06999969482422,19.06999969482422,369200
2011-03-03,19.280000686645508,20.489999771118164,19.149999618530273,20.0,20.0,766700
2011-03-04,19.979999542236328,20.100000381469727,19.329999923706055,19.6299991607666,19.6299991607666,157500
2011-03-07,22.530000686645508,22.530000686645508,19.649999618530273,20.40999984741211,20.40999984741211,852400
2011-03-08,20.3700008392334,20.649999618530273,20.0,20.209999084472656,20.209999084472656,163400
2011-03-09,20.25,20.25,18.649999618530273,19.600000381469727,19.600000381469727,347800
2011-03-10,19.479999542236328,19.479999542236328,18.850000381469727,18.989999771118164,18.989999771118164,225400
2011-03-11,18.799999237060547,19.350000381469727,18.739999771118164,19.209999084472656,19.209999084472656,184500
2011-03-14,15.430000305175781,19.100000381469727,15.430000305175781,18.25,18.25,272800
2011-03-15,18.190000534057617,18.190000534057617,17.43000030517578,17.68000030517578,17.68000030517578,309800
2011-03-16,17.600000381469727,18.09000015258789,17.290000915527344,17.440000534057617,17.440000534057617,384000
2011-03-17,17.450000762939453,18.549999237060547,17.450000762939453,18.5,18.5,239500
2011-03-18,18.649999618530273,18.690000534057617,18.1299991607666,18.56999969482422,18.56999969482422,229500
2011-03-21,18.84000015258789,19.030000686645508,18.690000534057617,18.860000610351562,18.860000610351562,100900
2011-03-22,18.920000076293945,19.0,18.260000228881836,18.469999313354492,18.469999313354492,154900
2011-03-23,18.489999771118164,19.239999771118164,18.399999618530273,19.149999618530273,19.149999618530273,239600
2011-03-24,19.15999984741211,19.530000686645508,18.719999313354492,19.0,19.0,296100
2011-03-25,19.270000457763672,19.450000762939453,19.0,19.110000610351562,19.110000610351562,204100
2011-03-28,19.18000030517578,19.93000030517578,19.1200008392334,19.670000076293945,19.670000076293945,509900
2011-03-29,19.639999389648438,20.149999618530273,19.510000228881836,19.950000762939453,19.950000762939453,226200
2011-03-30,20.049999237060547,20.850000381469727,20.0,20.469999313354492,20.469999313354492,394700
2011-03-31,20.520000457763672,20.579999923706055,20.260000228881836,20.309999465942383,20.309999465942383,89300
2011-04-01,20.440000534057617,20.770000457763672,20.1299991607666,20.459999084472656,20.459999084472656,503800
2011-04-04,20.510000228881836,20.690000534057617,20.110000610351562,20.420000076293945,20.420000076293945,266700
2011-04-05,20.25,20.489999771118164,19.59000015258789,20.06999969482422,20.06999969482422,571600
2011-04-06,20.1200008392334,20.5,20.0,20.209999084472656,20.209999084472656,233400
2011-04-07,20.239999771118164,20.399999618530273,19.799999237060547,20.139999389648438,20.139999389648438,486200
2011-04-08,20.049999237060547,20.489999771118164,19.93000030517578,20.18000030517578,20.18000030517578,560900
2011-04-11,20.25,20.25,19.829999923706055,19.90999984741211,19.90999984741211,178800
2011-04-12,19.860000610351562,19.920000076293945,19.6299991607666,19.770000457763672,19.770000457763672,479700
2011-04-13,21.5,21.5,19.790000915527344,19.920000076293945,19.920000076293945,185800
2011-04-14,19.780000686645508,20.0,19.530000686645508,19.729999542236328,19.729999542236328,173500
2011-04-15,19.68000030517578,19.68000030517578,19.149999618530273,19.239999771118164,19.239999771118164,222400
2011-04-18,19.100000381469727,19.200000762939453,18.31999969482422,18.530000686645508,18.530000686645508,199700
2011-04-19,18.579999923706055,18.8700008392334,18.299999237060547,18.639999389648438,18.639999389648438,468800
2011-04-20,18.850000381469727,19.0,18.709999084472656,18.959999084472656,18.959999084472656,179800
2011-04-21,19.110000610351562,19.190000534057617,18.959999084472656,19.139999389648438,19.139999389648438,166500
2011-04-25,19.010000228881836,19.5,18.649999618530273,19.469999313354492,19.469999313354492,147800
2011-04-26,19.489999771118164,19.799999237060547,19.399999618530273,19.6200008392334,19.6200008392334,284300
2011-04-27,19.649999618530273,20.040000915527344,19.649999618530273,19.920000076293945,19.920000076293945,293400
2011-04-28,19.899999618530273,20.209999084472656,19.899999618530273,20.1200008392334,20.1200008392334,331500
2011-04-29,21.309999465942383,22.1299991607666,20.450000762939453,21.860000610351562,21.860000610351562,1027200
2011-05-02,22.139999389648438,22.139999389648438,20.25,21.3799991607666,21.3799991607666,1008300
2011-05-03,21.34000015258789,21.40999984741211,20.889999389648438,21.31999969482422,21.31999969482422,505100
2011-05-04,20.920000076293945,20.920000076293945,20.6200008392334,20.790000915527344,20.790000915527344,473000
2011-05-05,20.579999923706055,20.959999084472656,20.459999084472656,20.68000030517578,20.68000030517578,277200
2011-05-06,21.0,22.0,20.899999618530273,21.829999923706055,21.829999923706055,1009200
2011-05-09,21.899999618530273,22.479999542236328,21.690000534057617,22.360000610351562,22.360000610351562,674800
2011-05-10,22.40999984741211,22.43000030517578,21.860000610351562,22.049999237060547,22.049999237060547,427600
2011-05-11,21.940000534057617,21.940000534057617,21.229999542236328,21.399999618530273,21.399999618530273,435200
2011-05-12,21.43000030517578,22.780000686645508,21.219999313354492,22.610000610351562,22.610000610351562,1046000
2011-05-13,22.299999237060547,22.530000686645508,21.860000610351562,22.100000381469727,22.100000381469727,574500
2011-05-16,22.219999313354492,22.270000457763672,21.670000076293945,21.989999771118164,21.989999771118164,483600
2011-05-17,22.030000686645508,22.030000686645508,21.399999618530273,21.90999984741211,21.90999984741211,468300
2011-05-18,22.290000915527344,22.969999313354492,22.0,22.780000686645508,22.780000686645508,545600
2011-05-19,22.969999313354492,22.969999313354492,22.030000686645508,22.110000610351562,22.110000610351562,409300
2011-05-20,22.0,22.139999389648438,21.5,21.540000915527344,21.540000915527344,506500
2011-05-23,21.3799991607666,21.3799991607666,20.709999084472656,21.0,21.0,337600
2011-05-24,21.030000686645508,21.200000762939453,20.690000534057617,21.1200008392334,21.1200008392334,371600
2011-05-25,21.09000015258789,21.709999084472656,21.010000228881836,21.219999313354492,21.219999313354492,397000
2011-05-26,21.170000076293945,21.299999237060547,20.809999465942383,21.219999313354492,21.219999313354492,251000
2011-05-27,21.270000457763672,21.899999618530273,21.15999984741211,21.780000686645508,21.780000686645508,196600
2011-05-31,21.979999542236328,21.989999771118164,21.0,21.56999969482422,21.56999969482422,564200
2011-06-01,21.530000686645508,21.530000686645508,20.399999618530273,20.440000534057617,20.440000534057617,453100
2011-06-02,20.510000228881836,20.780000686645508,20.260000228881836,20.59000015258789,20.59000015258789,187900
2011-06-03,20.290000915527344,20.809999465942383,20.260000228881836,20.639999389648438,20.639999389648438,232400
2011-06-06,20.719999313354492,20.719999313354492,19.790000915527344,20.0,20.0,425700
2011-06-07,20.110000610351562,20.149999618530273,19.6200008392334,19.770000457763672,19.770000457763672,402400
2011-06-08,19.670000076293945,19.84000015258789,19.40999984741211,19.6299991607666,19.6299991607666,458700
2011-06-09,19.780000686645508,20.389999389648438,19.420000076293945,20.270000457763672,20.270000457763672,359200
2011-06-10,20.200000762939453,20.299999237060547,19.600000381469727,20.020000457763672,20.020000457763672,306700
2011-06-13,20.239999771118164,20.790000915527344,20.079999923706055,20.09000015258789,20.09000015258789,310400
2011-06-14,20.309999465942383,20.6200008392334,20.049999237060547,20.600000381469727,20.600000381469727,294200
2011-06-15,20.260000228881836,20.760000228881836,20.260000228881836,20.5,20.5,402800
2011-06-16,20.360000610351562,20.440000534057617,18.850000381469727,19.43000030517578,19.43000030517578,964000
2011-06-17,19.6200008392334,19.639999389648438,18.329999923706055,18.989999771118164,18.989999771118164,655200
2011-06-20,18.90999984741211,19.549999237060547,18.860000610351562,19.399999618530273,19.399999618530273,219000
2011-06-21,19.540000915527344,20.950000762939453,19.510000228881836,20.709999084472656,20.709999084472656,534900
2011-06-22,20.6200008392334,20.959999084472656,20.6200008392334,20.709999084472656,20.709999084472656,254900
2011-06-23,20.3799991607666,20.56999969482422,19.700000762939453,20.510000228881836,20.510000228881836,481000
2011-06-24,20.559999465942383,21.020000457763672,20.190000534057617,20.68000030517578,20.68000030517578,2879600
2011-06-27,20.579999923706055,21.18000030517578,20.219999313354492,21.100000381469727,21.100000381469727,268500
2011-06-28,21.149999618530273,21.850000381469727,20.959999084472656,21.770000457763672,21.770000457763672,273100
2011-06-29,21.770000457763672,21.989999771118164,21.610000610351562,21.729999542236328,21.729999542236328,190900
2011-06-30,21.649999618530273,21.8700008392334,20.610000610351562,20.81999969482422,20.81999969482422,554300
2011-07-01,20.950000762939453,21.520000457763672,20.43000030517578,21.459999084472656,21.459999084472656,411700
2011-07-05,21.549999237060547,21.719999313354492,21.280000686645508,21.56999969482422,21.56999969482422,281900
2011-07-06,21.540000915527344,21.93000030517578,21.360000610351562,21.889999389648438,21.889999389648438,242700
2011-07-07,22.049999237060547,22.09000015258789,21.520000457763672,21.829999923706055,21.829999923706055,377300
2011-07-08,21.56999969482422,21.780000686645508,21.260000228881836,21.709999084472656,21.709999084472656,249800
2011-07-11,21.420000076293945,21.459999084472656,20.719999313354492,20.799999237060547,20.799999237060547,212900
2011-07-12,20.68000030517578,21.059999465942383,20.469999313354492,20.56999969482422,20.56999969482422,270400
2011-07-13,21.020000457763672,22.110000610351562,20.719999313354492,21.31999969482422,21.31999969482422,345300
2011-07-14,21.389999389648438,21.389999389648438,20.350000381469727,20.969999313354492,20.969999313354492,403600
2011-07-15,21.010000228881836,21.420000076293945,20.739999771118164,20.979999542236328,20.979999542236328,320900
2011-07-18,20.829999923706055,21.149999618530273,20.0,20.75,20.75,387700
2011-07-19,20.860000610351562,21.709999084472656,20.770000457763672,21.670000076293945,21.670000076293945,284500
2011-07-20,21.610000610351562,21.770000457763672,21.110000610351562,21.729999542236328,21.729999542236328,310900
2011-07-21,21.700000762939453,22.079999923706055,21.5,22.020000457763672,22.020000457763672,654400
2011-07-22,22.0,22.469999313354492,20.020000457763672,20.299999237060547,20.299999237060547,1170000
2011-07-25,20.100000381469727,20.549999237060547,19.780000686645508,19.81999969482422,19.81999969482422,351400
2011-07-26,19.760000228881836,19.940000534057617,19.1299991607666,19.530000686645508,19.530000686645508,317600
2011-07-27,19.25,19.25,18.079999923706055,18.25,18.25,565200
2011-07-28,18.3700008392334,18.440000534057617,17.299999237060547,18.280000686645508,18.280000686645508,557600
2011-07-29,18.149999618530273,18.510000228881836,17.790000915527344,18.34000015258789,18.34000015258789,540700
2011-08-01,18.6299991607666,18.799999237060547,17.68000030517578,17.899999618530273,17.899999618530273,421800
2011-08-02,17.700000762939453,18.079999923706055,16.950000762939453,17.020000457763672,17.020000457763672,491000
2011-08-03,16.989999771118164,17.31999969482422,16.6200008392334,17.06999969482422,17.06999969482422,459800
2011-08-04,16.780000686645508,16.84000015258789,14.850000381469727,14.9399995803833,14.9399995803833,812100
2011-08-05,15.170000076293945,15.6899995803833,14.390000343322754,14.970000267028809,14.970000267028809,613400
2011-08-08,14.529999732971191,14.859999656677246,13.550000190734863,13.630000114440918,13.630000114440918,626300
2011-08-09,14.010000228881836,14.510000228881836,13.170000076293945,14.25,14.25,730200
2011-08-10,13.779999732971191,14.800000190734863,13.670000076293945,14.239999771118164,14.239999771118164,639600
2011-08-11,14.489999771118164,15.930000305175781,14.489999771118164,15.640000343322754,15.640000343322754,603600
2011-08-12,15.8100004196167,16.290000915527344,15.779999732971191,15.899999618530273,15.899999618530273,528600
2011-08-15,15.979999542236328,16.209999084472656,15.880000114440918,16.139999389648438,16.139999389648438,280600
2011-08-16,15.880000114440918,15.930000305175781,15.399999618530273,15.529999732971191,15.529999732971191,268400
2011-08-17,15.630000114440918,15.779999732971191,15.270000457763672,15.5,15.5,319000
2011-08-18,14.880000114440918,14.989999771118164,13.279999732971191,13.649999618530273,13.649999618530273,727400
2011-08-19,13.369999885559082,13.90999984741211,12.8100004196167,12.920000076293945,12.920000076293945,501900
2011-08-22,13.109999656677246,13.470000267028809,12.9399995803833,12.989999771118164,12.989999771118164,628200
2011-08-23,13.079999923706055,13.3100004196167,12.930000305175781,13.149999618530273,13.149999618530273,563700
2011-08-24,13.149999618530273,14.020000457763672,13.050000190734863,14.0,14.0,452500
2011-08-25,14.170000076293945,14.1899995803833,13.050000190734863,13.1899995803833,13.1899995803833,308100
2011-08-26,13.119999885559082,13.479999542236328,12.729999542236328,13.449999809265137,13.449999809265137,537700
2011-08-29,13.670000076293945,14.390000343322754,13.670000076293945,14.359999656677246,14.359999656677246,396800
2011-08-30,14.279999732971191,15.119999885559082,14.25,14.850000381469727,14.850000381469727,1138200
2011-08-31,14.960000038146973,14.979999542236328,14.4399995803833,14.779999732971191,14.779999732971191,356600
2011-09-01,14.850000381469727,14.899999618530273,13.899999618530273,14.0,14.0,236700
2011-09-02,13.699999809265137,13.699999809265137,12.760000228881836,12.890000343322754,12.890000343322754,492500
2011-09-06,12.5,12.609999656677246,11.319999694824219,12.399999618530273,12.399999618530273,589500
2011-09-07,12.65999984741211,12.890000343322754,12.260000228881836,12.869999885559082,12.869999885559082,518500
2011-09-08,12.699999809265137,13.050000190734863,12.079999923706055,12.09000015258789,12.09000015258789,350700
2011-09-09,11.970000267028809,12.15999984741211,11.609999656677246,11.949999809265137,11.949999809265137,524200
2011-09-12,11.739999771118164,12.260000228881836,11.380000114440918,11.720000267028809,11.720000267028809,339400
2011-09-13,11.800000190734863,12.239999771118164,11.640000343322754,12.15999984741211,12.15999984741211,373000
2011-09-14,12.289999961853027,12.619999885559082,11.90999984741211,12.390000343322754,12.390000343322754,333700
2011-09-15,12.539999961853027,12.760000228881836,12.3100004196167,12.479999542236328,12.479999542236328,199000
2011-09-16,12.449999809265137,12.470000267028809,11.84000015258789,11.960000038146973,11.960000038146973,369400
2011-09-19,11.699999809265137,11.75,11.119999885559082,11.550000190734863,11.550000190734863,421600
2011-09-20,11.619999885559082,11.640000343322754,10.9399995803833,10.949999809265137,10.949999809265137,540700
2011-09-21,11.020000457763672,11.40999984741211,10.800000190734863,10.819999694824219,10.819999694824219,350200
2011-09-22,10.399999618530273,10.579999923706055,9.729999542236328,9.989999771118164,9.989999771118164,271500
2011-09-23,9.989999771118164,10.579999923706055,9.9399995803833,10.470000267028809,10.470000267028809,244000
2011-09-26,10.539999961853027,10.630000114440918,9.859999656677246,10.260000228881836,10.260000228881836,200700
2011-09-27,9.539999961853027,9.65999984741211,8.619999885559082,8.75,8.75,1247800
2011-09-28,8.399999618530273,8.460000038146973,8.069999694824219,8.15999984741211,8.15999984741211,1151000
2011-09-29,8.3100004196167,8.430000305175781,7.860000133514404,8.149999618530273,8.149999618530273,852400
2011-09-30,8.039999961853027,8.09000015258789,7.760000228881836,7.800000190734863,7.800000190734863,319000
2011-10-03,7.71999979019165,7.739999771118164,7.139999866485596,7.199999809265137,7.199999809265137,476700
2011-10-04,7.039999961853027,7.820000171661377,6.829999923706055,7.78000020980835,7.78000020980835,599000
2011-10-05,7.730000019073486,8.550000190734863,7.650000095367432,8.350000381469727,8.350000381469727,413600
2011-10-06,8.350000381469727,8.539999961853027,8.130000114440918,8.319999694824219,8.319999694824219,528300
2011-10-07,8.399999618530273,8.569999694824219,8.130000114440918,8.380000114440918,8.380000114440918,412400
2011-10-10,8.550000190734863,9.1899995803833,8.470000267028809,9.170000076293945,9.170000076293945,391100
2011-10-11,9.0600004196167,9.170000076293945,8.760000228881836,8.84000015258789,8.84000015258789,185300
2011-10-12,8.890000343322754,9.069999694824219,8.789999961853027,8.960000038146973,8.960000038146973,273400
2011-10-13,8.920000076293945,9.069999694824219,8.710000038146973,8.859999656677246,8.859999656677246,198100
2011-10-14,8.9399995803833,9.09000015258789,8.869999885559082,9.050000190734863,9.050000190734863,291200
2011-10-17,8.960000038146973,9.0,8.40999984741211,8.460000038146973,8.460000038146973,212400
2011-10-18,8.529999732971191,9.130000114440918,8.140000343322754,8.970000267028809,8.970000267028809,277500
2011-10-19,8.9399995803833,9.0,8.670000076293945,8.729999542236328,8.729999542236328,259800
2011-10-20,8.739999771118164,8.739999771118164,8.020000457763672,8.399999618530273,8.399999618530273,303100
2011-10-21,7.900000095367432,7.900000095367432,6.389999866485596,6.820000171661377,6.820000171661377,2285400
2011-10-24,6.800000190734863,7.139999866485596,6.800000190734863,7.050000190734863,7.050000190734863,860100
2011-10-25,7.0,7.0,6.639999866485596,6.650000095367432,6.650000095367432,419300
2011-10-26,6.78000020980835,6.889999866485596,6.510000228881836,6.809999942779541,6.809999942779541,454000
2011-10-27,7.099999904632568,8.4399995803833,6.989999771118164,8.319999694824219,8.319999694824219,1547800
2011-10-28,8.100000381469727,9.569999694824219,8.100000381469727,9.010000228881836,9.010000228881836,985500
2011-10-31,8.84000015258789,9.130000114440918,8.539999961853027,8.710000038146973,8.710000038146973,487500
2011-11-01,8.59000015258789,9.149999618530273,8.4399995803833,8.920000076293945,8.920000076293945,766600
2011-11-02,9.149999618530273,9.470000267028809,8.989999771118164,9.300000190734863,9.300000190734863,759400
2011-11-03,9.470000267028809,9.510000228881836,9.069999694824219,9.369999885559082,9.369999885559082,504100
2011-11-04,9.25,9.760000228881836,9.100000381469727,9.380000114440918,9.380000114440918,933200
2011-11-07,9.390000343322754,9.40999984741211,9.0600004196167,9.289999961853027,9.289999961853027,340900
2011-11-08,9.40999984741211,9.880000114440918,9.279999732971191,9.770000457763672,9.770000457763672,344100
2011-11-09,9.470000267028809,9.470000267028809,8.680000305175781,8.75,8.75,340000
2011-11-10,8.930000305175781,9.140000343322754,8.770000457763672,8.890000343322754,8.890000343322754,262700
2011-11-11,8.970000267028809,9.210000038146973,8.970000267028809,9.140000343322754,9.140000343322754,205600
2011-11-14,9.069999694824219,9.199999809265137,8.699999809265137,8.8100004196167,8.8100004196167,185700
2011-11-15,8.760000228881836,9.100000381469727,8.579999923706055,9.029999732971191,9.029999732971191,162900
2011-11-16,8.920000076293945,9.5,8.880000114440918,9.1899995803833,9.1899995803833,539600
2011-11-17,9.149999618530273,9.289999961853027,8.850000381469727,8.9399995803833,8.9399995803833,754000
2011-11-18,8.9399995803833,9.010000228881836,8.380000114440918,8.40999984741211,8.40999984741211,227200
2011-11-21,8.220000267028809,8.220000267028809,7.769999980926514,8.119999885559082,8.119999885559082,367100
2011-11-22,8.069999694824219,8.199999809265137,7.909999847412109,7.980000019073486,7.980000019073486,336600
2011-11-23,8.140000343322754,8.140000343322754,7.510000228881836,7.510000228881836,7.510000228881836,332500
2011-11-25,7.489999771118164,7.570000171661377,7.159999847412109,7.179999828338623,7.179999828338623,96700
2011-11-28,7.429999828338623,7.550000190734863,7.179999828338623,7.489999771118164,7.489999771118164,468700
2011-11-29,7.510000228881836,8.09000015258789,7.449999809265137,7.920000076293945,7.920000076293945,747100
2011-11-30,8.5,9.170000076293945,8.180000305175781,9.020000457763672,9.020000457763672,765900
2011-12-01,8.949999809265137,9.0,8.25,8.300000190734863,8.300000190734863,438200
2011-12-02,8.399999618530273,8.4399995803833,7.880000114440918,7.900000095367432,7.900000095367432,267900
2011-12-05,8.109999656677246,8.319999694824219,7.840000152587891,7.909999847412109,7.909999847412109,607000
2011-12-06,7.909999847412109,7.960000038146973,7.349999904632568,7.590000152587891,7.590000152587891,391400
2011-12-07,7.519999980926514,7.519999980926514,7.059999942779541,7.210000038146973,7.210000038146973,344100
2011-12-08,7.159999847412109,7.230000019073486,6.599999904632568,6.710000038146973,6.710000038146973,558600
2011-12-09,6.760000228881836,7.03000020980835,6.570000171661377,6.900000095367432,6.900000095367432,424200
2011-12-12,6.800000190734863,6.989999771118164,6.800000190734863,6.940000057220459,6.940000057220459,257500
2011-12-13,7.03000020980835,7.050000190734863,6.5,6.519999980926514,6.519999980926514,260800
2011-12-14,6.480000019073486,6.519999980926514,6.28000020980835,6.289999961853027,6.289999961853027,233300
2011-12-15,6.389999866485596,6.53000020980835,6.369999885559082,6.420000076293945,6.420000076293945,267300
2011-12-16,6.460000038146973,6.5,6.230000019073486,6.260000228881836,6.260000228881836,286700
2011-12-19,5.96999979019165,5.96999979019165,5.599999904632568,5.619999885559082,5.619999885559082,333000
2011-12-20,5.840000152587891,6.150000095367432,5.75,6.070000171661377,6.070000171661377,282100
2011-12-21,6.019999980926514,6.019999980926514,5.690000057220459,5.909999847412109,5.909999847412109,199200
2011-12-22,5.960000038146973,6.170000076293945,5.909999847412109,6.170000076293945,6.170000076293945,127500
2011-12-23,6.170000076293945,6.349999904632568,6.059999942779541,6.289999961853027,6.289999961853027,149000
2011-12-27,6.28000020980835,6.320000171661377,6.139999866485596,6.25,6.25,152400
2011-12-28,6.25,6.260000228881836,5.730000019073486,5.730000019073486,5.730000019073486,309800
2011-12-29,5.800000190734863,6.059999942779541,5.760000228881836,5.989999771118164,5.989999771118164,271000
2011-12-30,5.929999828338623,6.539999961853027,5.929999828338623,6.46999979019165,6.46999979019165,462000
2012-01-03,6.650000095367432,6.869999885559082,6.340000152587891,6.389999866485596,6.389999866485596,349600
2012-01-04,6.239999771118164,6.409999847412109,6.110000133514404,6.289999961853027,6.289999961853027,317500
2012-01-05,6.25,6.519999980926514,6.079999923706055,6.510000228881836,6.510000228881836,327500
2012-01-06,6.510000228881836,7.070000171661377,6.489999771118164,6.980000019073486,6.980000019073486,698700
2012-01-09,7.0,7.130000114440918,6.949999809265137,7.039999961853027,7.039999961853027,1315900
2012-01-10,7.159999847412109,7.210000038146973,6.949999809265137,7.050000190734863,7.050000190734863,256400
2012-01-11,7.03000020980835,7.349999904632568,6.900000095367432,7.239999771118164,7.239999771118164,150800
2012-01-12,7.239999771118164,7.340000152587891,6.949999809265137,7.309999942779541,7.309999942779541,156600
2012-01-13,7.110000133514404,7.190000057220459,6.869999885559082,6.989999771118164,6.989999771118164,140300
2012-01-17,7.090000152587891,7.179999828338623,6.670000076293945,6.699999809265137,6.699999809265137,246000
2012-01-18,6.739999771118164,7.550000190734863,6.610000133514404,7.510000228881836,7.510000228881836,326300
2012-01-19,7.579999923706055,7.96999979019165,7.480000019073486,7.75,7.75,472100
2012-01-20,7.769999980926514,8.239999771118164,7.670000076293945,8.010000228881836,8.010000228881836,786500
2012-01-23,8.010000228881836,8.449999809265137,7.929999828338623,8.420000076293945,8.420000076293945,653500
2012-01-24,8.369999885559082,8.529999732971191,8.1899995803833,8.5,8.5,222700
2012-01-25,8.5,8.649999618530273,8.239999771118164,8.319999694824219,8.319999694824219,388700
2012-01-26,8.34000015258789,8.579999923706055,8.270000457763672,8.460000038146973,8.460000038146973,252500
2012-01-27,8.390000343322754,8.390000343322754,8.079999923706055,8.149999618530273,8.149999618530273,198500
2012-01-30,8.029999732971191,8.1899995803833,7.929999828338623,8.079999923706055,8.079999923706055,121000
2012-01-31,8.149999618530273,8.170000076293945,7.53000020980835,7.570000171661377,7.570000171661377,277200
2012-02-01,7.670000076293945,8.119999885559082,7.559999942779541,7.96999979019165,7.96999979019165,424900
2012-02-02,8.020000457763672,8.140000343322754,7.78000020980835,8.069999694824219,8.069999694824219,288600
2012-02-03,8.239999771118164,8.9399995803833,8.239999771118164,8.850000381469727,8.850000381469727,348600
2012-02-06,8.770000457763672,8.770000457763672,8.239999771118164,8.380000114440918,8.380000114440918,399600
2012-02-07,8.5600004196167,8.930000305175781,8.449999809265137,8.59000015258789,8.59000015258789,423300
2012-02-08,9.59000015258789,11.75,9.5,10.90999984741211,10.90999984741211,3156800
2012-02-09,10.619999885559082,12.210000038146973,10.569999694824219,11.979999542236328,11.979999542236328,1736100
2012-02-10,11.859999656677246,12.149999618530273,11.399999618530273,11.829999923706055,11.829999923706055,828200
2012-02-13,12.039999961853027,12.15999984741211,11.609999656677246,11.65999984741211,11.65999984741211,732800
2012-02-14,11.630000114440918,11.770000457763672,11.430000305175781,11.75,11.75,356100
2012-02-15,11.800000190734863,11.899999618530273,11.5,11.720000267028809,11.720000267028809,255600
2012-02-16,11.720000267028809,11.899999618530273,11.529999732971191,11.789999961853027,11.789999961853027,235100
2012-02-17,11.829999923706055,11.850000381469727,11.529999732971191,11.569999694824219,11.569999694824219,242400
2012-02-21,11.600000381469727,11.619999885559082,10.699999809265137,10.789999961853027,10.789999961853027,353200
2012-02-22,10.75,10.789999961853027,10.220000267028809,10.289999961853027,10.289999961853027,438800
2012-02-23,10.390000343322754,10.75,10.0,10.710000038146973,10.710000038146973,328700
2012-02-24,10.770000457763672,10.800000190734863,10.100000381469727,10.1899995803833,10.1899995803833,258100
2012-02-27,10.039999961853027,10.180000305175781,9.6899995803833,10.050000190734863,10.050000190734863,810000
2012-02-28,9.970000267028809,10.140000343322754,9.699999809265137,9.720000267028809,9.720000267028809,556700
2012-02-29,9.729999542236328,9.920000076293945,9.039999961853027,9.039999961853027,9.039999961853027,598200
2012-03-01,8.979999542236328,9.600000381469727,8.800000190734863,9.510000228881836,9.510000228881836,753700
2012-03-02,9.489999771118164,9.800000190734863,9.449999809265137,9.579999923706055,9.579999923706055,633400
2012-03-05,9.510000228881836,9.579999923706055,9.09000015258789,9.550000190734863,9.550000190734863,575500
2012-03-06,9.350000381469727,9.399999618530273,9.069999694824219,9.149999618530273,9.149999618530273,633500
2012-03-07,9.239999771118164,9.279999732971191,8.920000076293945,8.9399995803833,8.9399995803833,358500
2012-03-08,9.050000190734863,9.260000228881836,8.729999542236328,9.079999923706055,9.079999923706055,315600
2012-03-09,9.079999923706055,9.630000114440918,8.970000267028809,9.479999542236328,9.479999542236328,279500
2012-03-12,9.449999809265137,9.800000190734863,9.0600004196167,9.149999618530273,9.149999618530273,315900
2012-03-13,9.260000228881836,9.430000305175781,9.010000228881836,9.289999961853027,9.289999961853027,382300
2012-03-14,9.25,9.430000305175781,9.119999885559082,9.170000076293945,9.170000076293945,298900
2012-03-15,9.15999984741211,9.5,9.0,9.130000114440918,9.130000114440918,473700
2012-03-16,9.170000076293945,9.170000076293945,8.699999809265137,8.90999984741211,8.90999984741211,619200
2012-03-19,8.859999656677246,9.180000305175781,8.800000190734863,9.0,9.0,309700
2012-03-20,8.869999885559082,8.949999809265137,8.760000228881836,8.819999694824219,8.819999694824219,241300
2012-03-21,8.869999885559082,8.9399995803833,8.65999984741211,8.729999542236328,8.729999542236328,260000
2012-03-22,8.59000015258789,8.649999618530273,8.399999618530273,8.5,8.5,376000
2012-03-23,8.5,8.59000015258789,8.350000381469727,8.520000457763672,8.520000457763672,264800
2012-03-26,8.65999984741211,9.170000076293945,8.5600004196167,9.100000381469727,9.100000381469727,233300
2012-03-27,9.140000343322754,9.279999732971191,9.09000015258789,9.25,9.25,236100
2012-03-28,9.239999771118164,9.3100004196167,8.760000228881836,8.789999961853027,8.789999961853027,240200
2012-03-29,8.710000038146973,8.729999542236328,8.390000343322754,8.579999923706055,8.579999923706055,209200
2012-03-30,8.670000076293945,8.670000076293945,8.399999618530273,8.529999732971191,8.529999732971191,273700
2012-04-02,8.5,8.649999618530273,8.260000228881836,8.640000343322754,8.640000343322754,317800
2012-04-03,8.609999656677246,8.869999885559082,8.359999656677246,8.399999618530273,8.399999618530273,361500
2012-04-04,8.399999618530273,8.399999618530273,7.75,7.789999961853027,7.789999961853027,412800
2012-04-05,7.730000019073486,8.069999694824219,7.699999809265137,7.769999980926514,7.769999980926514,739100
2012-04-09,7.599999904632568,7.630000114440918,7.340000152587891,7.369999885559082,7.369999885559082,228000
2012-04-10,7.889999866485596,8.109999656677246,7.190000057220459,7.21999979019165,7.21999979019165,469000
2012-04-11,7.329999923706055,8.210000038146973,7.329999923706055,7.949999809265137,7.949999809265137,911000
2012-04-12,7.929999828338623,8.069999694824219,7.789999961853027,7.840000152587891,7.840000152587891,517400
2012-04-13,7.769999980926514,7.800000190734863,7.389999866485596,7.5,7.5,370900
2012-04-16,7.579999923706055,7.610000133514404,7.25,7.570000171661377,7.570000171661377,288300
2012-04-17,7.679999828338623,7.920000076293945,7.670000076293945,7.699999809265137,7.699999809265137,491900
2012-04-18,7.570000171661377,7.610000133514404,7.269999980926514,7.329999923706055,7.329999923706055,380800
2012-04-19,7.329999923706055,7.510000228881836,7.070000171661377,7.139999866485596,7.139999866485596,327100
2012-04-20,7.25,7.260000228881836,6.869999885559082,6.900000095367432,6.900000095367432,410200
2012-04-23,6.71999979019165,7.28000020980835,6.650000095367432,7.070000171661377,7.070000171661377,1046600
2012-04-24,7.130000114440918,7.170000076293945,6.849999904632568,6.949999809265137,6.949999809265137,230900
2012-04-25,7.309999942779541,8.3100004196167,7.309999942779541,7.849999904632568,7.849999904632568,915000
2012-04-26,7.809999942779541,7.949999809265137,7.590000152587891,7.639999866485596,7.639999866485596,383100
2012-04-27,7.75,8.119999885559082,7.75,8.050000190734863,8.050000190734863,625700
2012-04-30,8.050000190734863,8.0600004196167,7.639999866485596,7.960000038146973,7.960000038146973,578800
2012-05-01,7.920000076293945,8.09000015258789,7.519999980926514,7.599999904632568,7.599999904632568,800500
2012-05-02,7.650000095367432,9.34000015258789,7.650000095367432,8.920000076293945,8.920000076293945,2284300
2012-05-03,8.920000076293945,9.25,8.350000381469727,8.510000228881836,8.510000228881836,713100
2012-05-04,8.369999885559082,9.479999542236328,8.270000457763672,9.319999694824219,9.319999694824219,1310000
2012-05-07,9.239999771118164,9.3100004196167,8.40999984741211,8.5,8.5,887500
2012-05-08,8.470000267028809,8.970000267028809,8.289999961853027,8.9399995803833,8.9399995803833,478200
2012-05-09,8.770000457763672,8.970000267028809,8.420000076293945,8.829999923706055,8.829999923706055,702500
2012-05-10,9.010000228881836,9.010000228881836,8.359999656677246,8.510000228881836,8.510000228881836,712000
2012-05-11,8.390000343322754,8.550000190734863,8.039999961853027,8.100000381469727,8.100000381469727,663600
2012-05-14,8.0,8.300000190734863,7.869999885559082,8.140000343322754,8.140000343322754,451200
2012-05-15,8.119999885559082,8.300000190734863,7.900000095367432,7.940000057220459,7.940000057220459,690800
2012-05-16,8.0,8.449999809265137,7.690000057220459,7.71999979019165,7.71999979019165,670200
2012-05-17,7.820000171661377,7.820000171661377,7.260000228881836,7.460000038146973,7.460000038146973,848700
2012-05-18,7.460000038146973,7.460000038146973,7.010000228881836,7.050000190734863,7.050000190734863,811000
2012-05-21,7.099999904632568,7.539999961853027,6.929999828338623,7.53000020980835,7.53000020980835,469500
2012-05-22,7.5,7.929999828338623,7.25,7.320000171661377,7.320000171661377,589600
2012-05-23,7.199999809265137,7.760000228881836,7.019999980926514,7.679999828338623,7.679999828338623,479000
2012-05-24,7.75,7.860000133514404,7.639999866485596,7.860000133514404,7.860000133514404,594800
2012-05-25,7.829999923706055,7.900000095367432,7.599999904632568,7.800000190734863,7.800000190734863,484300
2012-05-29,7.929999828338623,8.390000343322754,7.849999904632568,8.199999809265137,8.199999809265137,636800
2012-05-30,7.989999771118164,8.109999656677246,7.789999961853027,8.09000015258789,8.09000015258789,1078800
2012-05-31,8.130000114440918,8.130000114440918,7.610000133514404,8.029999732971191,8.029999732971191,1018800
2012-06-01,7.78000020980835,7.78000020980835,7.210000038146973,7.400000095367432,7.400000095367432,686500
2012-06-04,7.389999866485596,7.539999961853027,7.25,7.539999961853027,7.539999961853027,504900
2012-06-05,7.429999828338623,8.029999732971191,7.409999847412109,7.860000133514404,7.860000133514404,681200
2012-06-06,7.980000019073486,8.100000381469727,7.840000152587891,7.940000057220459,7.940000057220459,372100
2012-06-07,8.100000381469727,8.380000114440918,7.949999809265137,8.149999618530273,8.149999618530273,667400
2012-06-08,8.109999656677246,8.109999656677246,7.619999885559082,7.659999847412109,7.659999847412109,510100
2012-06-11,7.809999942779541,8.0,7.639999866485596,7.650000095367432,7.650000095367432,594000
2012-06-12,7.71999979019165,7.739999771118164,7.409999847412109,7.71999979019165,7.71999979019165,411200
2012-06-13,7.679999828338623,7.769999980926514,7.25,7.440000057220459,7.440000057220459,886500
2012-06-14,7.5,7.75,7.440000057220459,7.639999866485596,7.639999866485596,631500
2012-06-15,7.659999847412109,8.199999809265137,7.650000095367432,8.140000343322754,8.140000343322754,730100
2012-06-18,8.0,8.109999656677246,7.699999809265137,7.989999771118164,7.989999771118164,594500
2012-06-19,8.069999694824219,8.199999809265137,7.840000152587891,7.989999771118164,7.989999771118164,559400
2012-06-20,7.96999979019165,8.069999694824219,7.829999923706055,7.960000038146973,7.960000038146973,471300
2012-06-21,7.980000019073486,8.039999961853027,7.519999980926514,7.590000152587891,7.590000152587891,423200
2012-06-22,7.630000114440918,7.889999866485596,7.460000038146973,7.889999866485596,7.889999866485596,1355700
2012-06-25,7.690000057220459,7.800000190734863,7.5,7.730000019073486,7.730000019073486,304900
2012-06-26,7.699999809265137,7.710000038146973,7.400000095367432,7.420000076293945,7.420000076293945,380000
2012-06-27,7.489999771118164,7.639999866485596,7.460000038146973,7.579999923706055,7.579999923706055,595100
2012-06-28,7.489999771118164,7.679999828338623,7.380000114440918,7.590000152587891,7.590000152587891,578100
2012-06-29,7.800000190734863,8.239999771118164,7.710000038146973,8.220000267028809,8.220000267028809,658500
2012-07-02,8.260000228881836,8.260000228881836,7.929999828338623,8.020000457763672,8.020000457763672,363100
2012-07-03,8.029999732971191,8.09000015258789,7.929999828338623,8.010000228881836,8.010000228881836,330300
2012-07-05,7.980000019073486,8.149999618530273,7.980000019073486,8.119999885559082,8.119999885559082,417500
2012-07-06,8.0,8.039999961853027,7.739999771118164,7.809999942779541,7.809999942779541,213200
2012-07-09,7.760000228881836,7.78000020980835,7.449999809265137,7.489999771118164,7.489999771118164,300900
2012-07-10,7.570000171661377,7.570000171661377,7.179999828338623,7.210000038146973,7.210000038146973,463600
2012-07-11,7.150000095367432,7.150000095367432,6.400000095367432,6.480000019073486,6.480000019073486,1482300
2012-07-12,5.0,5.230000019073486,4.75,5.070000171661377,5.070000171661377,3206300
2012-07-13,5.119999885559082,5.119999885559082,4.760000228881836,4.820000171661377,4.820000171661377,1064900
2012-07-16,4.789999961853027,4.909999847412109,4.610000133514404,4.78000020980835,4.78000020980835,723100
2012-07-17,4.78000020980835,4.849999904632568,4.550000190734863,4.599999904632568,4.599999904632568,980000
2012-07-18,4.590000152587891,4.75,4.570000171661377,4.739999771118164,4.739999771118164,587300
2012-07-19,4.739999771118164,5.489999771118164,4.730000019073486,5.449999809265137,5.449999809265137,1130000
2012-07-20,5.329999923706055,5.349999904632568,4.860000133514404,5.010000228881836,5.010000228881836,919600
2012-07-23,4.860000133514404,4.940000057220459,4.75,4.849999904632568,4.849999904632568,377200
2012-07-24,4.849999904632568,4.900000095367432,4.650000095367432,4.659999847412109,4.659999847412109,973200
2012-07-25,4.670000076293945,4.96999979019165,4.670000076293945,4.889999866485596,4.889999866485596,360900
2012-07-26,5.010000228881836,5.119999885559082,4.650000095367432,4.699999809265137,4.699999809265137,422200
2012-07-27,4.71999979019165,4.949999809265137,4.659999847412109,4.739999771118164,4.739999771118164,959700
2012-07-30,4.769999980926514,5.019999980926514,4.610000133514404,4.900000095367432,4.900000095367432,935900
2012-07-31,4.880000114440918,4.880000114440918,4.610000133514404,4.610000133514404,4.610000133514404,557700
2012-08-01,4.389999866485596,4.650000095367432,4.28000020980835,4.340000152587891,4.340000152587891,985300
2012-08-02,4.289999961853027,4.670000076293945,4.25,4.579999923706055,4.579999923706055,1320400
2012-08-03,4.699999809265137,4.699999809265137,4.309999942779541,4.440000057220459,4.440000057220459,1158600
2012-08-06,4.480000019073486,4.579999923706055,4.429999828338623,4.510000228881836,4.510000228881836,609500
2012-08-07,4.5,4.650000095367432,4.389999866485596,4.489999771118164,4.489999771118164,615800
2012-08-08,4.5,4.699999809265137,4.349999904632568,4.559999942779541,4.559999942779541,478800
2012-08-09,4.579999923706055,5.010000228881836,4.53000020980835,4.75,4.75,1042600
2012-08-10,4.710000038146973,5.0,4.630000114440918,4.96999979019165,4.96999979019165,420800
2012-08-13,4.96999979019165,5.079999923706055,4.760000228881836,4.960000038146973,4.960000038146973,527300
2012-08-14,4.989999771118164,4.989999771118164,4.710000038146973,4.739999771118164,4.739999771118164,368900
2012-08-15,4.71999979019165,4.989999771118164,4.71999979019165,4.849999904632568,4.849999904632568,454800
2012-08-16,4.860000133514404,5.309999942779541,4.849999904632568,5.309999942779541,5.309999942779541,617100
2012-08-17,5.269999980926514,5.340000152587891,5.099999904632568,5.170000076293945,5.170000076293945,361800
2012-08-20,5.119999885559082,5.349999904632568,5.03000020980835,5.269999980926514,5.269999980926514,241400
2012-08-21,5.329999923706055,5.760000228881836,5.260000228881836,5.400000095367432,5.400000095367432,540700
2012-08-22,5.409999847412109,5.440000057220459,5.230000019073486,5.289999961853027,5.289999961853027,337400
2012-08-23,5.599999904632568,6.190000057220459,5.519999980926514,5.820000171661377,5.820000171661377,1267900
2012-08-24,5.809999942779541,5.820000171661377,5.449999809265137,5.619999885559082,5.619999885559082,667700
2012-08-27,5.639999866485596,5.639999866485596,5.360000133514404,5.420000076293945,5.420000076293945,805300
2012-08-28,5.409999847412109,5.440000057220459,5.230000019073486,5.320000171661377,5.320000171661377,471500
2012-08-29,5.349999904632568,5.559999942779541,5.230000019073486,5.53000020980835,5.53000020980835,321300
2012-08-30,5.460000038146973,5.46999979019165,5.21999979019165,5.340000152587891,5.340000152587891,385800
2012-08-31,5.389999866485596,5.449999809265137,5.179999828338623,5.309999942779541,5.309999942779541,293100
2012-09-04,5.289999961853027,5.309999942779541,5.050000190734863,5.179999828338623,5.179999828338623,479600
2012-09-05,5.199999809265137,5.239999771118164,5.019999980926514,5.050000190734863,5.050000190734863,828500
2012-09-06,5.070000171661377,5.320000171661377,5.03000020980835,5.099999904632568,5.099999904632568,430500
2012-09-07,5.210000038146973,5.659999847412109,5.0,5.639999866485596,5.639999866485596,2108000
2012-09-10,5.610000133514404,5.820000171661377,5.449999809265137,5.46999979019165,5.46999979019165,499900
2012-09-11,5.71999979019165,6.0,5.71999979019165,5.860000133514404,5.860000133514404,1183700
2012-09-12,5.869999885559082,6.139999866485596,5.699999809265137,6.070000171661377,6.070000171661377,917100
2012-09-13,6.059999942779541,6.400000095367432,5.960000038146973,6.28000020980835,6.28000020980835,766000
2012-09-14,6.300000190734863,6.78000020980835,6.300000190734863,6.639999866485596,6.639999866485596,1261500
2012-09-17,6.619999885559082,6.840000152587891,6.510000228881836,6.800000190734863,6.800000190734863,611000
2012-09-18,6.710000038146973,6.710000038146973,6.28000020980835,6.579999923706055,6.579999923706055,853100
2012-09-19,6.590000152587891,6.739999771118164,6.449999809265137,6.460000038146973,6.460000038146973,420500
2012-09-20,6.389999866485596,6.5,6.25,6.329999923706055,6.329999923706055,454500
2012-09-21,6.449999809265137,6.78000020980835,6.409999847412109,6.769999980926514,6.769999980926514,900100
2012-09-24,6.699999809265137,6.840000152587891,6.590000152587891,6.71999979019165,6.71999979019165,540900
2012-09-25,6.78000020980835,6.820000171661377,6.269999980926514,6.329999923706055,6.329999923706055,500700
2012-09-26,6.360000133514404,6.369999885559082,6.099999904632568,6.28000020980835,6.28000020980835,791900
2012-09-27,6.309999942779541,6.619999885559082,6.210000038146973,6.539999961853027,6.539999961853027,361900
2012-09-28,6.369999885559082,6.460000038146973,6.139999866485596,6.400000095367432,6.400000095367432,679000
2012-10-01,6.440000057220459,6.679999828338623,6.360000133514404,6.440000057220459,6.440000057220459,547300
2012-10-02,6.400000095367432,6.449999809265137,6.230000019073486,6.340000152587891,6.340000152587891,348500
2012-10-03,6.340000152587891,6.429999828338623,6.130000114440918,6.210000038146973,6.210000038146973,347900
2012-10-04,6.230000019073486,6.260000228881836,6.0,6.050000190734863,6.050000190734863,436500
2012-10-05,6.079999923706055,6.349999904632568,6.070000171661377,6.309999942779541,6.309999942779541,291500
2012-10-08,6.260000228881836,6.400000095367432,6.119999885559082,6.349999904632568,6.349999904632568,464600
2012-10-09,6.360000133514404,6.5,6.239999771118164,6.28000020980835,6.28000020980835,370000
2012-10-10,6.269999980926514,6.320000171661377,6.03000020980835,6.070000171661377,6.070000171661377,312200
2012-10-11,6.139999866485596,6.349999904632568,6.090000152587891,6.139999866485596,6.139999866485596,191600
2012-10-12,6.150000095367432,6.239999771118164,5.869999885559082,6.010000228881836,6.010000228881836,350400
2012-10-15,6.019999980926514,6.079999923706055,5.820000171661377,5.989999771118164,5.989999771118164,264400
2012-10-16,6.0,6.039999961853027,5.889999866485596,6.039999961853027,6.039999961853027,212500
2012-10-17,6.010000228881836,6.300000190734863,5.96999979019165,6.300000190734863,6.300000190734863,219700
2012-10-18,6.300000190734863,6.400000095367432,6.110000133514404,6.110000133514404,6.110000133514404,313700
2012-10-19,6.090000152587891,6.230000019073486,5.809999942779541,5.940000057220459,5.940000057220459,322500
2012-10-22,5.929999828338623,6.079999923706055,5.860000133514404,6.039999961853027,6.039999961853027,231200
2012-10-23,5.989999771118164,6.110000133514404,5.829999923706055,6.039999961853027,6.039999961853027,285900
2012-10-24,6.079999923706055,6.079999923706055,5.849999904632568,5.900000095367432,5.900000095367432,254700
2012-10-25,5.940000057220459,6.039999961853027,5.769999980926514,5.900000095367432,5.900000095367432,300700
2012-10-26,6.019999980926514,6.989999771118164,6.019999980926514,6.849999904632568,6.849999904632568,1328400
2012-10-31,6.840000152587891,6.840000152587891,6.510000228881836,6.650000095367432,6.650000095367432,407300
2012-11-01,6.679999828338623,7.050000190734863,6.659999847412109,7.0,7.0,696200
2012-11-02,7.019999980926514,7.03000020980835,6.760000228881836,6.889999866485596,6.889999866485596,330600
2012-11-05,6.230000019073486,6.980000019073486,6.230000019073486,6.699999809265137,6.699999809265137,470000
2012-11-06,6.739999771118164,6.809999942779541,6.650000095367432,6.690000057220459,6.690000057220459,344000
2012-11-07,6.590000152587891,6.590000152587891,6.010000228881836,6.039999961853027,6.039999961853027,657400
2012-11-08,6.039999961853027,6.190000057220459,5.889999866485596,5.909999847412109,5.909999847412109,352700
2012-11-09,5.889999866485596,6.25,5.769999980926514,6.150000095367432,6.150000095367432,395700
2012-11-12,6.190000057220459,6.289999961853027,5.960000038146973,6.010000228881836,6.010000228881836,251100
2012-11-13,5.960000038146973,6.039999961853027,5.809999942779541,5.840000152587891,5.840000152587891,205900
2012-11-14,5.869999885559082,5.96999979019165,5.829999923706055,5.860000133514404,5.860000133514404,245900
2012-11-15,5.829999923706055,5.869999885559082,5.590000152587891,5.679999828338623,5.679999828338623,968700
2012-11-16,5.659999847412109,5.739999771118164,5.46999979019165,5.679999828338623,5.679999828338623,1363800
2012-11-19,5.78000020980835,6.159999847412109,5.75,6.150000095367432,6.150000095367432,288100
2012-11-20,6.210000038146973,6.650000095367432,6.210000038146973,6.539999961853027,6.539999961853027,488800
2012-11-21,6.590000152587891,6.78000020980835,6.46999979019165,6.730000019073486,6.730000019073486,331500
2012-11-23,6.739999771118164,6.980000019073486,6.739999771118164,6.980000019073486,6.980000019073486,211500
2012-11-26,6.960000038146973,7.070000171661377,6.840000152587891,6.980000019073486,6.980000019073486,228700
2012-11-27,6.949999809265137,7.050000190734863,6.880000114440918,7.010000228881836,7.010000228881836,203700
2012-11-28,6.949999809265137,7.130000114440918,6.820000171661377,7.079999923706055,7.079999923706055,306900
2012-11-29,7.110000133514404,7.440000057220459,7.090000152587891,7.400000095367432,7.400000095367432,435000
2012-11-30,7.25,7.409999847412109,7.090000152587891,7.380000114440918,7.380000114440918,404700
2012-12-03,7.329999923706055,7.360000133514404,6.909999847412109,7.0,7.0,671600
2012-12-04,6.989999771118164,7.190000057220459,6.960000038146973,7.050000190734863,7.050000190734863,327100
2012-12-05,7.099999904632568,7.150000095367432,6.920000076293945,6.989999771118164,6.989999771118164,212800
2012-12-06,7.0,7.21999979019165,6.800000190734863,7.179999828338623,7.179999828338623,266000
2012-12-07,7.230000019073486,7.260000228881836,7.070000171661377,7.170000076293945,7.170000076293945,259000
2012-12-10,7.150000095367432,7.25,7.079999923706055,7.199999809265137,7.199999809265137,206600
2012-12-11,7.260000228881836,7.360000133514404,7.210000038146973,7.349999904632568,7.349999904632568,448600
2012-12-12,7.300000190734863,7.460000038146973,7.289999961853027,7.380000114440918,7.380000114440918,471000
2012-12-13,7.369999885559082,7.400000095367432,7.03000020980835,7.190000057220459,7.190000057220459,180900
2012-12-14,7.110000133514404,7.409999847412109,7.090000152587891,7.349999904632568,7.349999904632568,239700
2012-12-17,7.369999885559082,7.429999828338623,7.21999979019165,7.380000114440918,7.380000114440918,338400
2012-12-18,7.360000133514404,7.510000228881836,7.260000228881836,7.5,7.5,402200
2012-12-19,7.519999980926514,7.760000228881836,7.440000057220459,7.659999847412109,7.659999847412109,637000
2012-12-20,7.650000095367432,7.789999961853027,7.5,7.679999828338623,7.679999828338623,459700
2012-12-21,7.53000020980835,7.590000152587891,7.190000057220459,7.369999885559082,7.369999885559082,552400
2012-12-24,7.380000114440918,7.539999961853027,7.320000171661377,7.519999980926514,7.519999980926514,130700
2012-12-26,7.510000228881836,7.800000190734863,7.420000076293945,7.449999809265137,7.449999809265137,296800
2012-12-27,7.480000019073486,7.570000171661377,7.320000171661377,7.46999979019165,7.46999979019165,210100
2012-12-28,7.400000095367432,7.559999942779541,7.380000114440918,7.460000038146973,7.460000038146973,200000
2012-12-31,7.489999771118164,7.78000020980835,7.380000114440918,7.690000057220459,7.690000057220459,332600
2013-01-02,7.820000171661377,7.949999809265137,7.670000076293945,7.880000114440918,7.880000114440918,724200
2013-01-03,7.909999847412109,8.0,7.610000133514404,7.650000095367432,7.650000095367432,321200
2013-01-04,7.710000038146973,7.829999923706055,7.550000190734863,7.619999885559082,7.619999885559082,302500
2013-01-07,7.539999961853027,7.619999885559082,7.449999809265137,7.539999961853027,7.539999961853027,299200
2013-01-08,7.550000190734863,7.699999809265137,7.429999828338623,7.559999942779541,7.559999942779541,240700
2013-01-09,7.579999923706055,7.789999961853027,7.559999942779541,7.670000076293945,7.670000076293945,498200
2013-01-10,7.710000038146973,7.739999771118164,7.400000095367432,7.409999847412109,7.409999847412109,220400
2013-01-11,7.449999809265137,7.510000228881836,7.340000152587891,7.389999866485596,7.389999866485596,252900
2013-01-14,7.380000114440918,7.539999961853027,7.309999942779541,7.400000095367432,7.400000095367432,198900
2013-01-15,7.349999904632568,7.5,7.300000190734863,7.440000057220459,7.440000057220459,264900
2013-01-16,7.420000076293945,7.510000228881836,7.340000152587891,7.46999979019165,7.46999979019165,563400
2013-01-17,7.53000020980835,7.670000076293945,7.489999771118164,7.619999885559082,7.619999885559082,503800
2013-01-18,7.610000133514404,7.699999809265137,7.519999980926514,7.590000152587891,7.590000152587891,345500
2013-01-22,7.610000133514404,7.78000020980835,7.510000228881836,7.710000038146973,7.710000038146973,219300
2013-01-23,7.690000057220459,7.800000190734863,7.630000114440918,7.699999809265137,7.699999809265137,419800
2013-01-24,7.690000057220459,7.699999809265137,7.579999923706055,7.619999885559082,7.619999885559082,367800
2013-01-25,7.690000057220459,7.880000114440918,7.690000057220459,7.800000190734863,7.800000190734863,450700
2013-01-28,7.829999923706055,8.100000381469727,7.760000228881836,8.0600004196167,8.0600004196167,1023000
2013-01-29,8.050000190734863,8.0600004196167,7.949999809265137,8.050000190734863,8.050000190734863,328300
2013-01-30,8.020000457763672,8.109999656677246,7.920000076293945,8.029999732971191,8.029999732971191,444100
2013-01-31,8.0600004196167,8.199999809265137,7.989999771118164,8.140000343322754,8.140000343322754,869700
2013-02-01,8.220000267028809,8.239999771118164,8.09000015258789,8.15999984741211,8.15999984741211,416800
2013-02-04,8.039999961853027,8.270000457763672,8.039999961853027,8.1899995803833,8.1899995803833,531400
2013-02-05,8.229999542236328,8.789999961853027,8.1899995803833,8.510000228881836,8.510000228881836,957200
2013-02-06,8.4399995803833,8.529999732971191,7.260000228881836,7.679999828338623,7.679999828338623,2392000
2013-02-07,7.690000057220459,7.960000038146973,7.659999847412109,7.75,7.75,780900
2013-02-08,7.760000228881836,8.350000381469727,7.760000228881836,8.140000343322754,8.140000343322754,1338900
2013-02-11,8.229999542236328,8.390000343322754,7.889999866485596,7.949999809265137,7.949999809265137,807900
2013-02-12,7.960000038146973,8.390000343322754,7.960000038146973,8.390000343322754,8.390000343322754,412300
2013-02-13,8.380000114440918,8.539999961853027,8.210000038146973,8.520000457763672,8.520000457763672,452100
2013-02-14,8.460000038146973,8.65999984741211,8.399999618530273,8.600000381469727,8.600000381469727,251200
2013-02-15,8.59000015258789,8.65999984741211,8.489999771118164,8.649999618530273,8.649999618530273,422500
2013-02-19,8.649999618530273,8.850000381469727,8.640000343322754,8.819999694824219,8.819999694824219,308200
2013-02-20,8.789999961853027,8.859999656677246,8.4399995803833,8.4399995803833,8.4399995803833,412100
2013-02-21,8.40999984741211,8.609999656677246,8.239999771118164,8.40999984741211,8.40999984741211,547900
2013-02-22,8.510000228881836,8.670000076293945,8.449999809265137,8.670000076293945,8.670000076293945,271700
2013-02-25,8.729999542236328,8.729999542236328,8.5,8.5,8.5,319000
2013-02-26,8.579999923706055,8.579999923706055,8.239999771118164,8.479999542236328,8.479999542236328,370600
2013-02-27,8.460000038146973,8.520000457763672,8.34000015258789,8.460000038146973,8.460000038146973,248900
2013-02-28,8.489999771118164,8.65999984741211,8.449999809265137,8.569999694824219,8.569999694824219,344600
2013-03-01,8.479999542236328,8.5,8.260000228881836,8.380000114440918,8.380000114440918,230500
2013-03-04,8.329999923706055,8.369999885559082,8.149999618530273,8.260000228881836,8.260000228881836,267100
2013-03-05,8.300000190734863,8.479999542236328,8.210000038146973,8.449999809265137,8.449999809265137,314000
2013-03-06,8.649999618530273,8.649999618530273,8.239999771118164,8.430000305175781,8.430000305175781,358200
2013-03-07,8.380000114440918,9.029999732971191,8.380000114440918,9.020000457763672,9.020000457763672,809900
2013-03-08,9.100000381469727,9.130000114440918,8.789999961853027,9.050000190734863,9.050000190734863,319900
2013-03-11,8.989999771118164,9.170000076293945,8.90999984741211,9.170000076293945,9.170000076293945,424500
2013-03-12,9.100000381469727,9.100000381469727,8.979999542236328,9.079999923706055,9.079999923706055,249900
2013-03-13,9.0600004196167,9.0600004196167,8.829999923706055,8.869999885559082,8.869999885559082,203700
2013-03-14,8.920000076293945,8.979999542236328,8.819999694824219,8.859999656677246,8.859999656677246,347700
2013-03-15,8.819999694824219,8.920000076293945,8.619999885559082,8.800000190734863,8.800000190734863,278000
2013-03-18,8.649999618530273,8.949999809265137,8.630000114440918,8.779999732971191,8.779999732971191,102900
2013-03-19,8.779999732971191,8.850000381469727,8.4399995803833,8.609999656677246,8.609999656677246,145500
2013-03-20,8.699999809265137,8.770000457763672,8.65999984741211,8.720000267028809,8.720000267028809,78600
2013-03-21,8.600000381469727,8.710000038146973,8.470000267028809,8.529999732971191,8.529999732971191,144800
2013-03-22,8.550000190734863,8.619999885559082,8.350000381469727,8.399999618530273,8.399999618530273,133100
2013-03-25,8.40999984741211,8.550000190734863,8.260000228881836,8.420000076293945,8.420000076293945,173300
2013-03-26,8.4399995803833,8.470000267028809,8.270000457763672,8.399999618530273,8.399999618530273,154800
2013-03-27,8.319999694824219,8.460000038146973,8.239999771118164,8.300000190734863,8.300000190734863,168800
2013-03-28,8.319999694824219,8.319999694824219,8.010000228881836,8.149999618530273,8.149999618530273,322500
2013-04-01,8.149999618530273,8.1899995803833,7.960000038146973,8.100000381469727,8.100000381469727,262600
2013-04-02,8.149999618530273,8.25,8.109999656677246,8.149999618530273,8.149999618530273,168800
2013-04-03,8.170000076293945,8.239999771118164,8.100000381469727,8.180000305175781,8.180000305175781,238400
2013-04-04,8.15999984741211,8.3100004196167,8.149999618530273,8.239999771118164,8.239999771118164,172500
2013-04-05,8.069999694824219,8.3100004196167,7.869999885559082,8.069999694824219,8.069999694824219,355000
2013-04-08,8.09000015258789,8.270000457763672,8.09000015258789,8.239999771118164,8.239999771118164,555800
2013-04-09,8.25,8.670000076293945,8.220000267028809,8.569999694824219,8.569999694824219,203600
2013-04-10,8.649999618530273,9.079999923706055,8.619999885559082,8.979999542236328,8.979999542236328,411800
2013-04-11,8.989999771118164,8.989999771118164,8.609999656677246,8.65999984741211,8.65999984741211,236300
2013-04-12,8.600000381469727,8.649999618530273,8.460000038146973,8.59000015258789,8.59000015258789,152300
2013-04-15,8.550000190734863,8.59000015258789,8.029999732971191,8.100000381469727,8.100000381469727,325200
2013-04-16,8.220000267028809,8.399999618530273,8.020000457763672,8.34000015258789,8.34000015258789,162100
2013-04-17,8.210000038146973,8.210000038146973,7.869999885559082,8.0,8.0,233500
2013-04-18,8.050000190734863,8.270000457763672,8.029999732971191,8.149999618530273,8.149999618530273,141000
2013-04-19,8.149999618530273,8.199999809265137,8.010000228881836,8.180000305175781,8.180000305175781,171200
2013-04-22,8.199999809265137,8.270000457763672,8.010000228881836,8.09000015258789,8.09000015258789,166600
2013-04-23,8.170000076293945,8.350000381469727,8.050000190734863,8.239999771118164,8.239999771118164,163400
2013-04-24,8.149999618530273,8.239999771118164,8.029999732971191,8.199999809265137,8.199999809265137,214400
2013-04-25,8.25,8.390000343322754,7.960000038146973,8.0,8.0,905300
2013-04-26,8.470000267028809,8.670000076293945,7.289999961853027,8.40999984741211,8.40999984741211,2296800
2013-04-29,8.239999771118164,8.789999961853027,8.029999732971191,8.130000114440918,8.130000114440918,1214100
2013-04-30,8.149999618530273,8.649999618530273,8.149999618530273,8.529999732971191,8.529999732971191,639400
2013-05-01,8.510000228881836,8.5600004196167,8.170000076293945,8.210000038146973,8.210000038146973,460800
2013-05-02,8.380000114440918,8.649999618530273,8.369999885559082,8.619999885559082,8.619999885559082,338600
2013-05-03,8.75,9.0,8.65999984741211,8.930000305175781,8.930000305175781,421200
2013-05-06,8.970000267028809,9.0,8.880000114440918,8.949999809265137,8.949999809265137,235800
2013-05-07,9.220000267028809,9.390000343322754,8.880000114440918,9.010000228881836,9.010000228881836,317400
2013-05-08,8.989999771118164,9.1899995803833,8.920000076293945,9.1899995803833,9.1899995803833,275700
2013-05-09,9.140000343322754,9.229999542236328,8.960000038146973,9.0600004196167,9.0600004196167,206800
2013-05-10,9.109999656677246,9.329999923706055,9.039999961853027,9.329999923706055,9.329999923706055,279700
2013-05-13,9.270000457763672,9.449999809265137,9.239999771118164,9.350000381469727,9.350000381469727,311400
2013-05-14,9.300000190734863,9.479999542236328,9.25,9.460000038146973,9.460000038146973,269800
2013-05-15,9.470000267028809,9.520000457763672,9.319999694824219,9.510000228881836,9.510000228881836,251300
2013-05-16,9.529999732971191,9.6899995803833,9.489999771118164,9.5600004196167,9.5600004196167,198800
2013-05-17,9.649999618530273,9.670000076293945,9.399999618530273,9.640000343322754,9.640000343322754,312800
2013-05-20,9.59000015258789,9.75,9.460000038146973,9.479999542236328,9.479999542236328,170300
2013-05-21,9.489999771118164,9.510000228881836,9.239999771118164,9.380000114440918,9.380000114440918,220800
2013-05-22,9.359999656677246,9.460000038146973,8.869999885559082,8.930000305175781,8.930000305175781,275100
2013-05-23,8.84000015258789,8.960000038146973,8.649999618530273,8.880000114440918,8.880000114440918,318200
2013-05-24,9.0,9.699999809265137,9.0,9.6899995803833,9.6899995803833,493400
2013-05-28,9.9399995803833,10.300000190734863,9.8100004196167,10.25,10.25,667000
2013-05-29,10.180000305175781,10.25,9.989999771118164,10.119999885559082,10.119999885559082,248600
2013-05-30,10.130000114440918,10.59000015258789,10.050000190734863,10.529999732971191,10.529999732971191,323100
2013-05-31,10.40999984741211,10.600000381469727,10.329999923706055,10.479999542236328,10.479999542236328,252700
2013-06-03,10.510000228881836,10.539999961853027,10.079999923706055,10.399999618530273,10.399999618530273,503900
2013-06-04,10.390000343322754,10.5,10.15999984741211,10.25,10.25,211400
2013-06-05,10.210000038146973,10.25,10.029999732971191,10.119999885559082,10.119999885559082,253700
2013-06-06,10.180000305175781,10.449999809265137,10.180000305175781,10.300000190734863,10.300000190734863,406900
2013-06-07,10.350000381469727,10.390000343322754,10.239999771118164,10.3100004196167,10.3100004196167,213000
2013-06-10,10.3100004196167,10.399999618530273,10.270000457763672,10.350000381469727,10.350000381469727,276200
2013-06-11,10.15999984741211,10.4399995803833,10.029999732971191,10.270000457763672,10.270000457763672,140400
2013-06-12,10.399999618530273,10.4399995803833,10.109999656677246,10.289999961853027,10.289999961853027,444500
2013-06-13,10.199999809265137,10.489999771118164,10.119999885559082,10.449999809265137,10.449999809265137,158000
2013-06-14,10.380000114440918,10.489999771118164,10.229999542236328,10.279999732971191,10.279999732971191,195700
2013-06-17,10.420000076293945,10.5600004196167,10.390000343322754,10.510000228881836,10.510000228881836,113400
2013-06-18,10.569999694824219,10.850000381469727,10.550000190734863,10.850000381469727,10.850000381469727,176600
2013-06-19,10.829999923706055,10.979999542236328,10.770000457763672,10.819999694824219,10.819999694824219,139100
2013-06-20,10.789999961853027,10.789999961853027,10.579999923706055,10.640000343322754,10.640000343322754,218000
2013-06-21,10.670000076293945,10.710000038146973,10.079999923706055,10.300000190734863,10.300000190734863,783900
2013-06-24,10.109999656677246,10.239999771118164,10.020000457763672,10.130000114440918,10.130000114440918,287300
2013-06-25,10.270000457763672,10.270000457763672,10.069999694824219,10.170000076293945,10.170000076293945,308700
2013-06-26,10.270000457763672,10.270000457763672,9.850000381469727,10.229999542236328,10.229999542236328,702400
2013-06-27,10.34000015258789,10.359999656677246,10.140000343322754,10.210000038146973,10.210000038146973,221200
2013-06-28,10.149999618530273,10.359999656677246,9.90999984741211,10.100000381469727,10.100000381469727,867000
2013-07-01,10.210000038146973,10.380000114440918,10.119999885559082,10.300000190734863,10.300000190734863,207900
2013-07-02,10.270000457763672,10.329999923706055,9.989999771118164,10.079999923706055,10.079999923706055,225700
2013-07-03,10.050000190734863,10.25,9.960000038146973,10.170000076293945,10.170000076293945,154600
2013-07-05,10.34000015258789,10.399999618530273,10.149999618530273,10.300000190734863,10.300000190734863,103400
2013-07-08,10.329999923706055,10.329999923706055,10.09000015258789,10.15999984741211,10.15999984741211,115100
2013-07-09,10.220000267028809,10.229999542236328,9.989999771118164,10.020000457763672,10.020000457763672,169900
2013-07-10,10.050000190734863,10.300000190734863,10.029999732971191,10.300000190734863,10.300000190734863,238600
2013-07-11,10.449999809265137,11.039999961853027,10.430000305175781,11.020000457763672,11.020000457763672,494500
2013-07-12,11.039999961853027,11.569999694824219,11.039999961853027,11.489999771118164,11.489999771118164,583100
2013-07-15,11.529999732971191,11.779999732971191,11.380000114440918,11.390000343322754,11.390000343322754,348800
2013-07-16,11.430000305175781,11.529999732971191,11.3100004196167,11.40999984741211,11.40999984741211,324300
2013-07-17,11.479999542236328,11.550000190734863,11.40999984741211,11.430000305175781,11.430000305175781,127300
2013-07-18,11.449999809265137,11.779999732971191,11.40999984741211,11.760000228881836,11.760000228881836,220700
2013-07-19,11.6899995803833,12.079999923706055,11.6899995803833,12.050000190734863,12.050000190734863,237600
2013-07-22,12.09000015258789,12.319999694824219,11.949999809265137,12.140000343322754,12.140000343322754,362300
2013-07-23,12.15999984741211,12.15999984741211,11.90999984741211,11.979999542236328,11.979999542236328,158700
2013-07-24,12.039999961853027,12.15999984741211,11.899999618530273,11.960000038146973,11.960000038146973,163900
2013-07-25,11.970000267028809,12.199999809265137,11.899999618530273,12.119999885559082,12.119999885559082,165300
2013-07-26,11.970000267028809,12.119999885559082,11.729999542236328,11.8100004196167,11.8100004196167,211900
2013-07-29,11.800000190734863,11.989999771118164,11.609999656677246,11.649999618530273,11.649999618530273,148200
2013-07-30,11.75,11.760000228881836,11.569999694824219,11.720000267028809,11.720000267028809,279900
2013-07-31,11.949999809265137,12.199999809265137,11.649999618530273,11.680000305175781,11.680000305175781,428500
2013-08-01,11.819999694824219,12.0,11.65999984741211,11.720000267028809,11.720000267028809,348200
2013-08-02,11.619999885559082,12.369999885559082,11.619999885559082,12.300000190734863,12.300000190734863,429700
2013-08-05,12.3100004196167,12.539999961853027,12.279999732971191,12.4399995803833,12.4399995803833,254900
2013-08-06,12.420000076293945,12.460000038146973,12.0,12.180000305175781,12.180000305175781,154600
2013-08-07,12.4399995803833,13.09000015258789,12.380000114440918,12.880000114440918,12.880000114440918,538600
2013-08-08,13.010000228881836,13.3100004196167,12.8100004196167,12.960000038146973,12.960000038146973,352900
2013-08-09,12.880000114440918,13.069999694824219,12.739999771118164,12.819999694824219,12.819999694824219,212200
2013-08-12,12.760000228881836,12.949999809265137,12.760000228881836,12.850000381469727,12.850000381469727,164200
2013-08-13,12.880000114440918,12.9399995803833,12.779999732971191,12.819999694824219,12.819999694824219,265000
2013-08-14,12.819999694824219,12.920000076293945,12.430000305175781,12.449999809265137,12.449999809265137,280400
2013-08-15,12.210000038146973,12.25,11.970000267028809,12.010000228881836,12.010000228881836,270900
2013-08-16,11.949999809265137,12.15999984741211,11.949999809265137,12.039999961853027,12.039999961853027,705700
2013-08-19,12.0600004196167,12.199999809265137,12.0,12.0600004196167,12.0600004196167,311700
2013-08-20,12.0600004196167,12.460000038146973,12.039999961853027,12.449999809265137,12.449999809265137,419900
2013-08-21,12.420000076293945,12.649999618530273,12.380000114440918,12.460000038146973,12.460000038146973,357700
2013-08-22,12.5,12.899999618530273,12.5,12.649999618530273,12.649999618530273,319400
2013-08-23,12.710000038146973,12.949999809265137,12.680000305175781,12.920000076293945,12.920000076293945,211500
2013-08-26,12.90999984741211,12.949999809265137,12.770000457763672,12.890000343322754,12.890000343322754,222100
2013-08-27,12.670000076293945,12.8100004196167,12.510000228881836,12.5600004196167,12.5600004196167,337600
2013-08-28,12.539999961853027,12.710000038146973,12.460000038146973,12.6899995803833,12.6899995803833,229400
2013-08-29,12.699999809265137,12.949999809265137,12.699999809265137,12.9399995803833,12.9399995803833,229900
2013-08-30,12.9399995803833,12.979999542236328,12.760000228881836,12.850000381469727,12.850000381469727,390500
2013-09-03,13.039999961853027,13.25,13.0,13.09000015258789,13.09000015258789,424800
2013-09-04,13.119999885559082,13.479999542236328,13.119999885559082,13.460000038146973,13.460000038146973,623800
2013-09-05,13.520000457763672,13.649999618530273,13.34000015258789,13.380000114440918,13.380000114440918,324200
2013-09-06,13.5600004196167,13.5600004196167,13.140000343322754,13.390000343322754,13.390000343322754,225400
2013-09-09,13.489999771118164,13.979999542236328,13.40999984741211,13.899999618530273,13.899999618530273,345700
2013-09-10,13.489999771118164,13.699999809265137,13.069999694824219,13.119999885559082,13.119999885559082,710900
2013-09-11,13.09000015258789,13.199999809265137,12.979999542236328,13.039999961853027,13.039999961853027,451400
2013-09-12,13.079999923706055,13.109999656677246,12.710000038146973,12.729999542236328,12.729999542236328,380700
2013-09-13,12.75,12.819999694824219,12.619999885559082,12.649999618530273,12.649999618530273,354400
2013-09-16,12.789999961853027,12.859999656677246,12.670000076293945,12.859999656677246,12.859999656677246,447500
2013-09-17,12.84000015258789,13.050000190734863,12.84000015258789,13.039999961853027,13.039999961853027,297300
2013-09-18,13.069999694824219,13.399999618530273,12.9399995803833,13.300000190734863,13.300000190734863,379100
2013-09-19,13.3100004196167,13.390000343322754,13.050000190734863,13.15999984741211,13.15999984741211,171900
2013-09-20,13.239999771118164,13.319999694824219,13.010000228881836,13.09000015258789,13.09000015258789,299200
2013-09-23,13.130000114440918,13.130000114440918,12.569999694824219,12.670000076293945,12.670000076293945,272400
2013-09-24,12.65999984741211,12.829999923706055,12.279999732971191,12.670000076293945,12.670000076293945,640900
2013-09-25,12.680000305175781,13.0,12.59000015258789,12.850000381469727,12.850000381469727,245000
2013-09-26,12.9399995803833,13.050000190734863,12.739999771118164,12.829999923706055,12.829999923706055,113900
2013-09-27,12.75,12.869999885559082,12.579999923706055,12.729999542236328,12.729999542236328,102200
2013-09-30,12.550000190734863,12.789999961853027,12.470000267028809,12.729999542236328,12.729999542236328,246300
2013-10-01,12.760000228881836,13.0,12.710000038146973,12.899999618530273,12.899999618530273,143500
2013-10-02,12.8100004196167,12.920000076293945,12.770000457763672,12.779999732971191,12.779999732971191,280900
2013-10-03,12.760000228881836,12.8100004196167,12.390000343322754,12.510000228881836,12.510000228881836,158200
2013-10-04,12.479999542236328,12.670000076293945,12.430000305175781,12.640000343322754,12.640000343322754,168500
2013-10-07,12.470000267028809,12.529999732971191,12.319999694824219,12.34000015258789,12.34000015258789,217300
2013-10-08,12.369999885559082,12.369999885559082,11.65999984741211,11.720000267028809,11.720000267028809,837100
2013-10-09,11.729999542236328,11.800000190734863,11.329999923706055,11.59000015258789,11.59000015258789,600900
2013-10-10,11.789999961853027,12.050000190734863,11.649999618530273,11.680000305175781,11.680000305175781,363400
2013-10-11,11.6899995803833,11.869999885559082,11.579999923706055,11.829999923706055,11.829999923706055,415900
2013-10-14,11.779999732971191,12.350000381469727,11.65999984741211,12.329999923706055,12.329999923706055,351800
2013-10-15,12.260000228881836,12.510000228881836,12.220000267028809,12.369999885559082,12.369999885559082,339700
2013-10-16,12.479999542236328,12.5600004196167,12.350000381469727,12.399999618530273,12.399999618530273,307300
2013-10-17,12.329999923706055,12.520000457763672,12.1899995803833,12.4399995803833,12.4399995803833,214400
2013-10-18,12.600000381469727,13.020000457763672,12.59000015258789,13.020000457763672,13.020000457763672,340000
2013-10-21,13.069999694824219,13.359999656677246,12.920000076293945,13.0,13.0,253600
2013-10-22,13.0600004196167,13.1899995803833,12.699999809265137,12.829999923706055,12.829999923706055,230500
2013-10-23,12.729999542236328,12.789999961853027,12.489999771118164,12.520000457763672,12.520000457763672,208900
2013-10-24,12.520000457763672,12.520000457763672,12.180000305175781,12.210000038146973,12.210000038146973,201800
2013-10-25,12.25,12.25,11.699999809265137,11.869999885559082,11.869999885559082,367000
2013-10-28,11.859999656677246,11.859999656677246,11.600000381469727,11.850000381469727,11.850000381469727,243300
2013-10-29,11.869999885559082,12.529999732971191,11.869999885559082,12.5,12.5,374600
2013-10-30,10.34000015258789,10.34000015258789,8.430000305175781,9.819999694824219,9.819999694824219,3490900
2013-10-31,9.789999961853027,10.479999542236328,9.770000457763672,10.170000076293945,10.170000076293945,883200
2013-11-01,10.15999984741211,10.270000457763672,9.800000190734863,9.859999656677246,9.859999656677246,697300
2013-11-04,10.109999656677246,10.40999984741211,10.010000228881836,10.300000190734863,10.300000190734863,727700
2013-11-05,10.210000038146973,10.420000076293945,10.199999809265137,10.369999885559082,10.369999885559082,432300
2013-11-06,10.399999618530273,10.489999771118164,10.300000190734863,10.369999885559082,10.369999885559082,406700
2013-11-07,10.430000305175781,10.449999809265137,10.010000228881836,10.289999961853027,10.289999961853027,638300
2013-11-08,10.25,10.350000381469727,10.010000228881836,10.050000190734863,10.050000190734863,662700
2013-11-11,10.0,10.109999656677246,9.880000114440918,10.100000381469727,10.100000381469727,339700
2013-11-12,10.029999732971191,10.350000381469727,9.989999771118164,10.220000267028809,10.220000267028809,375200
2013-11-13,10.1899995803833,10.5600004196167,10.180000305175781,10.420000076293945,10.420000076293945,324200
2013-11-14,10.359999656677246,10.40999984741211,10.239999771118164,10.3100004196167,10.3100004196167,303600
2013-11-15,10.260000228881836,10.4399995803833,10.15999984741211,10.399999618530273,10.399999618530273,309800
2013-11-18,10.420000076293945,10.460000038146973,9.960000038146973,10.020000457763672,10.020000457763672,267400
2013-11-19,10.010000228881836,10.100000381469727,9.90999984741211,10.0600004196167,10.0600004196167,212500
2013-11-20,10.109999656677246,10.289999961853027,9.960000038146973,10.020000457763672,10.020000457763672,225600
2013-11-21,10.0600004196167,10.399999618530273,10.039999961853027,10.149999618530273,10.149999618530273,246200
2013-11-22,10.180000305175781,10.3100004196167,9.880000114440918,10.020000457763672,10.020000457763672,327100
2013-11-25,10.010000228881836,10.0600004196167,9.90999984741211,9.989999771118164,9.989999771118164,292800
2013-11-26,10.0,10.0,9.770000457763672,9.899999618530273,9.899999618530273,338000
2013-11-27,9.890000343322754,10.09000015258789,9.850000381469727,10.050000190734863,10.050000190734863,237500
2013-11-29,10.140000343322754,10.449999809265137,10.0600004196167,10.239999771118164,10.239999771118164,208900
2013-12-02,10.180000305175781,10.180000305175781,9.640000343322754,9.770000457763672,9.770000457763672,388600
2013-12-03,9.720000267028809,9.869999885559082,9.600000381469727,9.75,9.75,654100
2013-12-04,9.670000076293945,9.859999656677246,9.649999618530273,9.699999809265137,9.699999809265137,216200
2013-12-05,9.680000305175781,9.890000343322754,9.680000305175781,9.770000457763672,9.770000457763672,175100
2013-12-06,9.859999656677246,9.960000038146973,9.75,9.760000228881836,9.760000228881836,254800
2013-12-09,9.8100004196167,9.869999885559082,9.670000076293945,9.779999732971191,9.779999732971191,259100
2013-12-10,9.789999961853027,9.859999656677246,9.630000114440918,9.720000267028809,9.720000267028809,308500
2013-12-11,9.710000038146973,9.819999694824219,9.510000228881836,9.649999618530273,9.649999618530273,467700
2013-12-12,9.630000114440918,9.699999809265137,9.4399995803833,9.59000015258789,9.59000015258789,313000
2013-12-13,9.619999885559082,9.699999809265137,9.479999542236328,9.510000228881836,9.510000228881836,234100
2013-12-16,9.550000190734863,9.779999732971191,9.550000190734863,9.739999771118164,9.739999771118164,169400
2013-12-17,9.770000457763672,9.930000305175781,9.649999618530273,9.6899995803833,9.6899995803833,261200
2013-12-18,9.710000038146973,9.710000038146973,9.430000305175781,9.449999809265137,9.449999809265137,380200
2013-12-19,9.420000076293945,9.550000190734863,9.359999656677246,9.449999809265137,9.449999809265137,482800
2013-12-20,9.489999771118164,9.619999885559082,9.34000015258789,9.449999809265137,9.449999809265137,734100
2013-12-23,9.5,9.760000228881836,9.449999809265137,9.600000381469727,9.600000381469727,345500
2013-12-24,9.600000381469727,9.75,9.529999732971191,9.609999656677246,9.609999656677246,164900
2013-12-26,9.649999618530273,9.859999656677246,9.59000015258789,9.619999885559082,9.619999885559082,189500
2013-12-27,9.649999618530273,9.75,9.479999542236328,9.550000190734863,9.550000190734863,262700
2013-12-30,9.529999732971191,9.65999984741211,9.470000267028809,9.489999771118164,9.489999771118164,239900
2013-12-31,9.539999961853027,9.869999885559082,9.529999732971191,9.640000343322754,9.640000343322754,451600
2014-01-02,9.640000343322754,9.649999618530273,9.300000190734863,9.359999656677246,9.359999656677246,434000
2014-01-03,9.359999656677246,9.630000114440918,9.359999656677246,9.579999923706055,9.579999923706055,280800
2014-01-06,9.600000381469727,9.75,9.489999771118164,9.539999961853027,9.539999961853027,309900
2014-01-07,9.600000381469727,9.600000381469727,9.239999771118164,9.289999961853027,9.289999961853027,806100
2014-01-08,9.270000457763672,9.369999885559082,9.210000038146973,9.239999771118164,9.239999771118164,335800
2014-01-09,8.869999885559082,8.90999984741211,8.239999771118164,8.289999961853027,8.289999961853027,1583900
2014-01-10,8.260000228881836,8.40999984741211,8.199999809265137,8.380000114440918,8.380000114440918,681000
2014-01-13,8.399999618530273,8.449999809265137,8.199999809265137,8.239999771118164,8.239999771118164,492100
2014-01-14,8.300000190734863,8.449999809265137,8.289999961853027,8.300000190734863,8.300000190734863,580800
2014-01-15,8.34000015258789,8.460000038146973,8.329999923706055,8.380000114440918,8.380000114440918,663800
2014-01-16,8.399999618530273,8.470000267028809,8.329999923706055,8.40999984741211,8.40999984741211,729700
2014-01-17,8.430000305175781,8.470000267028809,8.289999961853027,8.319999694824219,8.319999694824219,774400
2014-01-21,8.390000343322754,8.479999542236328,8.329999923706055,8.399999618530273,8.399999618530273,636100
2014-01-22,8.369999885559082,8.75,8.3100004196167,8.539999961853027,8.539999961853027,1176800
2014-01-23,8.510000228881836,8.550000190734863,8.279999732971191,8.329999923706055,8.329999923706055,516000
2014-01-24,8.3100004196167,8.420000076293945,8.15999984741211,8.279999732971191,8.279999732971191,362100
2014-01-27,8.3100004196167,8.359999656677246,7.989999771118164,8.069999694824219,8.069999694824219,697400
2014-01-28,8.100000381469727,8.279999732971191,7.96999979019165,8.180000305175781,8.180000305175781,541700
2014-01-29,8.130000114440918,8.350000381469727,8.100000381469727,8.109999656677246,8.109999656677246,460300
2014-01-30,8.15999984741211,8.34000015258789,7.949999809265137,8.100000381469727,8.100000381469727,916000
2014-01-31,7.940000057220459,8.15999984741211,7.920000076293945,7.929999828338623,7.929999828338623,537500
2014-02-03,7.940000057220459,8.020000457763672,7.78000020980835,7.880000114440918,7.880000114440918,606000
2014-02-04,7.949999809265137,8.119999885559082,7.800000190734863,8.020000457763672,8.020000457763672,481600
2014-02-05,8.0,8.130000114440918,7.789999961853027,7.960000038146973,7.960000038146973,498900
2014-02-06,7.980000019073486,8.3100004196167,7.980000019073486,8.170000076293945,8.170000076293945,343100
2014-02-07,8.180000305175781,8.270000457763672,8.100000381469727,8.180000305175781,8.180000305175781,309400
2014-02-10,8.180000305175781,8.180000305175781,7.909999847412109,7.96999979019165,7.96999979019165,553100
2014-02-11,8.0,8.050000190734863,7.869999885559082,7.949999809265137,7.949999809265137,730700
2014-02-12,7.309999942779541,7.699999809265137,7.119999885559082,7.480000019073486,7.480000019073486,2156000
2014-02-13,7.46999979019165,7.679999828338623,7.349999904632568,7.570000171661377,7.570000171661377,847300
2014-02-14,7.579999923706055,7.849999904632568,7.53000020980835,7.670000076293945,7.670000076293945,957100
2014-02-18,7.679999828338623,7.849999904632568,7.679999828338623,7.789999961853027,7.789999961853027,941400
2014-02-19,7.75,7.889999866485596,7.659999847412109,7.659999847412109,7.659999847412109,236400
2014-02-20,7.800000190734863,8.3100004196167,7.800000190734863,8.149999618530273,8.149999618530273,1672100
2014-02-21,8.170000076293945,8.319999694824219,8.010000228881836,8.289999961853027,8.289999961853027,1111600
2014-02-24,8.25,8.25,8.069999694824219,8.170000076293945,8.170000076293945,532800
2014-02-25,8.180000305175781,8.1899995803833,8.079999923706055,8.109999656677246,8.109999656677246,512600
2014-02-26,8.109999656677246,8.260000228881836,8.0600004196167,8.210000038146973,8.210000038146973,695000
2014-02-27,8.15999984741211,8.220000267028809,8.029999732971191,8.0600004196167,8.0600004196167,644400
2014-02-28,8.010000228881836,8.170000076293945,7.829999923706055,7.949999809265137,7.949999809265137,381000
2014-03-03,7.840000152587891,7.980000019073486,7.71999979019165,7.929999828338623,7.929999828338623,470500
2014-03-04,8.0,8.15999984741211,7.960000038146973,8.140000343322754,8.140000343322754,799900
2014-03-05,8.140000343322754,8.34000015258789,8.140000343322754,8.270000457763672,8.270000457763672,299500
2014-03-06,8.319999694824219,8.789999961853027,8.300000190734863,8.720000267028809,8.720000267028809,656300
2014-03-07,8.739999771118164,8.90999984741211,8.539999961853027,8.779999732971191,8.779999732971191,713000
2014-03-10,8.75,8.760000228881836,8.550000190734863,8.569999694824219,8.569999694824219,270600
2014-03-11,8.550000190734863,8.710000038146973,8.390000343322754,8.649999618530273,8.649999618530273,601100
2014-03-12,8.970000267028809,9.029999732971191,8.779999732971191,8.890000343322754,8.890000343322754,711000
2014-03-13,8.930000305175781,8.989999771118164,8.649999618530273,8.699999809265137,8.699999809265137,775200
2014-03-14,8.65999984741211,8.899999618530273,8.609999656677246,8.710000038146973,8.710000038146973,292400
2014-03-17,8.739999771118164,8.930000305175781,8.680000305175781,8.880000114440918,8.880000114440918,319800
2014-03-18,8.850000381469727,9.100000381469727,8.710000038146973,8.960000038146973,8.960000038146973,368800
2014-03-19,8.970000267028809,9.039999961853027,8.90999984741211,9.029999732971191,9.029999732971191,337200
2014-03-20,9.010000228881836,9.15999984741211,8.960000038146973,8.989999771118164,8.989999771118164,242200
2014-03-21,9.0600004196167,9.069999694824219,8.850000381469727,8.890000343322754,8.890000343322754,323500
2014-03-24,8.9399995803833,8.979999542236328,8.510000228881836,8.729999542236328,8.729999542236328,350000
2014-03-25,8.800000190734863,8.880000114440918,8.569999694824219,8.609999656677246,8.609999656677246,150500
2014-03-26,8.65999984741211,8.680000305175781,8.319999694824219,8.319999694824219,8.319999694824219,277400
2014-03-27,8.289999961853027,8.399999618530273,8.140000343322754,8.149999618530273,8.149999618530273,286800
2014-03-28,8.149999618530273,8.3100004196167,8.079999923706055,8.300000190734863,8.300000190734863,219400
2014-03-31,8.319999694824219,8.510000228881836,8.260000228881836,8.430000305175781,8.430000305175781,139800
2014-04-01,8.449999809265137,8.59000015258789,8.40999984741211,8.5600004196167,8.5600004196167,208200
2014-04-02,8.550000190734863,8.670000076293945,8.489999771118164,8.670000076293945,8.670000076293945,125700
2014-04-03,8.640000343322754,8.8100004196167,8.420000076293945,8.520000457763672,8.520000457763672,219900
2014-04-04,8.600000381469727,8.600000381469727,8.1899995803833,8.3100004196167,8.3100004196167,353700
2014-04-07,8.59000015258789,8.65999984741211,8.260000228881836,8.430000305175781,8.430000305175781,347700
2014-04-08,8.430000305175781,8.510000228881836,8.319999694824219,8.390000343322754,8.390000343322754,217900
2014-04-09,8.420000076293945,8.619999885559082,8.319999694824219,8.5600004196167,8.5600004196167,243600
2014-04-10,8.579999923706055,8.630000114440918,8.119999885559082,8.319999694824219,8.319999694824219,443300
2014-04-11,8.229999542236328,8.390000343322754,8.140000343322754,8.319999694824219,8.319999694824219,359900
2014-04-14,8.399999618530273,8.449999809265137,8.100000381469727,8.229999542236328,8.229999542236328,374200
2014-04-15,8.229999542236328,8.229999542236328,7.920000076293945,8.140000343322754,8.140000343322754,357800
2014-04-16,8.149999618530273,8.229999542236328,7.96999979019165,8.100000381469727,8.100000381469727,270800
2014-04-17,8.100000381469727,8.210000038146973,8.020000457763672,8.180000305175781,8.180000305175781,165600
2014-04-21,8.1899995803833,8.239999771118164,8.079999923706055,8.220000267028809,8.220000267028809,104000
2014-04-22,8.300000190734863,8.930000305175781,8.300000190734863,8.890000343322754,8.890000343322754,512800
2014-04-23,8.829999923706055,8.949999809265137,8.710000038146973,8.779999732971191,8.779999732971191,193300
2014-04-24,8.869999885559082,9.119999885559082,8.609999656677246,9.100000381469727,9.100000381469727,403700
2014-04-25,9.069999694824219,9.109999656677246,8.800000190734863,8.989999771118164,8.989999771118164,858000
2014-04-28,9.0,9.0,8.489999771118164,8.699999809265137,8.699999809265137,507700
2014-04-29,8.710000038146973,8.75,8.430000305175781,8.460000038146973,8.460000038146973,296100
2014-04-30,8.470000267028809,9.279999732971191,8.470000267028809,8.8100004196167,8.8100004196167,804700
2014-05-01,8.760000228881836,8.800000190734863,8.479999542236328,8.6899995803833,8.6899995803833,726600
2014-05-02,8.670000076293945,8.720000267028809,8.5,8.510000228881836,8.510000228881836,374200
2014-05-05,8.5,8.529999732971191,8.3100004196167,8.369999885559082,8.369999885559082,320500
2014-05-06,8.359999656677246,8.40999984741211,8.010000228881836,8.020000457763672,8.020000457763672,297100
2014-05-07,8.0,8.050000190734863,7.800000190734863,7.920000076293945,7.920000076293945,399300
2014-05-08,7.889999866485596,7.929999828338623,7.75,7.800000190734863,7.800000190734863,691200
2014-05-09,7.760000228881836,7.920000076293945,7.760000228881836,7.869999885559082,7.869999885559082,421600
2014-05-12,7.949999809265137,8.270000457763672,7.920000076293945,8.260000228881836,8.260000228881836,265300
2014-05-13,8.210000038146973,8.359999656677246,8.020000457763672,8.109999656677246,8.109999656677246,405500
2014-05-14,8.119999885559082,8.119999885559082,7.800000190734863,7.909999847412109,7.909999847412109,303800
2014-05-15,7.880000114440918,7.960000038146973,7.71999979019165,7.869999885559082,7.869999885559082,227600
2014-05-16,7.829999923706055,7.929999828338623,7.769999980926514,7.869999885559082,7.869999885559082,226500
2014-05-19,7.809999942779541,8.149999618530273,7.809999942779541,8.140000343322754,8.140000343322754,208600
2014-05-20,8.109999656677246,8.109999656677246,7.900000095367432,8.010000228881836,8.010000228881836,207300
2014-05-21,8.020000457763672,8.1899995803833,7.940000057220459,8.119999885559082,8.119999885559082,266100
2014-05-22,8.09000015258789,8.25,8.010000228881836,8.199999809265137,8.199999809265137,143000
2014-05-23,8.170000076293945,8.300000190734863,8.140000343322754,8.300000190734863,8.300000190734863,157000
2014-05-27,8.380000114440918,8.609999656677246,8.369999885559082,8.600000381469727,8.600000381469727,198500
2014-05-28,8.550000190734863,8.600000381469727,8.390000343322754,8.4399995803833,8.4399995803833,232800
2014-05-29,8.420000076293945,8.449999809265137,8.1899995803833,8.270000457763672,8.270000457763672,314500
2014-05-30,8.319999694824219,8.319999694824219,8.029999732971191,8.15999984741211,8.15999984741211,192900
2014-06-02,8.100000381469727,8.100000381469727,7.579999923706055,7.769999980926514,7.769999980926514,459300
2014-06-03,7.730000019073486,7.739999771118164,7.539999961853027,7.630000114440918,7.630000114440918,260800
2014-06-04,7.570000171661377,7.610000133514404,7.400000095367432,7.420000076293945,7.420000076293945,231100
2014-06-05,7.5,7.800000190734863,7.420000076293945,7.789999961853027,7.789999961853027,307900
2014-06-06,7.849999904632568,8.260000228881836,7.849999904632568,8.069999694824219,8.069999694824219,328100
2014-06-09,8.020000457763672,8.039999961853027,7.940000057220459,8.0,8.0,182800
2014-06-10,7.929999828338623,7.989999771118164,7.860000133514404,7.96999979019165,7.96999979019165,155500
2014-06-11,7.880000114440918,8.010000228881836,7.789999961853027,7.800000190734863,7.800000190734863,328600
2014-06-12,7.809999942779541,7.809999942779541,7.659999847412109,7.699999809265137,7.699999809265137,177100
2014-06-13,7.739999771118164,7.789999961853027,7.579999923706055,7.739999771118164,7.739999771118164,93900
2014-06-16,7.690000057220459,7.900000095367432,7.690000057220459,7.809999942779541,7.809999942779541,156900
2014-06-17,7.829999923706055,8.0,7.800000190734863,7.949999809265137,7.949999809265137,320800
2014-06-18,7.960000038146973,7.989999771118164,7.869999885559082,7.929999828338623,7.929999828338623,125900
2014-06-19,8.0,8.0,7.849999904632568,7.909999847412109,7.909999847412109,95300
2014-06-20,7.949999809265137,8.0,7.800000190734863,7.929999828338623,7.929999828338623,257200
2014-06-23,7.909999847412109,7.980000019073486,7.809999942779541,7.869999885559082,7.869999885559082,120600
2014-06-24,7.829999923706055,8.050000190734863,7.739999771118164,7.769999980926514,7.769999980926514,289500
2014-06-25,7.760000228881836,7.78000020980835,7.599999904632568,7.730000019073486,7.730000019073486,98300
2014-06-26,7.760000228881836,7.929999828338623,7.599999904632568,7.900000095367432,7.900000095367432,178700
2014-06-27,7.900000095367432,8.109999656677246,7.900000095367432,8.109999656677246,8.109999656677246,1694600
2014-06-30,8.0600004196167,8.220000267028809,7.989999771118164,8.180000305175781,8.180000305175781,234800
2014-07-01,8.229999542236328,8.470000267028809,8.229999542236328,8.449999809265137,8.449999809265137,258200
2014-07-02,8.460000038146973,8.539999961853027,8.300000190734863,8.460000038146973,8.460000038146973,195100
2014-07-03,8.470000267028809,8.579999923706055,8.25,8.270000457763672,8.270000457763672,87600
2014-07-07,8.210000038146973,8.210000038146973,7.96999979019165,8.029999732971191,8.029999732971191,148800
2014-07-08,7.989999771118164,8.050000190734863,7.820000171661377,7.889999866485596,7.889999866485596,231400
2014-07-09,7.929999828338623,8.020000457763672,7.760000228881836,7.909999847412109,7.909999847412109,197300
2014-07-10,7.690000057220459,7.949999809265137,7.670000076293945,7.880000114440918,7.880000114440918,217800
2014-07-11,7.849999904632568,7.980000019073486,7.840000152587891,7.909999847412109,7.909999847412109,85500
2014-07-14,8.0,8.09000015258789,7.949999809265137,8.039999961853027,8.039999961853027,130200
2014-07-15,8.010000228881836,8.069999694824219,7.880000114440918,7.989999771118164,7.989999771118164,272100
2014-07-16,7.989999771118164,8.25,7.840000152587891,8.170000076293945,8.170000076293945,316700
2014-07-17,8.140000343322754,8.180000305175781,8.020000457763672,8.119999885559082,8.119999885559082,239400
2014-07-18,8.119999885559082,8.34000015258789,8.119999885559082,8.329999923706055,8.329999923706055,276500
2014-07-21,8.289999961853027,8.319999694824219,8.170000076293945,8.300000190734863,8.300000190734863,142300
2014-07-22,8.350000381469727,8.449999809265137,8.270000457763672,8.430000305175781,8.430000305175781,254600
2014-07-23,8.369999885559082,8.460000038146973,8.289999961853027,8.369999885559082,8.369999885559082,213900
2014-07-24,8.430000305175781,8.460000038146973,8.210000038146973,8.369999885559082,8.369999885559082,256100
2014-07-25,8.300000190734863,8.300000190734863,8.029999732971191,8.15999984741211,8.15999984741211,219300
2014-07-28,8.1899995803833,8.1899995803833,7.949999809265137,8.079999923706055,8.079999923706055,184500
2014-07-29,8.0600004196167,8.25,8.010000228881836,8.210000038146973,8.210000038146973,246400
2014-07-30,9.0,9.630000114440918,8.84000015258789,9.5,9.5,1617300
2014-07-31,9.319999694824219,9.5,8.979999542236328,9.289999961853027,9.289999961853027,486800
2014-08-01,9.270000457763672,9.380000114440918,9.020000457763672,9.140000343322754,9.140000343322754,376200
2014-08-04,9.119999885559082,9.229999542236328,8.960000038146973,9.050000190734863,9.050000190734863,263000
2014-08-05,8.989999771118164,9.149999618530273,8.90999984741211,9.149999618530273,9.149999618530273,328300
2014-08-06,9.09000015258789,9.5,8.899999618530273,9.369999885559082,9.369999885559082,367500
2014-08-07,9.390000343322754,9.420000076293945,9.100000381469727,9.140000343322754,9.140000343322754,201800
2014-08-08,9.15999984741211,9.270000457763672,9.109999656677246,9.149999618530273,9.149999618530273,180300
2014-08-11,9.210000038146973,9.319999694824219,9.069999694824219,9.270000457763672,9.270000457763672,175200
2014-08-12,9.1899995803833,9.260000228881836,9.050000190734863,9.069999694824219,9.069999694824219,167700
2014-08-13,9.119999885559082,9.270000457763672,9.039999961853027,9.260000228881836,9.260000228881836,160600
2014-08-14,9.289999961853027,9.40999984741211,9.199999809265137,9.399999618530273,9.399999618530273,264600
2014-08-15,9.5,9.579999923706055,9.079999923706055,9.430000305175781,9.430000305175781,704000
2014-08-18,9.460000038146973,9.649999618530273,9.399999618530273,9.489999771118164,9.489999771118164,164900
2014-08-19,9.510000228881836,10.050000190734863,9.5,9.930000305175781,9.930000305175781,874500
2014-08-20,9.850000381469727,10.15999984741211,9.729999542236328,10.15999984741211,10.15999984741211,475000
2014-08-21,10.109999656677246,10.109999656677246,9.920000076293945,10.109999656677246,10.109999656677246,292200
2014-08-22,10.109999656677246,10.260000228881836,10.020000457763672,10.199999809265137,10.199999809265137,203900
2014-08-25,10.239999771118164,10.289999961853027,9.869999885559082,9.890000343322754,9.890000343322754,141200
2014-08-26,9.890000343322754,10.390000343322754,9.890000343322754,10.359999656677246,10.359999656677246,278200
2014-08-27,10.350000381469727,10.569999694824219,10.279999732971191,10.5600004196167,10.5600004196167,325600
2014-08-28,10.550000190734863,10.5600004196167,10.399999618530273,10.5,10.5,246500
2014-08-29,10.510000228881836,10.550000190734863,10.4399995803833,10.5,10.5,257700
2014-09-02,10.470000267028809,10.520000457763672,10.380000114440918,10.470000267028809,10.470000267028809,286600
2014-09-03,10.5,10.770000457763672,10.460000038146973,10.510000228881836,10.510000228881836,385200
2014-09-04,10.489999771118164,10.920000076293945,10.470000267028809,10.8100004196167,10.8100004196167,717600
2014-09-05,10.699999809265137,10.800000190734863,10.510000228881836,10.600000381469727,10.600000381469727,267000
2014-09-08,10.640000343322754,10.770000457763672,10.399999618530273,10.520000457763672,10.520000457763672,228300
2014-09-09,10.470000267028809,10.489999771118164,10.140000343322754,10.180000305175781,10.180000305175781,286500
2014-09-10,10.220000267028809,10.270000457763672,10.050000190734863,10.239999771118164,10.239999771118164,177000
2014-09-11,10.239999771118164,10.390000343322754,10.229999542236328,10.279999732971191,10.279999732971191,206200
2014-09-12,10.25,10.329999923706055,10.069999694824219,10.260000228881836,10.260000228881836,230000
2014-09-15,10.260000228881836,10.260000228881836,9.920000076293945,10.109999656677246,10.109999656677246,223600
2014-09-16,10.0600004196167,10.100000381469727,9.859999656677246,9.890000343322754,9.890000343322754,278400
2014-09-17,9.869999885559082,10.119999885559082,9.869999885559082,10.050000190734863,10.050000190734863,115700
2014-09-18,10.100000381469727,10.180000305175781,10.100000381469727,10.170000076293945,10.170000076293945,128600
2014-09-19,10.15999984741211,10.229999542236328,9.550000190734863,9.699999809265137,9.699999809265137,474700
2014-09-22,9.619999885559082,9.630000114440918,9.289999961853027,9.359999656677246,9.359999656677246,312800
2014-09-23,9.289999961853027,9.4399995803833,9.210000038146973,9.229999542236328,9.229999542236328,190800
2014-09-24,9.300000190734863,9.420000076293945,9.15999984741211,9.399999618530273,9.399999618530273,194100
2014-09-25,9.399999618530273,9.399999618530273,9.149999618530273,9.149999618530273,9.149999618530273,146000
2014-09-26,9.220000267028809,9.319999694824219,9.180000305175781,9.260000228881836,9.260000228881836,169100
2014-09-29,9.199999809265137,9.520000457763672,9.140000343322754,9.5,9.5,213400
2014-09-30,9.510000228881836,9.770000457763672,9.40999984741211,9.569999694824219,9.569999694824219,465000
2014-10-01,9.550000190734863,9.630000114440918,9.300000190734863,9.520000457763672,9.520000457763672,324500
2014-10-02,9.489999771118164,9.680000305175781,9.369999885559082,9.609999656677246,9.609999656677246,132400
2014-10-03,9.710000038146973,9.729999542236328,9.329999923706055,9.390000343322754,9.390000343322754,172500
2014-10-06,9.390000343322754,9.5600004196167,9.199999809265137,9.220000267028809,9.220000267028809,126300
2014-10-07,9.149999618530273,9.180000305175781,8.84000015258789,8.880000114440918,8.880000114440918,256700
2014-10-08,9.229999542236328,9.34000015258789,8.989999771118164,9.15999984741211,9.15999984741211,706400
2014-10-09,9.0600004196167,9.210000038146973,8.819999694824219,8.930000305175781,8.930000305175781,205400
2014-10-10,8.850000381469727,8.850000381469727,8.270000457763672,8.3100004196167,8.3100004196167,371000
2014-10-13,8.300000190734863,8.760000228881836,8.260000228881836,8.59000015258789,8.59000015258789,313600
2014-10-14,8.699999809265137,8.890000343322754,8.600000381469727,8.710000038146973,8.710000038146973,183300
2014-10-15,8.649999618530273,9.029999732971191,8.5,8.989999771118164,8.989999771118164,355700
2014-10-16,8.859999656677246,9.15999984741211,8.789999961853027,8.979999542236328,8.979999542236328,336700
2014-10-17,9.0,9.149999618530273,8.800000190734863,8.8100004196167,8.8100004196167,219600
2014-10-20,8.760000228881836,8.970000267028809,8.760000228881836,8.869999885559082,8.869999885559082,136800
2014-10-21,8.949999809265137,8.960000038146973,8.710000038146973,8.770000457763672,8.770000457763672,338400
2014-10-22,8.800000190734863,8.880000114440918,8.5600004196167,8.569999694824219,8.569999694824219,156700
2014-10-23,8.649999618530273,8.949999809265137,8.640000343322754,8.869999885559082,8.869999885559082,200500
2014-10-24,8.819999694824219,8.989999771118164,8.619999885559082,8.84000015258789,8.84000015258789,204600
2014-10-27,8.75,8.760000228881836,8.59000015258789,8.600000381469727,8.600000381469727,153300
2014-10-28,8.619999885559082,8.770000457763672,8.550000190734863,8.739999771118164,8.739999771118164,861900
2014-10-29,8.779999732971191,9.0600004196167,8.680000305175781,8.84000015258789,8.84000015258789,838400
2014-10-30,9.460000038146973,11.09000015258789,9.460000038146973,10.760000228881836,10.760000228881836,2826600
2014-10-31,10.880000114440918,10.970000267028809,10.649999618530273,10.8100004196167,10.8100004196167,856900
2014-11-03,10.8100004196167,10.989999771118164,10.710000038146973,10.84000015258789,10.84000015258789,448500
2014-11-04,10.829999923706055,11.40999984741211,10.789999961853027,10.989999771118164,10.989999771118164,791500
2014-11-05,11.039999961853027,11.130000114440918,10.850000381469727,11.029999732971191,11.029999732971191,231100
2014-11-06,11.010000228881836,11.529999732971191,10.949999809265137,11.4399995803833,11.4399995803833,633200
2014-11-07,11.40999984741211,11.489999771118164,11.149999618530273,11.4399995803833,11.4399995803833,467800
2014-11-10,11.350000381469727,11.510000228881836,11.289999961853027,11.380000114440918,11.380000114440918,472600
2014-11-11,11.420000076293945,11.600000381469727,11.239999771118164,11.3100004196167,11.3100004196167,331900
2014-11-12,11.210000038146973,11.34000015258789,11.039999961853027,11.069999694824219,11.069999694824219,487800
2014-11-13,11.09000015258789,11.260000228881836,10.670000076293945,10.729999542236328,10.729999542236328,457600
2014-11-14,10.779999732971191,11.09000015258789,10.739999771118164,10.960000038146973,10.960000038146973,270800
2014-11-17,10.9399995803833,11.039999961853027,10.649999618530273,10.680000305175781,10.680000305175781,267000
2014-11-18,10.710000038146973,10.899999618530273,10.6899995803833,10.739999771118164,10.739999771118164,254000
2014-11-19,10.699999809265137,10.789999961853027,10.529999732971191,10.710000038146973,10.710000038146973,232300
2014-11-20,10.569999694824219,11.020000457763672,10.489999771118164,11.010000228881836,11.010000228881836,206600
2014-11-21,11.170000076293945,11.239999771118164,10.420000076293945,10.470000267028809,10.470000267028809,492400
2014-11-24,10.510000228881836,10.65999984741211,10.399999618530273,10.449999809265137,10.449999809265137,255300
2014-11-25,10.489999771118164,10.789999961853027,10.470000267028809,10.720000267028809,10.720000267028809,227600
2014-11-26,10.8100004196167,10.859999656677246,10.65999984741211,10.75,10.75,204100
2014-11-28,10.6899995803833,10.970000267028809,10.550000190734863,10.600000381469727,10.600000381469727,270900
2014-12-01,10.529999732971191,10.550000190734863,9.890000343322754,10.0600004196167,10.0600004196167,487200
2014-12-02,10.119999885559082,10.489999771118164,10.020000457763672,10.319999694824219,10.319999694824219,358300
2014-12-03,10.300000190734863,10.609999656677246,10.300000190734863,10.529999732971191,10.529999732971191,215400
2014-12-04,10.550000190734863,10.630000114440918,10.15999984741211,10.199999809265137,10.199999809265137,265900
2014-12-05,10.1899995803833,10.449999809265137,10.119999885559082,10.210000038146973,10.210000038146973,247500
2014-12-08,10.109999656677246,10.329999923706055,10.020000457763672,10.0600004196167,10.0600004196167,156400
2014-12-09,9.970000267028809,10.510000228881836,9.890000343322754,10.359999656677246,10.359999656677246,317500
2014-12-10,10.289999961853027,10.420000076293945,9.800000190734863,9.8100004196167,9.8100004196167,244400
2014-12-11,9.90999984741211,10.1899995803833,9.8100004196167,9.960000038146973,9.960000038146973,223200
2014-12-12,9.819999694824219,9.84000015258789,9.550000190734863,9.550000190734863,9.550000190734863,258100
2014-12-15,9.670000076293945,9.760000228881836,9.350000381469727,9.399999618530273,9.399999618530273,283200
2014-12-16,9.350000381469727,9.710000038146973,9.25,9.449999809265137,9.449999809265137,265700
2014-12-17,9.5,9.90999984741211,9.420000076293945,9.890000343322754,9.890000343322754,185600
2014-12-18,10.0,10.25,9.84000015258789,10.149999618530273,10.149999618530273,233200
2014-12-19,10.100000381469727,10.210000038146973,10.050000190734863,10.149999618530273,10.149999618530273,240600
2014-12-22,10.199999809265137,10.4399995803833,10.140000343322754,10.390000343322754,10.390000343322754,208600
2014-12-23,10.40999984741211,10.460000038146973,10.279999732971191,10.380000114440918,10.380000114440918,144000
2014-12-24,10.380000114440918,10.479999542236328,10.180000305175781,10.210000038146973,10.210000038146973,131000
2014-12-26,10.220000267028809,10.329999923706055,10.119999885559082,10.15999984741211,10.15999984741211,66000
2014-12-29,10.09000015258789,10.180000305175781,9.819999694824219,9.84000015258789,9.84000015258789,154300
2014-12-30,9.770000457763672,10.09000015258789,9.680000305175781,10.029999732971191,10.029999732971191,172300
2014-12-31,10.100000381469727,10.270000457763672,9.989999771118164,10.020000457763672,10.020000457763672,149600
2015-01-02,10.079999923706055,10.149999618530273,9.760000228881836,10.010000228881836,10.010000228881836,164700
2015-01-05,9.880000114440918,9.989999771118164,9.670000076293945,9.819999694824219,9.819999694824219,135600
2015-01-06,9.819999694824219,9.899999618530273,9.420000076293945,9.729999542236328,9.729999542236328,256500
2015-01-07,9.859999656677246,9.859999656677246,9.520000457763672,9.65999984741211,9.65999984741211,170500
2015-01-08,9.739999771118164,9.949999809265137,9.6899995803833,9.729999542236328,9.729999542236328,105000
2015-01-09,9.699999809265137,9.899999618530273,9.579999923706055,9.729999542236328,9.729999542236328,149100
2015-01-12,9.739999771118164,9.800000190734863,9.59000015258789,9.699999809265137,9.699999809265137,174800
2015-01-13,9.760000228881836,9.989999771118164,9.420000076293945,9.59000015258789,9.59000015258789,143100
2015-01-14,9.5,9.6899995803833,9.4399995803833,9.609999656677246,9.609999656677246,133900
2015-01-15,9.65999984741211,9.65999984741211,9.050000190734863,9.170000076293945,9.170000076293945,226300
2015-01-16,9.100000381469727,9.420000076293945,9.050000190734863,9.359999656677246,9.359999656677246,229600
2015-01-20,9.390000343322754,9.609999656677246,9.220000267028809,9.579999923706055,9.579999923706055,302400
2015-01-21,9.569999694824219,9.949999809265137,9.510000228881836,9.6899995803833,9.6899995803833,220500
2015-01-22,9.75,10.100000381469727,9.579999923706055,10.100000381469727,10.100000381469727,241700
2015-01-23,10.069999694824219,10.199999809265137,9.899999618530273,9.930000305175781,9.930000305175781,213300
2015-01-26,9.899999618530273,10.109999656677246,9.8100004196167,10.020000457763672,10.020000457763672,114700
2015-01-27,9.869999885559082,10.100000381469727,9.819999694824219,9.930000305175781,9.930000305175781,104300
2015-01-28,10.0600004196167,10.130000114440918,9.930000305175781,9.979999542236328,9.979999542236328,218400
2015-01-29,9.989999771118164,9.989999771118164,9.5,9.789999961853027,9.789999961853027,248900
2015-01-30,9.6899995803833,9.930000305175781,9.600000381469727,9.600000381469727,9.600000381469727,230800
2015-02-02,9.619999885559082,10.260000228881836,9.600000381469727,10.149999618530273,10.149999618530273,405700
2015-02-03,10.229999542236328,10.630000114440918,10.119999885559082,10.550000190734863,10.550000190734863,538100
2015-02-04,9.010000228881836,9.5,8.449999809265137,8.670000076293945,8.670000076293945,3202000
2015-02-05,8.680000305175781,8.84000015258789,8.550000190734863,8.779999732971191,8.779999732971191,746000
2015-02-06,8.829999923706055,8.90999984741211,8.640000343322754,8.760000228881836,8.760000228881836,729700
2015-02-09,8.779999732971191,8.859999656677246,8.550000190734863,8.569999694824219,8.569999694824219,304100
2015-02-10,8.630000114440918,8.65999984741211,8.449999809265137,8.609999656677246,8.609999656677246,252600
2015-02-11,8.609999656677246,8.829999923706055,8.550000190734863,8.75,8.75,319000
2015-02-12,8.859999656677246,8.859999656677246,8.65999984741211,8.680000305175781,8.680000305175781,284400
2015-02-13,8.710000038146973,8.869999885559082,8.609999656677246,8.649999618530273,8.649999618530273,466700
2015-02-17,8.640000343322754,8.720000267028809,8.449999809265137,8.479999542236328,8.479999542236328,756700
2015-02-18,8.479999542236328,8.479999542236328,8.300000190734863,8.350000381469727,8.350000381469727,454300
2015-02-19,8.380000114440918,8.380000114440918,8.25,8.350000381469727,8.350000381469727,461400
2015-02-20,8.369999885559082,8.390000343322754,8.1899995803833,8.210000038146973,8.210000038146973,423100
2015-02-23,8.25,8.25,8.09000015258789,8.109999656677246,8.109999656677246,572600
2015-02-24,8.09000015258789,8.369999885559082,8.09000015258789,8.319999694824219,8.319999694824219,318300
2015-02-25,8.34000015258789,8.449999809265137,8.300000190734863,8.399999618530273,8.399999618530273,329600
2015-02-26,8.430000305175781,8.600000381469727,8.350000381469727,8.4399995803833,8.4399995803833,822400
2015-02-27,8.470000267028809,8.779999732971191,8.369999885559082,8.739999771118164,8.739999771118164,515800
2015-03-02,8.739999771118164,8.869999885559082,8.529999732971191,8.65999984741211,8.65999984741211,450000
2015-03-03,8.680000305175781,8.829999923706055,8.529999732971191,8.5600004196167,8.5600004196167,361800
2015-03-04,8.529999732971191,8.59000015258789,8.300000190734863,8.350000381469727,8.350000381469727,207200
2015-03-05,8.34000015258789,8.539999961853027,8.229999542236328,8.390000343322754,8.390000343322754,209600
2015-03-06,8.34000015258789,8.430000305175781,8.300000190734863,8.350000381469727,8.350000381469727,202000
2015-03-09,8.399999618530273,8.470000267028809,8.270000457763672,8.40999984741211,8.40999984741211,228100
2015-03-10,8.350000381469727,8.430000305175781,8.25,8.260000228881836,8.260000228881836,220900
2015-03-11,8.300000190734863,8.640000343322754,8.270000457763672,8.579999923706055,8.579999923706055,358000
2015-03-12,8.670000076293945,8.779999732971191,8.529999732971191,8.59000015258789,8.59000015258789,162400
2015-03-13,8.5600004196167,8.699999809265137,8.4399995803833,8.640000343322754,8.640000343322754,143300
2015-03-16,8.699999809265137,8.699999809265137,8.5600004196167,8.619999885559082,8.619999885559082,113700
2015-03-17,8.529999732971191,8.640000343322754,8.529999732971191,8.579999923706055,8.579999923706055,139900
2015-03-18,8.5600004196167,8.800000190734863,8.529999732971191,8.760000228881836,8.760000228881836,170000
2015-03-19,8.739999771118164,8.850000381469727,8.640000343322754,8.75,8.75,186400
2015-03-20,8.800000190734863,8.930000305175781,8.699999809265137,8.899999618530273,8.899999618530273,285300
2015-03-23,8.899999618530273,8.979999542236328,8.779999732971191,8.90999984741211,8.90999984741211,208300
2015-03-24,8.859999656677246,8.880000114440918,8.5600004196167,8.609999656677246,8.609999656677246,177400
2015-03-25,8.600000381469727,8.649999618530273,8.369999885559082,8.430000305175781,8.430000305175781,171600
2015-03-26,8.40999984741211,8.470000267028809,8.279999732971191,8.300000190734863,8.300000190734863,136200
2015-03-27,8.279999732971191,8.350000381469727,8.149999618530273,8.1899995803833,8.1899995803833,183200
2015-03-30,8.199999809265137,8.300000190734863,8.180000305175781,8.260000228881836,8.260000228881836,113400
2015-03-31,8.180000305175781,8.430000305175781,8.180000305175781,8.390000343322754,8.390000343322754,333400
2015-04-01,8.380000114440918,8.5600004196167,8.350000381469727,8.449999809265137,8.449999809265137,253100
2015-04-02,8.470000267028809,8.670000076293945,8.470000267028809,8.640000343322754,8.640000343322754,141400
2015-04-06,8.609999656677246,8.680000305175781,8.489999771118164,8.619999885559082,8.619999885559082,125800
2015-04-07,8.600000381469727,8.710000038146973,8.569999694824219,8.640000343322754,8.640000343322754,99300
2015-04-08,8.600000381469727,8.649999618530273,8.380000114440918,8.609999656677246,8.609999656677246,181100
2015-04-09,8.640000343322754,8.65999984741211,8.40999984741211,8.529999732971191,8.529999732971191,128500
2015-04-10,8.529999732971191,8.600000381469727,8.470000267028809,8.569999694824219,8.569999694824219,226700
2015-04-13,8.5600004196167,8.75,8.550000190734863,8.699999809265137,8.699999809265137,371300
2015-04-14,8.729999542236328,8.880000114440918,8.6899995803833,8.760000228881836,8.760000228881836,300000
2015-04-15,8.84000015258789,8.84000015258789,8.649999618530273,8.75,8.75,205700
2015-04-16,8.699999809265137,8.8100004196167,8.699999809265137,8.75,8.75,69200
2015-04-17,8.6899995803833,8.770000457763672,8.420000076293945,8.529999732971191,8.529999732971191,161800
2015-04-20,8.609999656677246,8.670000076293945,8.479999542236328,8.619999885559082,8.619999885559082,194900
2015-04-21,8.649999618530273,8.649999618530273,8.520000457763672,8.550000190734863,8.550000190734863,135600
2015-04-22,8.569999694824219,8.569999694824219,8.430000305175781,8.479999542236328,8.479999542236328,250900
2015-04-23,8.449999809265137,8.550000190734863,8.430000305175781,8.489999771118164,8.489999771118164,216200
2015-04-24,8.569999694824219,8.619999885559082,8.420000076293945,8.4399995803833,8.4399995803833,247100
2015-04-27,8.4399995803833,8.609999656677246,8.399999618530273,8.420000076293945,8.420000076293945,285400
2015-04-28,8.420000076293945,8.739999771118164,8.369999885559082,8.6899995803833,8.6899995803833,454000
2015-04-29,7.480000019073486,8.489999771118164,7.320000171661377,8.0,8.0,1077000
2015-04-30,7.900000095367432,7.96999979019165,7.369999885559082,7.389999866485596,7.389999866485596,1070900
2015-05-01,7.400000095367432,7.510000228881836,7.25,7.289999961853027,7.289999961853027,837700
2015-05-04,7.329999923706055,7.480000019073486,7.289999961853027,7.380000114440918,7.380000114440918,667300
2015-05-05,7.380000114440918,7.559999942779541,7.360000133514404,7.550000190734863,7.550000190734863,789800
2015-05-06,7.559999942779541,7.599999904632568,7.340000152587891,7.409999847412109,7.409999847412109,398800
2015-05-07,7.449999809265137,7.730000019073486,7.389999866485596,7.440000057220459,7.440000057220459,455300
2015-05-08,7.579999923706055,7.579999923706055,7.409999847412109,7.489999771118164,7.489999771118164,388500
2015-05-11,7.510000228881836,7.599999904632568,7.5,7.510000228881836,7.510000228881836,194800
2015-05-12,7.480000019073486,7.53000020980835,7.269999980926514,7.400000095367432,7.400000095367432,203200
2015-05-13,7.449999809265137,7.510000228881836,7.369999885559082,7.489999771118164,7.489999771118164,241400
2015-05-14,7.53000020980835,7.710000038146973,7.5,7.619999885559082,7.619999885559082,605800
2015-05-15,7.630000114440918,7.880000114440918,7.590000152587891,7.679999828338623,7.679999828338623,519200
2015-05-18,7.679999828338623,7.920000076293945,7.650000095367432,7.900000095367432,7.900000095367432,231000
2015-05-19,7.849999904632568,7.849999904632568,7.619999885559082,7.630000114440918,7.630000114440918,215000
2015-05-20,7.599999904632568,7.849999904632568,7.579999923706055,7.789999961853027,7.789999961853027,339100
2015-05-21,7.829999923706055,7.929999828338623,7.809999942779541,7.909999847412109,7.909999847412109,279700
2015-05-22,7.949999809265137,8.020000457763672,7.900000095367432,7.909999847412109,7.909999847412109,373100
2015-05-26,7.900000095367432,7.929999828338623,7.75,7.760000228881836,7.760000228881836,200700
2015-05-27,7.760000228881836,7.96999979019165,7.659999847412109,7.889999866485596,7.889999866485596,230200
2015-05-28,7.849999904632568,8.0,7.800000190734863,8.0,8.0,304800
2015-05-29,7.949999809265137,8.0600004196167,7.829999923706055,8.0,8.0,307100
2015-06-01,7.78000020980835,8.069999694824219,7.78000020980835,8.0600004196167,8.0600004196167,541400
2015-06-02,8.039999961853027,8.239999771118164,7.980000019073486,8.100000381469727,8.100000381469727,268400
2015-06-03,8.09000015258789,8.199999809265137,8.050000190734863,8.100000381469727,8.100000381469727,220800
2015-06-04,8.069999694824219,8.09000015258789,7.949999809265137,7.980000019073486,7.980000019073486,225800
2015-06-05,7.980000019073486,8.149999618530273,7.820000171661377,8.130000114440918,8.130000114440918,219000
2015-06-08,8.109999656677246,8.180000305175781,8.069999694824219,8.109999656677246,8.109999656677246,209500
2015-06-09,8.130000114440918,8.1899995803833,8.0600004196167,8.130000114440918,8.130000114440918,232500
2015-06-10,8.149999618530273,8.350000381469727,8.140000343322754,8.319999694824219,8.319999694824219,516700
2015-06-11,8.3100004196167,8.550000190734863,8.289999961853027,8.550000190734863,8.550000190734863,278800
2015-06-12,8.4399995803833,8.5600004196167,8.390000343322754,8.520000457763672,8.520000457763672,219100
2015-06-15,8.4399995803833,8.84000015258789,8.359999656677246,8.770000457763672,8.770000457763672,346300
2015-06-16,8.770000457763672,8.960000038146973,8.6899995803833,8.850000381469727,8.850000381469727,356500
2015-06-17,8.859999656677246,8.949999809265137,8.760000228881836,8.869999885559082,8.869999885559082,282100
2015-06-18,8.829999923706055,8.829999923706055,8.430000305175781,8.510000228881836,8.510000228881836,293100
2015-06-19,8.5,8.520000457763672,8.239999771118164,8.279999732971191,8.279999732971191,419800
2015-06-22,8.319999694824219,8.4399995803833,8.229999542236328,8.279999732971191,8.279999732971191,156900
2015-06-23,8.319999694824219,8.470000267028809,8.3100004196167,8.4399995803833,8.4399995803833,247800
2015-06-24,8.380000114440918,8.470000267028809,8.3100004196167,8.449999809265137,8.449999809265137,217600
2015-06-25,8.460000038146973,8.460000038146973,8.180000305175781,8.239999771118164,8.239999771118164,151200
2015-06-26,8.239999771118164,8.25,7.900000095367432,7.989999771118164,7.989999771118164,284400
2015-06-29,7.949999809265137,8.039999961853027,7.760000228881836,7.78000020980835,7.78000020980835,228900
2015-06-30,7.849999904632568,7.849999904632568,7.599999904632568,7.610000133514404,7.610000133514404,278200
2015-07-01,7.650000095367432,7.760000228881836,7.46999979019165,7.5,7.5,266500
2015-07-02,7.559999942779541,7.579999923706055,7.489999771118164,7.519999980926514,7.519999980926514,223200
2015-07-06,7.480000019073486,7.559999942779541,7.360000133514404,7.360000133514404,7.360000133514404,230500
2015-07-07,7.340000152587891,7.440000057220459,7.179999828338623,7.400000095367432,7.400000095367432,268400
2015-07-08,7.380000114440918,7.460000038146973,7.230000019073486,7.380000114440918,7.380000114440918,224100
2015-07-09,7.420000076293945,7.420000076293945,6.860000133514404,7.059999942779541,7.059999942779541,909100
2015-07-10,7.110000133514404,7.309999942779541,7.099999904632568,7.260000228881836,7.260000228881836,481000
2015-07-13,7.269999980926514,7.340000152587891,7.179999828338623,7.230000019073486,7.230000019073486,374800
2015-07-14,7.230000019073486,7.360000133514404,7.190000057220459,7.349999904632568,7.349999904632568,302100
2015-07-15,7.420000076293945,7.590000152587891,7.340000152587891,7.480000019073486,7.480000019073486,254900
2015-07-16,7.510000228881836,7.639999866485596,7.420000076293945,7.440000057220459,7.440000057220459,132300
2015-07-17,7.440000057220459,7.53000020980835,7.369999885559082,7.420000076293945,7.420000076293945,115500
2015-07-20,7.369999885559082,7.420000076293945,7.170000076293945,7.21999979019165,7.21999979019165,206000
2015-07-21,7.230000019073486,7.409999847412109,7.179999828338623,7.199999809265137,7.199999809265137,130100
2015-07-22,7.170000076293945,7.25,7.099999904632568,7.110000133514404,7.110000133514404,106000
2015-07-23,7.139999866485596,7.25,6.96999979019165,6.980000019073486,6.980000019073486,179300
2015-07-24,6.960000038146973,7.099999904632568,6.909999847412109,6.960000038146973,6.960000038146973,178500
2015-07-27,6.949999809265137,6.980000019073486,6.869999885559082,6.909999847412109,6.909999847412109,162700
2015-07-28,6.960000038146973,7.079999923706055,6.860000133514404,7.0,7.0,353900
2015-07-29,7.900000095367432,8.789999961853027,7.900000095367432,8.1899995803833,8.1899995803833,1418500
2015-07-30,8.289999961853027,8.569999694824219,8.220000267028809,8.449999809265137,8.449999809265137,739000
2015-07-31,8.5,8.65999984741211,8.369999885559082,8.430000305175781,8.430000305175781,459400
2015-08-03,8.399999618530273,8.600000381469727,8.3100004196167,8.34000015258789,8.34000015258789,239300
2015-08-04,8.34000015258789,8.390000343322754,8.199999809265137,8.270000457763672,8.270000457763672,206200
2015-08-05,8.319999694824219,8.449999809265137,8.180000305175781,8.25,8.25,253400
2015-08-06,8.300000190734863,8.380000114440918,7.980000019073486,8.100000381469727,8.100000381469727,403500
2015-08-07,8.0,8.069999694824219,7.929999828338623,7.980000019073486,7.980000019073486,234800
2015-08-10,8.010000228881836,8.199999809265137,8.0,8.119999885559082,8.119999885559082,428800
2015-08-11,8.020000457763672,8.149999618530273,7.860000133514404,7.860000133514404,7.860000133514404,158800
2015-08-12,7.849999904632568,7.920000076293945,7.71999979019165,7.829999923706055,7.829999923706055,165700
2015-08-13,7.800000190734863,8.010000228881836,7.800000190734863,7.820000171661377,7.820000171661377,168500
2015-08-14,7.849999904632568,7.920000076293945,7.769999980926514,7.920000076293945,7.920000076293945,95100
2015-08-17,7.920000076293945,7.920000076293945,7.769999980926514,7.829999923706055,7.829999923706055,141500
2015-08-18,7.789999961853027,7.860000133514404,7.590000152587891,7.590000152587891,7.590000152587891,138800
2015-08-19,7.519999980926514,7.550000190734863,7.389999866485596,7.420000076293945,7.420000076293945,168100
2015-08-20,7.380000114440918,7.380000114440918,7.130000114440918,7.139999866485596,7.139999866485596,192200
2015-08-21,7.010000228881836,7.440000057220459,6.920000076293945,7.329999923706055,7.329999923706055,237100
2015-08-24,6.929999828338623,7.400000095367432,6.75,7.079999923706055,7.079999923706055,246500
2015-08-25,7.309999942779541,7.309999942779541,7.039999961853027,7.099999904632568,7.099999904632568,223300
2015-08-26,7.170000076293945,7.369999885559082,6.989999771118164,7.320000171661377,7.320000171661377,230900
2015-08-27,7.340000152587891,7.710000038146973,7.329999923706055,7.690000057220459,7.690000057220459,305000
2015-08-28,7.690000057220459,7.980000019073486,7.639999866485596,7.760000228881836,7.760000228881836,316400
2015-08-31,7.679999828338623,8.039999961853027,7.679999828338623,8.010000228881836,8.010000228881836,274700
2015-09-01,7.829999923706055,7.96999979019165,7.699999809265137,7.739999771118164,7.739999771118164,247400
2015-09-02,7.860000133514404,7.909999847412109,7.730000019073486,7.849999904632568,7.849999904632568,180800
2015-09-03,7.860000133514404,7.989999771118164,7.78000020980835,7.78000020980835,7.78000020980835,242900
2015-09-04,7.670000076293945,7.929999828338623,7.670000076293945,7.889999866485596,7.889999866485596,217400
2015-09-08,7.929999828338623,7.980000019073486,7.800000190734863,7.960000038146973,7.960000038146973,266600
2015-09-09,8.0,8.09000015258789,7.829999923706055,7.840000152587891,7.840000152587891,223200
2015-09-10,7.840000152587891,8.09000015258789,7.789999961853027,7.849999904632568,7.849999904632568,211500
2015-09-11,7.75,7.809999942779541,7.610000133514404,7.659999847412109,7.659999847412109,165300
2015-09-14,7.679999828338623,7.679999828338623,7.519999980926514,7.559999942779541,7.559999942779541,163800
2015-09-15,7.550000190734863,7.699999809265137,7.519999980926514,7.639999866485596,7.639999866485596,140400
2015-09-16,7.619999885559082,7.849999904632568,7.619999885559082,7.800000190734863,7.800000190734863,151200
2015-09-17,7.769999980926514,7.949999809265137,7.710000038146973,7.78000020980835,7.78000020980835,172300
2015-09-18,7.690000057220459,7.769999980926514,7.539999961853027,7.590000152587891,7.590000152587891,284100
2015-09-21,7.630000114440918,7.769999980926514,7.550000190734863,7.650000095367432,7.650000095367432,137700
2015-09-22,7.550000190734863,7.610000133514404,7.389999866485596,7.460000038146973,7.460000038146973,152100
2015-09-23,7.519999980926514,7.570000171661377,7.309999942779541,7.349999904632568,7.349999904632568,150800
2015-09-24,7.28000020980835,7.579999923706055,7.28000020980835,7.539999961853027,7.539999961853027,151700
2015-09-25,7.599999904632568,7.599999904632568,7.340000152587891,7.360000133514404,7.360000133514404,153000
2015-09-28,7.360000133514404,7.559999942779541,7.320000171661377,7.400000095367432,7.400000095367432,252400
2015-09-29,7.380000114440918,7.480000019073486,7.289999961853027,7.320000171661377,7.320000171661377,266200
2015-09-30,7.400000095367432,7.800000190734863,7.400000095367432,7.789999961853027,7.789999961853027,254600
2015-10-01,8.0,8.1899995803833,7.849999904632568,8.100000381469727,8.100000381469727,457500
2015-10-02,8.0600004196167,8.15999984741211,7.989999771118164,8.09000015258789,8.09000015258789,230300
2015-10-05,8.1899995803833,8.279999732971191,8.010000228881836,8.15999984741211,8.15999984741211,395500
2015-10-06,8.100000381469727,8.350000381469727,8.100000381469727,8.289999961853027,8.289999961853027,199200
2015-10-07,8.369999885559082,8.399999618530273,8.119999885559082,8.369999885559082,8.369999885559082,260100
2015-10-08,8.399999618530273,8.600000381469727,8.350000381469727,8.539999961853027,8.539999961853027,198800
2015-10-09,8.579999923706055,8.800000190734863,8.539999961853027,8.789999961853027,8.789999961853027,161200
2015-10-12,8.800000190734863,8.869999885559082,8.470000267028809,8.5,8.5,129900
2015-10-13,8.479999542236328,8.619999885559082,8.369999885559082,8.449999809265137,8.449999809265137,139800
2015-10-14,8.520000457763672,8.579999923706055,8.40999984741211,8.430000305175781,8.430000305175781,145600
2015-10-15,8.479999542236328,8.630000114440918,8.40999984741211,8.600000381469727,8.600000381469727,189100
2015-10-16,8.630000114440918,8.770000457763672,8.479999542236328,8.6899995803833,8.6899995803833,179200
2015-10-19,8.600000381469727,9.069999694824219,8.550000190734863,9.0,9.0,582000
2015-10-20,8.960000038146973,9.069999694824219,8.789999961853027,8.899999618530273,8.899999618530273,263000
2015-10-21,8.9399995803833,8.9399995803833,8.670000076293945,8.670000076293945,8.670000076293945,130200
2015-10-22,8.6899995803833,8.920000076293945,8.640000343322754,8.850000381469727,8.850000381469727,295500
2015-10-23,8.890000343322754,9.0,8.829999923706055,8.970000267028809,8.970000267028809,136700
2015-10-26,8.970000267028809,9.050000190734863,8.899999618530273,8.989999771118164,8.989999771118164,191200
2015-10-27,8.949999809265137,8.989999771118164,8.579999923706055,8.649999618530273,8.649999618530273,187000
2015-10-28,8.699999809265137,9.029999732971191,8.609999656677246,9.0,9.0,236400
2015-10-29,8.9399995803833,9.069999694824219,8.760000228881836,8.859999656677246,8.859999656677246,167600
2015-10-30,7.480000019073486,7.599999904632568,6.300000190734863,6.989999771118164,6.989999771118164,2135600
2015-11-02,6.949999809265137,7.010000228881836,6.849999904632568,6.940000057220459,6.940000057220459,819600
2015-11-03,6.920000076293945,7.090000152587891,6.920000076293945,6.929999828338623,6.929999828338623,384700
2015-11-04,6.980000019073486,7.139999866485596,6.949999809265137,7.03000020980835,7.03000020980835,363100
2015-11-05,7.03000020980835,7.199999809265137,7.0,7.110000133514404,7.110000133514404,214600
2015-11-06,7.070000171661377,7.440000057220459,7.010000228881836,7.420000076293945,7.420000076293945,387100
2015-11-09,7.389999866485596,7.480000019073486,7.269999980926514,7.289999961853027,7.289999961853027,281200
2015-11-10,7.25,7.340000152587891,7.150000095367432,7.260000228881836,7.260000228881836,315800
2015-11-11,7.25,7.369999885559082,7.110000133514404,7.119999885559082,7.119999885559082,209300
2015-11-12,7.070000171661377,7.130000114440918,7.0,7.010000228881836,7.010000228881836,148700
2015-11-13,7.0,7.230000019073486,6.989999771118164,7.019999980926514,7.019999980926514,244000
2015-11-16,7.0,7.340000152587891,7.0,7.309999942779541,7.309999942779541,249800
2015-11-17,7.25,7.360000133514404,7.0,7.010000228881836,7.010000228881836,296000
2015-11-18,7.050000190734863,7.199999809265137,7.010000228881836,7.139999866485596,7.139999866485596,324400
2015-11-19,7.099999904632568,7.269999980926514,7.090000152587891,7.159999847412109,7.159999847412109,177800
2015-11-20,7.199999809265137,7.429999828338623,7.199999809265137,7.320000171661377,7.320000171661377,168900
2015-11-23,7.300000190734863,7.460000038146973,7.230000019073486,7.349999904632568,7.349999904632568,153900
2015-11-24,7.340000152587891,7.420000076293945,7.210000038146973,7.409999847412109,7.409999847412109,289700
2015-11-25,7.400000095367432,7.590000152587891,7.349999904632568,7.46999979019165,7.46999979019165,192700
2015-11-27,7.449999809265137,7.869999885559082,7.409999847412109,7.809999942779541,7.809999942779541,111700
2015-11-30,7.829999923706055,7.960000038146973,7.75,7.920000076293945,7.920000076293945,385500
2015-12-01,7.920000076293945,7.940000057220459,7.809999942779541,7.840000152587891,7.840000152587891,250600
2015-12-02,7.829999923706055,8.0600004196167,7.829999923706055,8.0,8.0,326600
2015-12-03,7.989999771118164,8.069999694824219,7.789999961853027,7.789999961853027,7.789999961853027,234300
2015-12-04,7.75,7.860000133514404,7.739999771118164,7.769999980926514,7.769999980926514,189700
2015-12-07,7.739999771118164,7.800000190734863,7.429999828338623,7.449999809265137,7.449999809265137,322200
2015-12-08,7.340000152587891,7.349999904632568,7.230000019073486,7.300000190734863,7.300000190734863,324400
2015-12-09,7.300000190734863,7.449999809265137,7.199999809265137,7.269999980926514,7.269999980926514,192100
2015-12-10,7.199999809265137,7.579999923706055,7.119999885559082,7.46999979019165,7.46999979019165,203300
2015-12-11,7.329999923706055,7.519999980926514,7.320000171661377,7.449999809265137,7.449999809265137,277800
2015-12-14,7.449999809265137,7.5,7.300000190734863,7.329999923706055,7.329999923706055,199900
2015-12-15,7.380000114440918,7.539999961853027,7.309999942779541,7.440000057220459,7.440000057220459,213700
2015-12-16,7.440000057220459,7.730000019073486,7.420000076293945,7.5,7.5,299700
2015-12-17,7.579999923706055,7.659999847412109,7.369999885559082,7.380000114440918,7.380000114440918,268400
2015-12-18,7.400000095367432,7.579999923706055,7.360000133514404,7.400000095367432,7.400000095367432,581300
2015-12-21,7.429999828338623,7.550000190734863,7.429999828338623,7.510000228881836,7.510000228881836,162800
2015-12-22,7.5,7.75,7.5,7.739999771118164,7.739999771118164,205900
2015-12-23,7.760000228881836,7.96999979019165,7.760000228881836,7.869999885559082,7.869999885559082,139200
2015-12-24,7.869999885559082,8.039999961853027,7.869999885559082,7.909999847412109,7.909999847412109,124600
2015-12-28,7.869999885559082,7.940000057220459,7.800000190734863,7.809999942779541,7.809999942779541,136200
2015-12-29,7.840000152587891,8.09000015258789,7.829999923706055,8.0,8.0,150800
2015-12-30,7.960000038146973,8.109999656677246,7.889999866485596,7.900000095367432,7.900000095367432,172600
2015-12-31,7.829999923706055,7.989999771118164,7.820000171661377,7.869999885559082,7.869999885559082,169100
2016-01-04,7.710000038146973,7.869999885559082,7.460000038146973,7.639999866485596,7.639999866485596,319500
2016-01-05,7.630000114440918,7.639999866485596,7.269999980926514,7.340000152587891,7.340000152587891,330800
2016-01-06,7.230000019073486,7.429999828338623,7.190000057220459,7.269999980926514,7.269999980926514,248200
2016-01-07,7.150000095367432,7.199999809265137,6.940000057220459,6.940000057220459,6.940000057220459,157400
2016-01-08,7.570000171661377,7.78000020980835,7.300000190734863,7.559999942779541,7.559999942779541,392100
2016-01-11,7.570000171661377,7.820000171661377,7.550000190734863,7.690000057220459,7.690000057220459,290100
2016-01-12,7.739999771118164,7.78000020980835,7.510000228881836,7.619999885559082,7.619999885559082,207100
2016-01-13,7.619999885559082,7.71999979019165,7.170000076293945,7.210000038146973,7.210000038146973,264700
2016-01-14,7.230000019073486,7.519999980926514,7.179999828338623,7.420000076293945,7.420000076293945,165400
2016-01-15,7.190000057220459,7.289999961853027,6.980000019073486,7.210000038146973,7.210000038146973,164600
2016-01-19,7.289999961853027,7.349999904632568,6.980000019073486,7.039999961853027,7.039999961853027,188400
2016-01-20,7.050000190734863,7.25,6.75,7.139999866485596,7.139999866485596,252100
2016-01-21,7.130000114440918,7.309999942779541,7.050000190734863,7.230000019073486,7.230000019073486,191200
2016-01-22,7.360000133514404,7.510000228881836,7.260000228881836,7.440000057220459,7.440000057220459,252000
2016-01-25,7.369999885559082,7.510000228881836,7.179999828338623,7.230000019073486,7.230000019073486,244900
2016-01-26,7.289999961853027,7.610000133514404,7.199999809265137,7.579999923706055,7.579999923706055,136700
2016-01-27,7.539999961853027,7.630000114440918,7.400000095367432,7.440000057220459,7.440000057220459,207000
2016-01-28,7.510000228881836,7.71999979019165,7.429999828338623,7.570000171661377,7.570000171661377,182900
2016-01-29,7.630000114440918,7.760000228881836,7.570000171661377,7.679999828338623,7.679999828338623,286100
2016-02-01,7.570000171661377,7.869999885559082,7.53000020980835,7.829999923706055,7.829999923706055,245000
2016-02-02,7.710000038146973,7.820000171661377,7.380000114440918,7.420000076293945,7.420000076293945,208600
2016-02-03,7.5,7.590000152587891,7.380000114440918,7.409999847412109,7.409999847412109,264600
2016-02-04,7.400000095367432,7.679999828338623,7.360000133514404,7.5,7.5,246500
2016-02-05,7.46999979019165,7.519999980926514,7.340000152587891,7.340000152587891,7.340000152587891,205100
2016-02-08,7.25,7.449999809265137,7.190000057220459,7.389999866485596,7.389999866485596,218900
2016-02-09,7.239999771118164,7.510000228881836,7.150000095367432,7.230000019073486,7.230000019073486,239500
2016-02-10,6.909999847412109,7.070000171661377,6.0,6.159999847412109,6.159999847412109,982200
2016-02-11,6.03000020980835,6.079999923706055,5.760000228881836,5.909999847412109,5.909999847412109,600200
2016-02-12,5.909999847412109,5.929999828338623,5.639999866485596,5.670000076293945,5.670000076293945,372500
2016-02-16,5.769999980926514,6.050000190734863,5.760000228881836,5.989999771118164,5.989999771118164,387300
2016-02-17,6.0,6.199999809265137,5.829999923706055,5.940000057220459,5.940000057220459,371600
2016-02-18,5.929999828338623,6.0,5.789999961853027,5.840000152587891,5.840000152587891,229700
2016-02-19,5.820000171661377,6.010000228881836,5.820000171661377,5.940000057220459,5.940000057220459,261300
2016-02-22,5.989999771118164,6.369999885559082,5.989999771118164,6.340000152587891,6.340000152587891,735700
2016-02-23,6.329999923706055,6.670000076293945,6.289999961853027,6.630000114440918,6.630000114440918,554400
2016-02-24,6.53000020980835,6.940000057220459,6.489999771118164,6.809999942779541,6.809999942779541,515600
2016-02-25,6.78000020980835,7.070000171661377,6.699999809265137,6.880000114440918,6.880000114440918,313600
2016-02-26,6.929999828338623,7.010000228881836,6.849999904632568,6.880000114440918,6.880000114440918,210800
2016-02-29,6.849999904632568,7.019999980926514,6.849999904632568,6.949999809265137,6.949999809265137,332700
2016-03-01,6.980000019073486,7.070000171661377,6.860000133514404,6.989999771118164,6.989999771118164,199600
2016-03-02,6.989999771118164,7.050000190734863,6.929999828338623,6.980000019073486,6.980000019073486,259300
2016-03-03,6.940000057220459,7.139999866485596,6.940000057220459,7.130000114440918,7.130000114440918,310100
2016-03-04,7.130000114440918,7.210000038146973,7.090000152587891,7.170000076293945,7.170000076293945,311900
2016-03-07,7.159999847412109,7.5,7.159999847412109,7.449999809265137,7.449999809265137,254600
2016-03-08,7.389999866485596,7.489999771118164,7.059999942779541,7.079999923706055,7.079999923706055,287500
2016-03-09,7.090000152587891,7.28000020980835,7.019999980926514,7.179999828338623,7.179999828338623,188300
2016-03-10,7.179999828338623,7.329999923706055,7.170000076293945,7.210000038146973,7.210000038146973,296400
2016-03-11,7.239999771118164,7.340000152587891,7.190000057220459,7.309999942779541,7.309999942779541,360300
2016-03-14,7.289999961853027,7.630000114440918,7.28000020980835,7.449999809265137,7.449999809265137,179000
2016-03-15,7.369999885559082,7.380000114440918,7.179999828338623,7.199999809265137,7.199999809265137,205300
2016-03-16,7.139999866485596,7.329999923706055,7.139999866485596,7.21999979019165,7.21999979019165,171400
2016-03-17,7.179999828338623,7.329999923706055,7.179999828338623,7.289999961853027,7.289999961853027,362400
2016-03-18,7.349999904632568,7.420000076293945,7.25,7.269999980926514,7.269999980926514,309800
2016-03-21,7.190000057220459,7.320000171661377,7.159999847412109,7.28000020980835,7.28000020980835,193200
2016-03-22,7.210000038146973,7.340000152587891,7.199999809265137,7.230000019073486,7.230000019073486,294600
2016-03-23,7.190000057220459,7.21999979019165,6.679999828338623,6.710000038146973,6.710000038146973,428700
2016-03-24,6.679999828338623,6.71999979019165,6.510000228881836,6.550000190734863,6.550000190734863,257400
2016-03-28,6.579999923706055,6.809999942779541,6.539999961853027,6.75,6.75,238700
2016-03-29,6.670000076293945,7.21999979019165,6.630000114440918,7.179999828338623,7.179999828338623,204100
2016-03-30,7.170000076293945,7.230000019073486,6.989999771118164,7.019999980926514,7.019999980926514,323000
2016-03-31,7.0,7.179999828338623,6.949999809265137,7.090000152587891,7.090000152587891,427800
2016-04-01,7.010000228881836,7.210000038146973,6.989999771118164,7.119999885559082,7.119999885559082,309800
2016-04-04,7.130000114440918,7.199999809265137,7.0,7.0,7.0,181300
2016-04-05,6.96999979019165,7.119999885559082,6.949999809265137,7.050000190734863,7.050000190734863,426800
2016-04-06,7.039999961853027,7.090000152587891,6.860000133514404,6.960000038146973,6.960000038146973,192200
2016-04-07,6.869999885559082,6.96999979019165,6.619999885559082,6.650000095367432,6.650000095367432,171900
2016-04-08,6.75,6.880000114440918,6.639999866485596,6.659999847412109,6.659999847412109,192900
2016-04-11,6.670000076293945,6.829999923706055,6.599999904632568,6.619999885559082,6.619999885559082,194100
2016-04-12,6.579999923706055,6.659999847412109,6.510000228881836,6.550000190734863,6.550000190734863,113900
2016-04-13,6.570000171661377,6.78000020980835,6.570000171661377,6.699999809265137,6.699999809265137,194400
2016-04-14,6.690000057220459,6.760000228881836,6.670000076293945,6.690000057220459,6.690000057220459,144700
2016-04-15,6.650000095367432,6.75,6.639999866485596,6.670000076293945,6.670000076293945,151100
2016-04-18,6.599999904632568,6.739999771118164,6.599999904632568,6.690000057220459,6.690000057220459,141200
2016-04-19,6.730000019073486,6.800000190734863,6.599999904632568,6.659999847412109,6.659999847412109,233600
2016-04-20,6.610000133514404,6.820000171661377,6.590000152587891,6.699999809265137,6.699999809265137,181900
2016-04-21,6.659999847412109,6.75,6.579999923706055,6.659999847412109,6.659999847412109,296600
2016-04-22,6.619999885559082,6.980000019073486,6.619999885559082,6.929999828338623,6.929999828338623,192500
2016-04-25,6.800000190734863,6.949999809265137,6.800000190734863,6.849999904632568,6.849999904632568,129700
2016-04-26,6.929999828338623,6.949999809265137,6.800000190734863,6.889999866485596,6.889999866485596,133700
2016-04-27,6.829999923706055,7.019999980926514,6.829999923706055,6.989999771118164,6.989999771118164,123200
2016-04-28,6.920000076293945,7.079999923706055,6.860000133514404,6.900000095367432,6.900000095367432,195300
2016-04-29,6.900000095367432,6.96999979019165,6.769999980926514,6.929999828338623,6.929999828338623,220700
2016-05-02,6.619999885559082,6.960000038146973,6.619999885559082,6.929999828338623,6.929999828338623,440700
2016-05-03,6.849999904632568,6.929999828338623,6.78000020980835,6.900000095367432,6.900000095367432,313200
2016-05-04,6.96999979019165,7.760000228881836,6.940000057220459,7.320000171661377,7.320000171661377,755300
2016-05-05,7.239999771118164,7.420000076293945,7.099999904632568,7.110000133514404,7.110000133514404,211400
2016-05-06,7.099999904632568,7.150000095367432,6.900000095367432,6.989999771118164,6.989999771118164,184400
2016-05-09,6.960000038146973,7.110000133514404,6.960000038146973,7.099999904632568,7.099999904632568,241000
2016-05-10,7.099999904632568,7.179999828338623,6.940000057220459,7.179999828338623,7.179999828338623,215600
2016-05-11,7.170000076293945,7.269999980926514,7.070000171661377,7.239999771118164,7.239999771118164,147800
2016-05-12,7.210000038146973,7.28000020980835,6.900000095367432,6.929999828338623,6.929999828338623,205100
2016-05-13,6.880000114440918,7.039999961853027,6.829999923706055,6.900000095367432,6.900000095367432,177600
2016-05-16,6.909999847412109,7.03000020980835,6.809999942779541,6.900000095367432,6.900000095367432,247500
2016-05-17,6.840000152587891,6.909999847412109,6.599999904632568,6.650000095367432,6.650000095367432,173500
2016-05-18,6.639999866485596,6.789999961853027,6.579999923706055,6.679999828338623,6.679999828338623,152400
2016-05-19,6.650000095367432,6.739999771118164,6.239999771118164,6.28000020980835,6.28000020980835,240400
2016-05-20,6.289999961853027,6.46999979019165,6.289999961853027,6.460000038146973,6.460000038146973,219500
2016-05-23,6.449999809265137,6.679999828338623,6.449999809265137,6.650000095367432,6.650000095367432,177100
2016-05-24,6.670000076293945,6.880000114440918,6.619999885559082,6.840000152587891,6.840000152587891,122600
2016-05-25,6.900000095367432,6.949999809265137,6.78000020980835,6.809999942779541,6.809999942779541,113600
2016-05-26,6.820000171661377,6.880000114440918,6.75,6.809999942779541,6.809999942779541,87400
2016-05-27,6.789999961853027,6.820000171661377,6.579999923706055,6.739999771118164,6.739999771118164,148900
2016-05-31,6.730000019073486,6.820000171661377,6.690000057220459,6.760000228881836,6.760000228881836,150200
2016-06-01,6.739999771118164,6.809999942779541,6.650000095367432,6.760000228881836,6.760000228881836,156300
2016-06-02,6.760000228881836,6.789999961853027,6.679999828338623,6.789999961853027,6.789999961853027,121600
2016-06-03,6.789999961853027,6.849999904632568,6.760000228881836,6.789999961853027,6.789999961853027,242600
2016-06-06,6.78000020980835,6.940000057220459,6.78000020980835,6.929999828338623,6.929999828338623,154300
2016-06-07,6.889999866485596,7.110000133514404,6.889999866485596,6.989999771118164,6.989999771118164,216300
2016-06-08,6.989999771118164,7.090000152587891,6.96999979019165,6.980000019073486,6.980000019073486,92300
2016-06-09,6.900000095367432,6.929999828338623,6.840000152587891,6.860000133514404,6.860000133514404,79800
2016-06-10,6.800000190734863,6.889999866485596,6.710000038146973,6.809999942779541,6.809999942779541,198500
2016-06-13,6.849999904632568,6.849999904632568,6.739999771118164,6.769999980926514,6.769999980926514,139300
2016-06-14,6.769999980926514,6.829999923706055,6.610000133514404,6.71999979019165,6.71999979019165,143300
2016-06-15,6.75,6.949999809265137,6.71999979019165,6.900000095367432,6.900000095367432,128200
2016-06-16,6.940000057220459,7.150000095367432,6.900000095367432,7.019999980926514,7.019999980926514,156400
2016-06-17,7.039999961853027,7.059999942779541,6.900000095367432,6.949999809265137,6.949999809265137,333900
2016-06-20,7.0,7.199999809265137,7.0,7.050000190734863,7.050000190734863,106100
2016-06-21,7.059999942779541,7.110000133514404,7.0,7.070000171661377,7.070000171661377,77200
2016-06-22,7.070000171661377,7.159999847412109,6.909999847412109,6.929999828338623,6.929999828338623,78600
2016-06-23,7.039999961853027,7.300000190734863,6.989999771118164,7.28000020980835,7.28000020980835,134100
2016-06-24,6.920000076293945,7.010000228881836,6.710000038146973,6.739999771118164,6.739999771118164,175600
2016-06-27,6.699999809265137,6.75,6.300000190734863,6.380000114440918,6.380000114440918,142200
2016-06-28,6.460000038146973,6.630000114440918,6.409999847412109,6.510000228881836,6.510000228881836,157500
2016-06-29,6.699999809265137,6.769999980926514,6.610000133514404,6.650000095367432,6.650000095367432,121600
2016-06-30,6.679999828338623,6.920000076293945,6.619999885559082,6.909999847412109,6.909999847412109,106200
2016-07-01,6.889999866485596,7.139999866485596,6.869999885559082,7.099999904632568,7.099999904632568,218600
2016-07-05,7.110000133514404,7.119999885559082,6.860000133514404,6.920000076293945,6.920000076293945,67100
2016-07-06,6.900000095367432,7.0,6.840000152587891,6.889999866485596,6.889999866485596,59600
2016-07-07,6.980000019073486,7.139999866485596,6.96999979019165,7.059999942779541,7.059999942779541,108000
2016-07-08,7.199999809265137,7.5,7.170000076293945,7.46999979019165,7.46999979019165,192600
2016-07-11,7.53000020980835,7.599999904632568,7.440000057220459,7.519999980926514,7.519999980926514,150300
2016-07-12,7.690000057220459,7.690000057220459,7.53000020980835,7.53000020980835,7.53000020980835,109900
2016-07-13,7.650000095367432,7.670000076293945,7.480000019073486,7.489999771118164,7.489999771118164,68200
2016-07-14,7.519999980926514,7.570000171661377,7.409999847412109,7.409999847412109,7.409999847412109,77700
2016-07-15,7.510000228881836,7.659999847412109,7.449999809265137,7.5,7.5,137700
2016-07-18,7.550000190734863,7.650000095367432,7.429999828338623,7.550000190734863,7.550000190734863,108400
2016-07-19,7.559999942779541,7.650000095367432,7.420000076293945,7.429999828338623,7.429999828338623,97800
2016-07-20,7.510000228881836,8.0,7.5,7.909999847412109,7.909999847412109,246300
2016-07-21,7.929999828338623,7.960000038146973,7.630000114440918,7.659999847412109,7.659999847412109,179800
2016-07-22,7.630000114440918,7.809999942779541,7.579999923706055,7.679999828338623,7.679999828338623,111700
2016-07-25,7.71999979019165,7.96999979019165,7.71999979019165,7.809999942779541,7.809999942779541,178500
2016-07-26,7.849999904632568,7.909999847412109,7.739999771118164,7.840000152587891,7.840000152587891,136500
2016-07-27,7.820000171661377,7.880000114440918,7.699999809265137,7.829999923706055,7.829999923706055,66000
2016-07-28,7.760000228881836,7.78000020980835,7.639999866485596,7.650000095367432,7.650000095367432,51200
2016-07-29,7.650000095367432,7.820000171661377,7.610000133514404,7.71999979019165,7.71999979019165,95000
2016-08-01,7.699999809265137,7.840000152587891,7.610000133514404,7.760000228881836,7.760000228881836,153400
2016-08-02,7.739999771118164,7.769999980926514,7.550000190734863,7.570000171661377,7.570000171661377,203800
2016-08-03,7.989999771118164,8.199999809265137,7.71999979019165,8.130000114440918,8.130000114440918,497900
2016-08-04,8.119999885559082,8.149999618530273,7.800000190734863,7.900000095367432,7.900000095367432,166300
2016-08-05,7.940000057220459,8.09000015258789,7.920000076293945,7.96999979019165,7.96999979019165,229400
2016-08-08,7.960000038146973,7.989999771118164,7.800000190734863,7.889999866485596,7.889999866485596,111100
2016-08-09,7.929999828338623,7.989999771118164,7.869999885559082,7.920000076293945,7.920000076293945,64500
2016-08-10,7.900000095367432,7.920000076293945,7.730000019073486,7.75,7.75,122800
2016-08-11,7.800000190734863,7.800000190734863,7.690000057220459,7.730000019073486,7.730000019073486,114200
2016-08-12,7.730000019073486,7.820000171661377,7.690000057220459,7.809999942779541,7.809999942779541,54400
2016-08-15,7.800000190734863,7.940000057220459,7.78000020980835,7.900000095367432,7.900000095367432,87600
2016-08-16,7.889999866485596,7.920000076293945,7.800000190734863,7.829999923706055,7.829999923706055,81200
2016-08-17,7.840000152587891,7.840000152587891,7.650000095367432,7.679999828338623,7.679999828338623,117600
2016-08-18,7.710000038146973,7.730000019073486,7.570000171661377,7.730000019073486,7.730000019073486,87100
2016-08-19,7.71999979019165,7.789999961853027,7.659999847412109,7.699999809265137,7.699999809265137,109700
2016-08-22,7.699999809265137,7.820000171661377,7.550000190734863,7.78000020980835,7.78000020980835,135100
2016-08-23,7.75,7.880000114440918,7.639999866485596,7.639999866485596,7.639999866485596,165000
2016-08-24,7.650000095367432,7.690000057220459,7.5,7.510000228881836,7.510000228881836,217700
2016-08-25,7.5,7.769999980926514,7.5,7.71999979019165,7.71999979019165,82200
2016-08-26,7.679999828338623,7.769999980926514,7.409999847412109,7.449999809265137,7.449999809265137,148900
2016-08-29,7.46999979019165,7.559999942779541,7.409999847412109,7.539999961853027,7.539999961853027,97100
2016-08-30,7.599999904632568,7.599999904632568,7.510000228881836,7.510000228881836,7.510000228881836,93700
2016-08-31,7.489999771118164,7.5,7.369999885559082,7.440000057220459,7.440000057220459,129700
2016-09-01,7.440000057220459,7.550000190734863,7.369999885559082,7.5,7.5,105700
2016-09-02,7.599999904632568,7.619999885559082,7.5,7.53000020980835,7.53000020980835,92600
2016-09-06,7.539999961853027,7.659999847412109,7.53000020980835,7.650000095367432,7.650000095367432,146000
2016-09-07,7.659999847412109,7.78000020980835,7.619999885559082,7.650000095367432,7.650000095367432,82800
2016-09-08,7.650000095367432,7.699999809265137,7.460000038146973,7.5,7.5,67300
2016-09-09,7.349999904632568,7.409999847412109,7.130000114440918,7.199999809265137,7.199999809265137,133900
2016-09-12,7.119999885559082,7.269999980926514,7.050000190734863,7.260000228881836,7.260000228881836,84500
2016-09-13,7.170000076293945,7.340000152587891,6.980000019073486,7.039999961853027,7.039999961853027,101200
2016-09-14,7.050000190734863,7.150000095367432,7.0,7.019999980926514,7.019999980926514,77600
2016-09-15,7.079999923706055,7.159999847412109,7.03000020980835,7.090000152587891,7.090000152587891,98000
2016-09-16,7.090000152587891,7.119999885559082,6.949999809265137,6.980000019073486,6.980000019073486,442600
2016-09-19,6.960000038146973,7.019999980926514,6.889999866485596,6.900000095367432,6.900000095367432,168900
2016-09-20,7.03000020980835,7.03000020980835,6.940000057220459,6.949999809265137,6.949999809265137,108300
2016-09-21,6.940000057220459,7.019999980926514,6.789999961853027,6.880000114440918,6.880000114440918,130900
2016-09-22,6.949999809265137,7.019999980926514,6.869999885559082,6.889999866485596,6.889999866485596,163600
2016-09-23,6.820000171661377,6.980000019073486,6.820000171661377,6.960000038146973,6.960000038146973,455300
2016-09-26,6.909999847412109,7.329999923706055,6.909999847412109,7.25,7.25,136600
2016-09-27,7.070000171661377,7.449999809265137,7.050000190734863,7.309999942779541,7.309999942779541,324500
2016-09-28,7.300000190734863,7.610000133514404,7.300000190734863,7.559999942779541,7.559999942779541,104400
2016-09-29,7.590000152587891,7.619999885559082,7.380000114440918,7.389999866485596,7.389999866485596,90800
2016-09-30,7.429999828338623,7.460000038146973,7.329999923706055,7.349999904632568,7.349999904632568,167900
2016-10-03,7.329999923706055,7.340000152587891,7.239999771118164,7.289999961853027,7.289999961853027,70300
2016-10-04,7.289999961853027,7.369999885559082,7.199999809265137,7.210000038146973,7.210000038146973,89300
2016-10-05,7.230000019073486,7.389999866485596,7.179999828338623,7.320000171661377,7.320000171661377,60800
2016-10-06,7.199999809265137,7.320000171661377,7.0,7.059999942779541,7.059999942779541,94000
2016-10-07,7.110000133514404,7.159999847412109,7.019999980926514,7.090000152587891,7.090000152587891,116700
2016-10-10,7.130000114440918,7.25,7.090000152587891,7.210000038146973,7.210000038146973,63700
2016-10-11,7.210000038146973,7.210000038146973,6.900000095367432,6.960000038146973,6.960000038146973,113400
2016-10-12,6.940000057220459,7.019999980926514,6.889999866485596,6.929999828338623,6.929999828338623,120700
2016-10-13,6.900000095367432,6.980000019073486,6.809999942779541,6.820000171661377,6.820000171661377,113300
2016-10-14,6.940000057220459,7.019999980926514,6.690000057220459,6.71999979019165,6.71999979019165,470900
2016-10-17,6.75,6.840000152587891,6.5,6.5,6.5,148600
2016-10-18,6.550000190734863,6.699999809265137,6.449999809265137,6.699999809265137,6.699999809265137,178400
2016-10-19,6.699999809265137,6.900000095367432,6.5,6.900000095367432,6.900000095367432,172500
2016-10-20,6.900000095367432,6.900000095367432,6.599999904632568,6.75,6.75,133400
2016-10-21,6.650000095367432,6.699999809265137,6.599999904632568,6.599999904632568,6.599999904632568,47500
2016-10-24,6.800000190734863,6.800000190734863,6.599999904632568,6.699999809265137,6.699999809265137,81300
2016-10-25,6.699999809265137,6.789999961853027,6.550000190734863,6.599999904632568,6.599999904632568,72100
2016-10-26,6.599999904632568,6.730000019073486,6.349999904632568,6.349999904632568,6.349999904632568,116600
2016-10-27,6.449999809265137,6.449999809265137,6.300000190734863,6.300000190734863,6.300000190734863,150800
2016-10-28,6.349999904632568,6.550000190734863,6.349999904632568,6.400000095367432,6.400000095367432,120500
2016-10-31,6.449999809265137,6.550000190734863,6.25,6.25,6.25,151700
2016-11-01,6.400000095367432,6.5,6.150000095367432,6.25,6.25,232600
2016-11-02,6.699999809265137,7.050000190734863,6.650000095367432,6.650000095367432,6.650000095367432,417600
2016-11-03,6.650000095367432,6.75,6.599999904632568,6.599999904632568,6.599999904632568,126000
2016-11-04,6.599999904632568,6.800000190734863,6.449999809265137,6.599999904632568,6.599999904632568,304800
2016-11-07,6.75,6.900000095367432,6.75,6.900000095367432,6.900000095367432,194900
2016-11-08,6.900000095367432,6.949999809265137,6.800000190734863,6.900000095367432,6.900000095367432,135100
2016-11-09,6.849999904632568,7.150000095367432,6.650000095367432,7.150000095367432,7.150000095367432,240500
2016-11-10,7.199999809265137,7.5,7.0,7.400000095367432,7.400000095367432,238700
2016-11-11,7.400000095367432,7.800000190734863,7.25,7.699999809265137,7.699999809265137,410600
2016-11-14,7.849999904632568,7.849999904632568,7.53000020980835,7.650000095367432,7.650000095367432,122200
2016-11-15,7.599999904632568,7.730000019073486,7.550000190734863,7.650000095367432,7.650000095367432,79900
2016-11-16,7.650000095367432,7.75,7.550000190734863,7.699999809265137,7.699999809265137,88200
2016-11-17,7.699999809265137,7.800000190734863,7.599999904632568,7.699999809265137,7.699999809265137,66900
2016-11-18,7.699999809265137,7.75,7.400000095367432,7.599999904632568,7.599999904632568,206800
2016-11-21,7.599999904632568,7.800000190734863,7.449999809265137,7.75,7.75,114400
2016-11-22,7.699999809265137,7.800000190734863,7.550000190734863,7.599999904632568,7.599999904632568,197800
2016-11-23,7.5,7.800000190734863,7.5,7.800000190734863,7.800000190734863,95300
2016-11-25,7.75,7.849999904632568,7.650000095367432,7.849999904632568,7.849999904632568,47600
2016-11-28,7.75,7.849999904632568,7.599999904632568,7.650000095367432,7.650000095367432,74600
2016-11-29,7.75,7.849999904632568,7.650000095367432,7.699999809265137,7.699999809265137,78000
2016-11-30,7.699999809265137,7.849999904632568,7.449999809265137,7.550000190734863,7.550000190734863,115600
2016-12-01,7.550000190734863,7.75,7.25,7.349999904632568,7.349999904632568,112500
2016-12-02,7.300000190734863,7.400000095367432,7.150000095367432,7.300000190734863,7.300000190734863,49000
2016-12-05,7.400000095367432,7.599999904632568,7.400000095367432,7.550000190734863,7.550000190734863,109700
2016-12-06,7.650000095367432,7.650000095367432,7.400000095367432,7.550000190734863,7.550000190734863,84800
2016-12-07,7.449999809265137,7.699999809265137,7.449999809265137,7.550000190734863,7.550000190734863,80700
2016-12-08,7.650000095367432,7.949999809265137,7.599999904632568,7.949999809265137,7.949999809265137,237500
2016-12-09,7.900000095367432,8.0,7.75,7.849999904632568,7.849999904632568,200100
2016-12-12,7.800000190734863,7.880000114440918,7.650000095367432,7.650000095367432,7.650000095367432,91300
2016-12-13,7.699999809265137,7.869999885559082,7.599999904632568,7.699999809265137,7.699999809265137,145000
2016-12-14,7.699999809265137,7.75,7.449999809265137,7.5,7.5,96600
2016-12-15,7.5,7.929999828338623,7.449999809265137,7.849999904632568,7.849999904632568,186900
2016-12-16,7.900000095367432,8.0,7.75,7.949999809265137,7.949999809265137,289100
2016-12-19,7.849999904632568,8.050000190734863,7.800000190734863,7.849999904632568,7.849999904632568,171900
2016-12-20,7.849999904632568,8.100000381469727,7.699999809265137,7.75,7.75,105300
2016-12-21,7.75,7.849999904632568,7.699999809265137,7.699999809265137,7.699999809265137,169500
2016-12-22,7.650000095367432,7.75,7.599999904632568,7.699999809265137,7.699999809265137,86400
2016-12-23,7.75,8.0,7.650000095367432,7.800000190734863,7.800000190734863,102800
2016-12-27,7.800000190734863,8.0,7.699999809265137,7.800000190734863,7.800000190734863,114000
2016-12-28,7.75,7.809999942779541,7.5,7.800000190734863,7.800000190734863,89100
2016-12-29,7.849999904632568,7.900000095367432,7.5,7.75,7.75,106500
2016-12-30,7.650000095367432,7.75,7.550000190734863,7.699999809265137,7.699999809265137,83500
2017-01-03,7.75,7.760000228881836,7.53000020980835,7.599999904632568,7.599999904632568,139200
2017-01-04,7.650000095367432,7.75,7.5,7.550000190734863,7.550000190734863,131300
2017-01-05,7.550000190734863,7.599999904632568,7.369999885559082,7.5,7.5,100000
2017-01-06,7.550000190734863,7.550000190734863,7.25,7.25,7.25,126800
2017-01-09,7.25,7.349999904632568,7.150000095367432,7.199999809265137,7.199999809265137,86000
2017-01-10,7.25,7.349999904632568,7.25,7.349999904632568,7.349999904632568,146400
2017-01-11,7.300000190734863,7.400000095367432,7.150000095367432,7.199999809265137,7.199999809265137,86500
2017-01-12,7.300000190734863,7.300000190734863,6.900000095367432,6.900000095367432,6.900000095367432,87900
2017-01-13,7.0,7.380000114440918,7.0,7.349999904632568,7.349999904632568,136400
2017-01-17,7.349999904632568,7.349999904632568,6.929999828338623,6.949999809265137,6.949999809265137,76700
2017-01-18,7.050000190734863,7.150000095367432,6.900000095367432,6.900000095367432,6.900000095367432,143200
2017-01-19,7.0,7.150000095367432,6.849999904632568,6.949999809265137,6.949999809265137,69900
2017-01-20,6.949999809265137,7.050000190734863,6.849999904632568,6.900000095367432,6.900000095367432,161000
2017-01-23,6.949999809265137,7.079999923706055,6.75,7.0,7.0,92500
2017-01-24,6.949999809265137,7.349999904632568,6.949999809265137,7.25,7.25,246400
2017-01-25,7.349999904632568,7.449999809265137,7.199999809265137,7.25,7.25,135000
2017-01-26,7.300000190734863,7.300000190734863,7.0,7.0,7.0,58100
2017-01-27,7.0,7.199999809265137,6.900000095367432,7.150000095367432,7.150000095367432,206800
2017-01-30,7.050000190734863,7.099999904632568,6.949999809265137,7.050000190734863,7.050000190734863,122300
2017-01-31,7.050000190734863,7.199999809265137,7.0,7.199999809265137,7.199999809265137,108500
2017-02-01,7.25,7.25,7.099999904632568,7.150000095367432,7.150000095367432,54500
2017-02-02,7.099999904632568,7.199999809265137,7.050000190734863,7.050000190734863,7.050000190734863,101900
2017-02-03,7.050000190734863,7.25,7.050000190734863,7.199999809265137,7.199999809265137,74600
2017-02-06,7.150000095367432,7.25,7.050000190734863,7.150000095367432,7.150000095367432,101800
2017-02-07,7.199999809265137,7.25,6.949999809265137,7.0,7.0,68100
2017-02-08,7.050000190734863,7.050000190734863,6.849999904632568,6.900000095367432,6.900000095367432,58200
2017-02-09,6.800000190734863,7.099999904632568,6.800000190734863,7.0,7.0,67300
2017-02-10,7.099999904632568,7.5,7.050000190734863,7.400000095367432,7.400000095367432,95100
2017-02-13,7.400000095367432,7.400000095367432,7.199999809265137,7.300000190734863,7.300000190734863,43900
2017-02-14,7.300000190734863,7.75,7.150000095367432,7.650000095367432,7.650000095367432,217500
2017-02-15,6.449999809265137,6.989999771118164,6.150000095367432,6.900000095367432,6.900000095367432,713400
2017-02-16,6.800000190734863,6.849999904632568,6.78000020980835,6.849999904632568,6.849999904632568,139300
2017-02-17,6.900000095367432,7.0,6.599999904632568,6.800000190734863,6.800000190734863,225000
2017-02-21,6.699999809265137,6.849999904632568,6.699999809265137,6.849999904632568,6.849999904632568,151700
2017-02-22,6.800000190734863,6.900000095367432,6.699999809265137,6.849999904632568,6.849999904632568,131900
2017-02-23,6.849999904632568,7.0,6.78000020980835,7.0,7.0,123700
2017-02-24,6.900000095367432,7.099999904632568,6.849999904632568,7.050000190734863,7.050000190734863,84900
2017-02-27,7.050000190734863,7.099999904632568,6.949999809265137,7.099999904632568,7.099999904632568,116000
2017-02-28,7.0,7.099999904632568,6.75,6.900000095367432,6.900000095367432,400100
2017-03-01,7.0,7.079999923706055,6.900000095367432,7.050000190734863,7.050000190734863,265000
2017-03-02,7.050000190734863,7.150000095367432,6.900000095367432,6.900000095367432,6.900000095367432,131500
2017-03-03,6.900000095367432,7.03000020980835,6.800000190734863,7.0,7.0,268800
2017-03-06,7.0,7.150000095367432,6.949999809265137,7.050000190734863,7.050000190734863,128800
2017-03-07,7.050000190734863,7.099999904632568,6.900000095367432,6.900000095367432,6.900000095367432,75700
2017-03-08,7.0,7.0,6.849999904632568,6.849999904632568,6.849999904632568,112900
2017-03-09,6.900000095367432,7.050000190734863,6.900000095367432,7.050000190734863,7.050000190734863,167000
2017-03-10,7.050000190734863,7.050000190734863,6.900000095367432,6.949999809265137,6.949999809265137,109100
2017-03-13,6.949999809265137,7.050000190734863,6.880000114440918,6.949999809265137,6.949999809265137,70600
2017-03-14,7.0,7.0,6.900000095367432,6.900000095367432,6.900000095367432,54800
2017-03-15,6.900000095367432,7.050000190734863,6.900000095367432,7.050000190734863,7.050000190734863,113200
2017-03-16,7.050000190734863,7.099999904632568,6.949999809265137,7.050000190734863,7.050000190734863,66400
2017-03-17,7.050000190734863,7.25,7.0,7.199999809265137,7.199999809265137,191500
2017-03-20,7.099999904632568,7.150000095367432,7.0,7.050000190734863,7.050000190734863,50600
2017-03-21,7.0,7.099999904632568,6.949999809265137,6.949999809265137,6.949999809265137,100800
2017-03-22,6.949999809265137,7.050000190734863,6.849999904632568,6.849999904632568,6.849999904632568,157000
2017-03-23,6.849999904632568,7.150000095367432,6.849999904632568,7.099999904632568,7.099999904632568,203700
2017-03-24,7.099999904632568,7.150000095367432,6.949999809265137,7.039999961853027,7.039999961853027,107300
2017-03-27,6.900000095367432,7.25,6.849999904632568,7.199999809265137,7.199999809265137,290600
2017-03-28,7.150000095367432,7.199999809265137,6.949999809265137,7.0,7.0,111800
2017-03-29,6.949999809265137,7.050000190734863,6.949999809265137,7.050000190734863,7.050000190734863,47100
2017-03-30,7.050000190734863,7.230000019073486,7.0,7.099999904632568,7.099999904632568,130800
2017-03-31,7.150000095367432,7.400000095367432,7.050000190734863,7.25,7.25,265400
2017-04-03,7.0,7.150000095367432,6.579999923706055,6.650000095367432,6.650000095367432,922200
2017-04-04,6.699999809265137,6.699999809265137,6.550000190734863,6.650000095367432,6.650000095367432,208800
2017-04-05,6.699999809265137,6.699999809265137,6.360000133514404,6.449999809265137,6.449999809265137,324900
2017-04-06,6.449999809265137,6.539999961853027,6.400000095367432,6.449999809265137,6.449999809265137,127400
2017-04-07,6.449999809265137,6.510000228881836,6.349999904632568,6.400000095367432,6.400000095367432,244800
2017-04-10,6.449999809265137,6.5,6.300000190734863,6.449999809265137,6.449999809265137,243700
2017-04-11,6.449999809265137,6.650000095367432,6.400000095367432,6.599999904632568,6.599999904632568,122200
2017-04-12,6.599999904632568,6.650000095367432,6.429999828338623,6.460000038146973,6.460000038146973,124700
2017-04-13,6.449999809265137,6.449999809265137,6.349999904632568,6.400000095367432,6.400000095367432,138700
2017-04-17,6.400000095367432,6.550000190734863,6.389999866485596,6.550000190734863,6.550000190734863,81300
2017-04-18,6.550000190734863,6.75,6.53000020980835,6.650000095367432,6.650000095367432,110400
2017-04-19,6.75,6.800000190734863,6.599999904632568,6.75,6.75,99800
2017-04-20,6.75,6.800000190734863,6.650000095367432,6.650000095367432,6.650000095367432,121100
2017-04-21,6.599999904632568,6.800000190734863,6.599999904632568,6.699999809265137,6.699999809265137,196800
2017-04-24,6.75,6.849999904632568,6.71999979019165,6.800000190734863,6.800000190734863,151700
2017-04-25,6.849999904632568,6.949999809265137,6.75,6.800000190734863,6.800000190734863,172100
2017-04-26,6.75,6.900000095367432,6.75,6.900000095367432,6.900000095367432,203800
2017-04-27,6.900000095367432,7.0,6.699999809265137,6.75,6.75,92400
2017-04-28,6.800000190734863,6.800000190734863,6.650000095367432,6.699999809265137,6.699999809265137,174000
2017-05-01,6.75,6.75,6.550000190734863,6.699999809265137,6.699999809265137,133900
2017-05-02,6.650000095367432,6.800000190734863,6.599999904632568,6.699999809265137,6.699999809265137,115700
2017-05-03,6.650000095367432,6.699999809265137,6.53000020980835,6.599999904632568,6.599999904632568,113800
2017-05-04,6.650000095367432,6.800000190734863,6.650000095367432,6.699999809265137,6.699999809265137,102100
2017-05-05,6.699999809265137,6.75,6.679999828338623,6.699999809265137,6.699999809265137,115100
2017-05-08,6.699999809265137,6.75,6.550000190734863,6.550000190734863,6.550000190734863,228500
2017-05-09,6.599999904632568,6.75,6.449999809265137,6.550000190734863,6.550000190734863,181900
2017-05-10,6.800000190734863,6.849999904632568,6.349999904632568,6.800000190734863,6.800000190734863,686700
2017-05-11,6.800000190734863,6.849999904632568,6.5,6.650000095367432,6.650000095367432,344200
2017-05-12,6.699999809265137,6.75,6.5,6.650000095367432,6.650000095367432,245800
2017-05-15,6.699999809265137,6.900000095367432,6.650000095367432,6.800000190734863,6.800000190734863,344800
2017-05-16,6.75,6.929999828338623,6.650000095367432,6.900000095367432,6.900000095367432,393400
2017-05-17,6.75,6.800000190734863,6.699999809265137,6.699999809265137,6.699999809265137,188500
2017-05-18,6.699999809265137,6.75,6.650000095367432,6.699999809265137,6.699999809265137,161700
2017-05-19,6.699999809265137,6.800000190734863,6.650000095367432,6.650000095367432,6.650000095367432,147100
2017-05-22,6.650000095367432,6.849999904632568,6.650000095367432,6.75,6.75,90800
2017-05-23,6.900000095367432,7.0,6.800000190734863,6.800000190734863,6.800000190734863,185700
2017-05-24,6.75,6.849999904632568,6.75,6.800000190734863,6.800000190734863,160500
2017-05-25,6.849999904632568,6.949999809265137,6.699999809265137,6.699999809265137,6.699999809265137,127000
2017-05-26,6.699999809265137,6.800000190734863,6.650000095367432,6.75,6.75,161800
2017-05-30,6.75,6.800000190734863,6.599999904632568,6.599999904632568,6.599999904632568,182900
2017-05-31,6.599999904632568,6.800000190734863,6.449999809265137,6.550000190734863,6.550000190734863,448300
2017-06-01,6.550000190734863,7.0,6.550000190734863,7.0,7.0,222600
2017-06-02,7.0,7.099999904632568,6.880000114440918,7.0,7.0,253500
2017-06-05,7.0,7.199999809265137,6.949999809265137,6.949999809265137,6.949999809265137,236200
2017-06-06,6.900000095367432,7.0,6.699999809265137,6.800000190734863,6.800000190734863,136800
2017-06-07,6.800000190734863,7.03000020980835,6.75,6.900000095367432,6.900000095367432,198600
2017-06-08,6.849999904632568,7.25,6.800000190734863,7.199999809265137,7.199999809265137,259400
2017-06-09,7.150000095367432,7.349999904632568,7.03000020980835,7.099999904632568,7.099999904632568,312600
2017-06-12,7.050000190734863,7.179999828338623,6.949999809265137,7.150000095367432,7.150000095367432,181800
2017-06-13,7.099999904632568,7.150000095367432,7.050000190734863,7.099999904632568,7.099999904632568,106700
2017-06-14,7.099999904632568,7.199999809265137,6.980000019073486,7.050000190734863,7.050000190734863,149700
2017-06-15,7.0,7.150000095367432,6.949999809265137,7.150000095367432,7.150000095367432,315200
2017-06-16,7.099999904632568,7.349999904632568,7.0,7.199999809265137,7.199999809265137,533000
2017-06-19,7.199999809265137,7.300000190734863,7.050000190734863,7.199999809265137,7.199999809265137,273800
2017-06-20,7.150000095367432,7.25,7.099999904632568,7.099999904632568,7.099999904632568,133500
2017-06-21,7.099999904632568,7.150000095367432,6.849999904632568,6.900000095367432,6.900000095367432,143200
2017-06-22,6.900000095367432,7.0,6.800000190734863,6.900000095367432,6.900000095367432,233000
2017-06-23,6.900000095367432,7.050000190734863,6.849999904632568,7.050000190734863,7.050000190734863,317400
2017-06-26,7.050000190734863,7.050000190734863,6.849999904632568,6.900000095367432,6.900000095367432,118300
2017-06-27,6.900000095367432,7.0,6.699999809265137,6.75,6.75,178000
2017-06-28,6.800000190734863,6.949999809265137,6.769999980926514,6.900000095367432,6.900000095367432,137400
2017-06-29,6.900000095367432,6.900000095367432,6.699999809265137,6.800000190734863,6.800000190734863,175900
2017-06-30,6.75,6.900000095367432,6.699999809265137,6.849999904632568,6.849999904632568,191900
2017-07-03,6.849999904632568,6.900000095367432,6.800000190734863,6.900000095367432,6.900000095367432,39800
2017-07-05,6.900000095367432,6.900000095367432,6.699999809265137,6.75,6.75,114300
2017-07-06,6.699999809265137,6.75,6.599999904632568,6.75,6.75,260100
2017-07-07,6.800000190734863,6.900000095367432,6.650000095367432,6.900000095367432,6.900000095367432,112800
2017-07-10,6.849999904632568,6.849999904632568,6.75,6.75,6.75,61100
2017-07-11,6.699999809265137,6.800000190734863,6.650000095367432,6.75,6.75,97100
2017-07-12,6.75,6.849999904632568,6.699999809265137,6.75,6.75,64400
2017-07-13,6.75,6.75,6.699999809265137,6.699999809265137,6.699999809265137,41000
2017-07-14,6.699999809265137,6.849999904632568,6.699999809265137,6.849999904632568,6.849999904632568,128400
2017-07-17,6.75,6.900000095367432,6.75,6.800000190734863,6.800000190734863,92700
2017-07-18,6.75,6.900000095367432,6.75,6.849999904632568,6.849999904632568,53800
2017-07-19,6.849999904632568,7.050000190734863,6.849999904632568,7.050000190734863,7.050000190734863,135100
2017-07-20,7.050000190734863,7.050000190734863,6.900000095367432,6.949999809265137,6.949999809265137,270500
2017-07-21,7.099999904632568,7.099999904632568,6.849999904632568,6.900000095367432,6.900000095367432,228900
2017-07-24,6.849999904632568,6.949999809265137,6.829999923706055,6.900000095367432,6.900000095367432,133000
2017-07-25,6.949999809265137,7.0,6.849999904632568,6.849999904632568,6.849999904632568,148500
2017-07-26,6.900000095367432,6.929999828338623,6.75,6.800000190734863,6.800000190734863,146000
2017-07-27,6.800000190734863,6.900000095367432,6.699999809265137,6.699999809265137,6.699999809265137,225800
2017-07-28,6.699999809265137,6.849999904632568,6.699999809265137,6.75,6.75,139100
2017-07-31,6.800000190734863,6.849999904632568,6.699999809265137,6.849999904632568,6.849999904632568,127900
2017-08-01,6.900000095367432,7.0,6.800000190734863,6.949999809265137,6.949999809265137,196700
2017-08-02,6.900000095367432,6.949999809265137,6.800000190734863,6.849999904632568,6.849999904632568,66700
2017-08-03,6.849999904632568,6.949999809265137,6.800000190734863,6.849999904632568,6.849999904632568,109900
2017-08-04,6.849999904632568,6.900000095367432,6.650000095367432,6.699999809265137,6.699999809265137,140300
2017-08-07,6.650000095367432,6.880000114440918,6.599999904632568,6.75,6.75,235800
2017-08-08,6.699999809265137,6.949999809265137,6.699999809265137,6.849999904632568,6.849999904632568,203400
2017-08-09,6.349999904632568,6.349999904632568,5.300000190734863,5.349999904632568,5.349999904632568,1268300
2017-08-10,5.400000095367432,5.550000190734863,5.150000095367432,5.25,5.25,590100
2017-08-11,5.150000095367432,5.300000190734863,5.0,5.039999961853027,5.039999961853027,787700
2017-08-14,5.150000095367432,5.199999809265137,4.849999904632568,5.099999904632568,5.099999904632568,563200
2017-08-15,5.099999904632568,5.199999809265137,4.949999809265137,5.0,5.0,454800
2017-08-16,5.0,5.150000095367432,4.949999809265137,5.0,5.0,224500
2017-08-17,5.050000190734863,5.099999904632568,4.849999904632568,4.949999809265137,4.949999809265137,435300
2017-08-18,4.900000095367432,4.949999809265137,4.800000190734863,4.849999904632568,4.849999904632568,364200
2017-08-21,4.849999904632568,4.949999809265137,4.699999809265137,4.75,4.75,407300
2017-08-22,4.75,4.800000190734863,4.699999809265137,4.75,4.75,307800
2017-08-23,4.75,4.949999809265137,4.75,4.949999809265137,4.949999809265137,287400
2017-08-24,4.949999809265137,5.0,4.800000190734863,4.849999904632568,4.849999904632568,153800
2017-08-25,4.949999809265137,5.050000190734863,4.849999904632568,5.0,5.0,221900
2017-08-28,5.0,5.050000190734863,4.849999904632568,4.900000095367432,4.900000095367432,261200
2017-08-29,4.900000095367432,4.949999809265137,4.800000190734863,4.900000095367432,4.900000095367432,245800
2017-08-30,4.869999885559082,4.949999809265137,4.800000190734863,4.900000095367432,4.900000095367432,181200
2017-08-31,4.849999904632568,5.0,4.849999904632568,4.900000095367432,4.900000095367432,157400
2017-09-01,4.949999809265137,4.949999809265137,4.849999904632568,4.949999809265137,4.949999809265137,144400
2017-09-05,4.900000095367432,4.949999809265137,4.78000020980835,4.800000190734863,4.800000190734863,275100
2017-09-06,4.800000190734863,4.900000095367432,4.75,4.800000190734863,4.800000190734863,225500
2017-09-07,4.800000190734863,4.849999904632568,4.75,4.849999904632568,4.849999904632568,256300
2017-09-08,4.849999904632568,4.849999904632568,4.650000095367432,4.650000095367432,4.650000095367432,347600
2017-09-11,4.699999809265137,4.800000190734863,4.650000095367432,4.75,4.75,120900
2017-09-12,4.75,4.949999809265137,4.699999809265137,4.900000095367432,4.900000095367432,231500
2017-09-13,4.849999904632568,4.949999809265137,4.75,4.849999904632568,4.849999904632568,531300
2017-09-14,4.849999904632568,5.0,4.800000190734863,4.900000095367432,4.900000095367432,324700
2017-09-15,4.949999809265137,5.0,4.800000190734863,4.949999809265137,4.949999809265137,598200
2017-09-18,4.949999809265137,5.050000190734863,4.880000114440918,4.900000095367432,4.900000095367432,331500
2017-09-19,4.900000095367432,5.050000190734863,4.900000095367432,5.0,5.0,341000
2017-09-20,5.0,5.03000020980835,4.800000190734863,4.800000190734863,4.800000190734863,274900
2017-09-21,4.800000190734863,4.900000095367432,4.75,4.800000190734863,4.800000190734863,119200
2017-09-22,4.800000190734863,4.949999809265137,4.800000190734863,4.900000095367432,4.900000095367432,149600
2017-09-25,4.900000095367432,4.949999809265137,4.849999904632568,4.849999904632568,4.849999904632568,265700
2017-09-26,4.900000095367432,5.050000190734863,4.880000114440918,5.0,5.0,243600
2017-09-27,5.0,5.099999904632568,5.0,5.099999904632568,5.099999904632568,279600
2017-09-28,5.099999904632568,5.099999904632568,4.949999809265137,5.0,5.0,164300
2017-09-29,5.0,5.099999904632568,5.0,5.050000190734863,5.050000190734863,80600
2017-10-02,5.050000190734863,5.25,5.050000190734863,5.199999809265137,5.199999809265137,194100
2017-10-03,5.199999809265137,5.349999904632568,5.199999809265137,5.300000190734863,5.300000190734863,194500
2017-10-04,5.300000190734863,5.400000095367432,5.099999904632568,5.349999904632568,5.349999904632568,493500
2017-10-05,5.349999904632568,5.849999904632568,5.300000190734863,5.599999904632568,5.599999904632568,559900
2017-10-06,5.650000095367432,5.800000190734863,5.5,5.650000095367432,5.650000095367432,166200
2017-10-09,5.699999809265137,5.699999809265137,5.449999809265137,5.5,5.5,102100
2017-10-10,5.599999904632568,5.75,5.5,5.650000095367432,5.650000095367432,197000
2017-10-11,5.650000095367432,5.699999809265137,5.349999904632568,5.449999809265137,5.449999809265137,313100
2017-10-12,5.449999809265137,5.550000190734863,5.400000095367432,5.5,5.5,128400
2017-10-13,5.550000190734863,5.650000095367432,5.449999809265137,5.550000190734863,5.550000190734863,109400
2017-10-16,5.599999904632568,5.75,5.449999809265137,5.699999809265137,5.699999809265137,180200
2017-10-17,5.650000095367432,5.849999904632568,5.599999904632568,5.650000095367432,5.650000095367432,176100
2017-10-18,5.699999809265137,5.699999809265137,5.449999809265137,5.550000190734863,5.550000190734863,258400
2017-10-19,5.550000190734863,5.550000190734863,5.400000095367432,5.5,5.5,368300
2017-10-20,5.599999904632568,5.730000019073486,5.449999809265137,5.699999809265137,5.699999809265137,214200
2017-10-23,5.650000095367432,5.75,5.550000190734863,5.599999904632568,5.599999904632568,297500
2017-10-24,5.599999904632568,5.650000095367432,5.449999809265137,5.5,5.5,207700
2017-10-25,5.5,5.550000190734863,5.400000095367432,5.5,5.5,157600
2017-10-26,5.599999904632568,5.599999904632568,5.380000114440918,5.449999809265137,5.449999809265137,172600
2017-10-27,5.449999809265137,5.480000019073486,5.300000190734863,5.400000095367432,5.400000095367432,324800
2017-10-30,5.449999809265137,5.53000020980835,5.329999923706055,5.400000095367432,5.400000095367432,216900
2017-10-31,5.449999809265137,5.550000190734863,5.400000095367432,5.5,5.5,114700
2017-11-01,5.599999904632568,5.599999904632568,5.400000095367432,5.449999809265137,5.449999809265137,194600
2017-11-02,5.400000095367432,5.449999809265137,5.349999904632568,5.400000095367432,5.400000095367432,189000
2017-11-03,5.400000095367432,5.449999809265137,5.300000190734863,5.349999904632568,5.349999904632568,161200
2017-11-06,5.400000095367432,5.550000190734863,5.349999904632568,5.5,5.5,122100
2017-11-07,5.400000095367432,5.5,5.199999809265137,5.199999809265137,5.199999809265137,254600
2017-11-08,5.449999809265137,5.75,5.400000095367432,5.699999809265137,5.699999809265137,853300
2017-11-09,5.75,6.349999904632568,5.75,6.25,6.25,816800
2017-11-10,6.300000190734863,6.449999809265137,6.150000095367432,6.25,6.25,283200
2017-11-13,6.199999809265137,6.5,6.199999809265137,6.400000095367432,6.400000095367432,169000
2017-11-14,6.300000190734863,6.449999809265137,6.150000095367432,6.199999809265137,6.199999809265137,213000
2017-11-15,6.0,6.329999923706055,5.929999828338623,6.099999904632568,6.099999904632568,351700
2017-11-16,6.099999904632568,6.400000095367432,6.099999904632568,6.349999904632568,6.349999904632568,276200
2017-11-17,6.25,6.5,6.25,6.449999809265137,6.449999809265137,342400
2017-11-20,6.400000095367432,6.949999809265137,6.300000190734863,6.900000095367432,6.900000095367432,547300
2017-11-21,6.949999809265137,6.980000019073486,6.679999828338623,6.800000190734863,6.800000190734863,407000
2017-11-22,6.75,7.0,6.75,6.949999809265137,6.949999809265137,315100
2017-11-24,6.900000095367432,7.050000190734863,6.849999904632568,6.949999809265137,6.949999809265137,134700
2017-11-27,6.900000095367432,7.199999809265137,6.849999904632568,6.849999904632568,6.849999904632568,217000
2017-11-28,6.849999904632568,7.0,6.449999809265137,6.599999904632568,6.599999904632568,415000
2017-11-29,6.650000095367432,6.900000095367432,6.449999809265137,6.900000095367432,6.900000095367432,412500
2017-11-30,6.849999904632568,6.900000095367432,6.599999904632568,6.599999904632568,6.599999904632568,688200
2017-12-01,6.75,6.800000190734863,6.5,6.75,6.75,355800
2017-12-04,6.900000095367432,6.909999847412109,6.650000095367432,6.699999809265137,6.699999809265137,292300
2017-12-05,6.699999809265137,6.699999809265137,6.53000020980835,6.550000190734863,6.550000190734863,204500
2017-12-06,6.550000190734863,6.599999904632568,6.400000095367432,6.5,6.5,249700
2017-12-07,6.5,6.550000190734863,6.25,6.400000095367432,6.400000095367432,239200
2017-12-08,6.449999809265137,6.449999809265137,6.25,6.300000190734863,6.300000190734863,155500
2017-12-11,6.349999904632568,6.449999809265137,6.300000190734863,6.400000095367432,6.400000095367432,222000
2017-12-12,6.400000095367432,6.5,6.349999904632568,6.449999809265137,6.449999809265137,204800
2017-12-13,6.400000095367432,6.53000020980835,6.25,6.5,6.5,392100
2017-12-14,6.449999809265137,6.550000190734863,6.429999828338623,6.449999809265137,6.449999809265137,342300
2017-12-15,6.449999809265137,6.679999828338623,6.400000095367432,6.650000095367432,6.650000095367432,572300
2017-12-18,6.650000095367432,6.75,6.449999809265137,6.449999809265137,6.449999809265137,291900
2017-12-19,6.449999809265137,6.550000190734863,6.329999923706055,6.349999904632568,6.349999904632568,449300
2017-12-20,6.400000095367432,6.5,6.349999904632568,6.449999809265137,6.449999809265137,176000
2017-12-21,6.449999809265137,6.650000095367432,6.449999809265137,6.5,6.5,214200
2017-12-22,6.5,6.599999904632568,6.380000114440918,6.400000095367432,6.400000095367432,84200
2017-12-26,6.400000095367432,6.550000190734863,6.349999904632568,6.449999809265137,6.449999809265137,132400
2017-12-27,6.449999809265137,6.550000190734863,6.400000095367432,6.400000095367432,6.400000095367432,109400
2017-12-28,6.400000095367432,6.5,6.300000190734863,6.349999904632568,6.349999904632568,108000
2017-12-29,6.150000095367432,6.150000095367432,5.699999809265137,5.949999809265137,5.949999809265137,753700
2018-01-02,5.900000095367432,5.949999809265137,5.75,5.800000190734863,5.800000190734863,180300
2018-01-03,5.75,5.849999904632568,5.630000114440918,5.75,5.75,555600
2018-01-04,5.800000190734863,5.949999809265137,5.699999809265137,5.699999809265137,5.699999809265137,236600
2018-01-05,5.699999809265137,5.78000020980835,5.650000095367432,5.699999809265137,5.699999809265137,106700
2018-01-08,5.699999809265137,5.75,5.550000190734863,5.699999809265137,5.699999809265137,76600
2018-01-09,5.699999809265137,5.800000190734863,5.599999904632568,5.650000095367432,5.650000095367432,92900
2018-01-10,5.699999809265137,6.0,5.599999904632568,5.949999809265137,5.949999809265137,159200
2018-01-11,5.900000095367432,6.150000095367432,5.849999904632568,6.0,6.0,209100
2018-01-12,6.0,6.199999809265137,5.900000095367432,5.949999809265137,5.949999809265137,122100
2018-01-16,6.0,6.349999904632568,6.0,6.300000190734863,6.300000190734863,322100
2018-01-17,6.300000190734863,6.300000190734863,6.0,6.050000190734863,6.050000190734863,232000
2018-01-18,6.099999904632568,6.099999904632568,5.900000095367432,6.050000190734863,6.050000190734863,281800
2018-01-19,6.0,6.150000095367432,5.949999809265137,6.099999904632568,6.099999904632568,152300
2018-01-22,6.050000190734863,6.28000020980835,6.050000190734863,6.199999809265137,6.199999809265137,202500
2018-01-23,6.199999809265137,6.25,6.050000190734863,6.150000095367432,6.150000095367432,130200
2018-01-24,6.150000095367432,6.25,6.0,6.199999809265137,6.199999809265137,279900
2018-01-25,6.300000190734863,6.300000190734863,6.050000190734863,6.150000095367432,6.150000095367432,247500
2018-01-26,6.199999809265137,6.199999809265137,5.949999809265137,5.949999809265137,5.949999809265137,251800
2018-01-29,6.0,6.150000095367432,5.900000095367432,6.099999904632568,6.099999904632568,254400
2018-01-30,6.150000095367432,6.599999904632568,6.150000095367432,6.400000095367432,6.400000095367432,773600
2018-01-31,6.400000095367432,6.550000190734863,6.400000095367432,6.400000095367432,6.400000095367432,317300
2018-02-01,6.400000095367432,6.449999809265137,6.25,6.25,6.25,185400
2018-02-02,6.25,6.300000190734863,6.150000095367432,6.150000095367432,6.150000095367432,273100
2018-02-05,6.150000095367432,6.300000190734863,6.050000190734863,6.099999904632568,6.099999904632568,365800
2018-02-06,6.050000190734863,6.300000190734863,6.050000190734863,6.199999809265137,6.199999809265137,380800
2018-02-07,6.199999809265137,6.300000190734863,6.150000095367432,6.25,6.25,141200
2018-02-08,6.25,6.300000190734863,6.099999904632568,6.150000095367432,6.150000095367432,209800
2018-02-09,6.199999809265137,6.25,6.0,6.099999904632568,6.099999904632568,245500
2018-02-12,6.099999904632568,6.300000190734863,6.050000190734863,6.199999809265137,6.199999809265137,275200
2018-02-13,6.099999904632568,6.679999828338623,6.099999904632568,6.599999904632568,6.599999904632568,614900
2018-02-14,6.849999904632568,6.849999904632568,6.0,6.300000190734863,6.300000190734863,877600
2018-02-15,6.449999809265137,7.050000190734863,6.349999904632568,6.900000095367432,6.900000095367432,355200
2018-02-16,6.900000095367432,7.150000095367432,6.75,6.849999904632568,6.849999904632568,328500
2018-02-20,6.75,7.0,6.699999809265137,6.800000190734863,6.800000190734863,298300
2018-02-21,6.849999904632568,6.900000095367432,6.599999904632568,6.599999904632568,6.599999904632568,301100
2018-02-22,6.599999904632568,7.0,6.599999904632568,6.900000095367432,6.900000095367432,252000
2018-02-23,6.900000095367432,7.050000190734863,6.880000114440918,6.949999809265137,6.949999809265137,179700
2018-02-26,7.0,7.079999923706055,6.849999904632568,6.949999809265137,6.949999809265137,208800
2018-02-27,6.900000095367432,7.0,6.800000190734863,6.849999904632568,6.849999904632568,266000
2018-02-28,6.849999904632568,6.900000095367432,6.550000190734863,6.550000190734863,6.550000190734863,253500
2018-03-01,6.550000190734863,6.650000095367432,6.5,6.550000190734863,6.550000190734863,182200
2018-03-02,6.5,6.75,6.5,6.75,6.75,141100
2018-03-05,6.699999809265137,6.849999904632568,6.699999809265137,6.75,6.75,99800
2018-03-06,6.75,6.849999904632568,6.650000095367432,6.800000190734863,6.800000190734863,79200
2018-03-07,6.75,6.849999904632568,6.699999809265137,6.800000190734863,6.800000190734863,115400
2018-03-08,6.800000190734863,6.900000095367432,6.75,6.849999904632568,6.849999904632568,140100
2018-03-09,6.849999904632568,6.900000095367432,6.75,6.900000095367432,6.900000095367432,152500
2018-03-12,6.849999904632568,6.949999809265137,6.809999942779541,6.900000095367432,6.900000095367432,95800
2018-03-13,6.849999904632568,6.949999809265137,6.800000190734863,6.900000095367432,6.900000095367432,136800
2018-03-14,6.900000095367432,7.380000114440918,6.849999904632568,7.25,7.25,533200
2018-03-15,7.25,7.300000190734863,6.900000095367432,7.150000095367432,7.150000095367432,326200
2018-03-16,7.150000095367432,7.349999904632568,7.150000095367432,7.199999809265137,7.199999809265137,558100
2018-03-19,7.199999809265137,7.199999809265137,6.849999904632568,6.849999904632568,6.849999904632568,249100
2018-03-20,6.849999904632568,6.949999809265137,6.699999809265137,6.800000190734863,6.800000190734863,141900
2018-03-21,6.800000190734863,6.949999809265137,6.75,6.800000190734863,6.800000190734863,170900
2018-03-22,6.800000190734863,6.949999809265137,6.78000020980835,6.849999904632568,6.849999904632568,120600
2018-03-23,6.849999904632568,6.849999904632568,6.699999809265137,6.699999809265137,6.699999809265137,232000
2018-03-26,6.800000190734863,6.880000114440918,6.699999809265137,6.800000190734863,6.800000190734863,149900
2018-03-27,6.849999904632568,7.0,6.75,6.75,6.75,131300
2018-03-28,6.75,6.800000190734863,6.650000095367432,6.75,6.75,142800
2018-03-29,6.800000190734863,6.900000095367432,6.75,6.849999904632568,6.849999904632568,108400
2018-04-02,6.800000190734863,6.820000171661377,6.449999809265137,6.650000095367432,6.650000095367432,165600
2018-04-03,6.650000095367432,6.71999979019165,6.599999904632568,6.650000095367432,6.650000095367432,125900
2018-04-04,6.599999904632568,6.75,6.550000190734863,6.75,6.75,113700
2018-04-05,6.800000190734863,6.900000095367432,6.699999809265137,6.800000190734863,6.800000190734863,113200
2018-04-06,6.75,6.900000095367432,6.599999904632568,6.650000095367432,6.650000095367432,123200
2018-04-09,6.650000095367432,6.800000190734863,6.599999904632568,6.650000095367432,6.650000095367432,101300
2018-04-10,6.699999809265137,6.900000095367432,6.590000152587891,6.900000095367432,6.900000095367432,152200
2018-04-11,6.849999904632568,7.0,6.849999904632568,6.949999809265137,6.949999809265137,68900
2018-04-12,7.0,7.0,6.900000095367432,6.949999809265137,6.949999809265137,55500
2018-04-13,6.949999809265137,6.949999809265137,6.800000190734863,6.900000095367432,6.900000095367432,69800
2018-04-16,6.900000095367432,7.0,6.800000190734863,6.949999809265137,6.949999809265137,143900
2018-04-17,6.949999809265137,7.150000095367432,6.900000095367432,7.099999904632568,7.099999904632568,203400
2018-04-18,7.099999904632568,7.099999904632568,6.900000095367432,6.949999809265137,6.949999809265137,185200
2018-04-19,6.900000095367432,6.900000095367432,6.75,6.800000190734863,6.800000190734863,66000
2018-04-20,6.75,6.900000095367432,6.699999809265137,6.849999904632568,6.849999904632568,153200
2018-04-23,6.900000095367432,6.949999809265137,6.75,6.800000190734863,6.800000190734863,57700
2018-04-24,6.800000190734863,6.800000190734863,6.550000190734863,6.650000095367432,6.650000095367432,280200
2018-04-25,6.650000095367432,6.75,6.53000020980835,6.599999904632568,6.599999904632568,148000
2018-04-26,6.599999904632568,6.730000019073486,6.5,6.650000095367432,6.650000095367432,163500
2018-04-27,6.699999809265137,6.699999809265137,6.5,6.5,6.5,74600
2018-04-30,6.5,6.699999809265137,6.449999809265137,6.650000095367432,6.650000095367432,223900
2018-05-01,6.599999904632568,6.699999809265137,6.5,6.599999904632568,6.599999904632568,227600
2018-05-02,6.599999904632568,6.75,6.550000190734863,6.699999809265137,6.699999809265137,187400
2018-05-03,6.699999809265137,6.800000190734863,6.650000095367432,6.699999809265137,6.699999809265137,189100
2018-05-04,6.650000095367432,6.800000190734863,6.599999904632568,6.650000095367432,6.650000095367432,144200
2018-05-07,6.650000095367432,6.800000190734863,6.550000190734863,6.599999904632568,6.599999904632568,281000
2018-05-08,6.550000190734863,6.650000095367432,6.449999809265137,6.5,6.5,260800
2018-05-09,6.050000190734863,6.550000190734863,6.0,6.5,6.5,161100
2018-05-10,6.5,6.599999904632568,6.300000190734863,6.349999904632568,6.349999904632568,127700
2018-05-11,6.400000095367432,6.449999809265137,6.349999904632568,6.400000095367432,6.400000095367432,219900
2018-05-14,6.400000095367432,6.480000019073486,6.25,6.25,6.25,163400
2018-05-15,6.199999809265137,6.329999923706055,6.199999809265137,6.25,6.25,254800
2018-05-16,6.400000095367432,6.550000190734863,6.349999904632568,6.550000190734863,6.550000190734863,310100
2018-05-17,6.5,6.599999904632568,6.400000095367432,6.550000190734863,6.550000190734863,215800
2018-05-18,6.550000190734863,6.650000095367432,6.5,6.599999904632568,6.599999904632568,134800
2018-05-21,6.599999904632568,6.679999828338623,6.550000190734863,6.599999904632568,6.599999904632568,115100
2018-05-22,6.550000190734863,6.550000190734863,6.400000095367432,6.449999809265137,6.449999809265137,248800
2018-05-23,6.400000095367432,6.75,6.400000095367432,6.699999809265137,6.699999809265137,223100
2018-05-24,6.650000095367432,6.75,6.599999904632568,6.650000095367432,6.650000095367432,201600
2018-05-25,6.699999809265137,6.699999809265137,6.550000190734863,6.599999904632568,6.599999904632568,101200
2018-05-29,6.550000190734863,6.599999904632568,6.400000095367432,6.550000190734863,6.550000190734863,225600
2018-05-30,6.599999904632568,6.800000190734863,6.599999904632568,6.75,6.75,272100
2018-05-31,6.800000190734863,6.849999904632568,6.730000019073486,6.800000190734863,6.800000190734863,168900
2018-06-01,6.800000190734863,7.300000190734863,6.75,7.300000190734863,7.300000190734863,613200
2018-06-04,7.300000190734863,7.699999809265137,7.300000190734863,7.699999809265137,7.699999809265137,523900
2018-06-05,7.699999809265137,7.800000190734863,7.53000020980835,7.699999809265137,7.699999809265137,226800
2018-06-06,7.75,7.949999809265137,7.650000095367432,7.900000095367432,7.900000095367432,272100
2018-06-07,7.900000095367432,7.900000095367432,7.75,7.849999904632568,7.849999904632568,132300
2018-06-08,7.800000190734863,7.849999904632568,7.75,7.800000190734863,7.800000190734863,133100
2018-06-11,7.849999904632568,7.849999904632568,7.699999809265137,7.800000190734863,7.800000190734863,138000
2018-06-12,7.800000190734863,7.849999904632568,7.75,7.800000190734863,7.800000190734863,88200
2018-06-13,7.849999904632568,7.980000019073486,7.78000020980835,7.900000095367432,7.900000095367432,228200
2018-06-14,7.900000095367432,8.0,7.829999923706055,8.0,8.0,242900
2018-06-15,7.949999809265137,7.949999809265137,7.849999904632568,7.900000095367432,7.900000095367432,201700
2018-06-18,7.849999904632568,8.0,7.75,7.949999809265137,7.949999809265137,151500
2018-06-19,7.949999809265137,7.949999809265137,7.849999904632568,7.900000095367432,7.900000095367432,159800
2018-06-20,7.900000095367432,8.0,7.849999904632568,8.0,8.0,117200
2018-06-21,7.949999809265137,7.980000019073486,7.800000190734863,7.900000095367432,7.900000095367432,198900
2018-06-22,8.0,8.0,7.699999809265137,8.0,8.0,387200
2018-06-25,7.949999809265137,7.949999809265137,7.599999904632568,7.699999809265137,7.699999809265137,164600
2018-06-26,7.699999809265137,8.0,7.650000095367432,7.949999809265137,7.949999809265137,165100
2018-06-27,7.949999809265137,7.949999809265137,7.75,7.75,7.75,98500
2018-06-28,7.699999809265137,7.75,7.650000095367432,7.75,7.75,69500
2018-06-29,7.75,7.800000190734863,7.679999828338623,7.800000190734863,7.800000190734863,109300
2018-07-02,7.75,7.800000190734863,7.650000095367432,7.800000190734863,7.800000190734863,72700
2018-07-03,7.75,7.800000190734863,7.699999809265137,7.800000190734863,7.800000190734863,51600
2018-07-05,7.849999904632568,7.849999904632568,7.650000095367432,7.75,7.75,92200
2018-07-06,7.699999809265137,7.800000190734863,7.699999809265137,7.75,7.75,57500
2018-07-09,7.75,7.75,7.650000095367432,7.650000095367432,7.650000095367432,76200
2018-07-10,7.699999809265137,7.900000095367432,7.400000095367432,7.849999904632568,7.849999904632568,149000
2018-07-11,7.800000190734863,7.980000019073486,7.75,7.800000190734863,7.800000190734863,105100
2018-07-12,7.800000190734863,7.949999809265137,7.800000190734863,7.900000095367432,7.900000095367432,58500
2018-07-13,7.949999809265137,8.0,7.800000190734863,7.849999904632568,7.849999904632568,153800
2018-07-16,7.849999904632568,7.849999904632568,7.650000095367432,7.699999809265137,7.699999809265137,88700
2018-07-17,7.699999809265137,7.699999809265137,7.550000190734863,7.650000095367432,7.650000095367432,92500
2018-07-18,7.599999904632568,7.690000057220459,7.550000190734863,7.599999904632568,7.599999904632568,64600
2018-07-19,7.599999904632568,7.699999809265137,7.550000190734863,7.650000095367432,7.650000095367432,53000
2018-07-20,7.599999904632568,7.800000190734863,7.550000190734863,7.800000190734863,7.800000190734863,95700
2018-07-23,7.75,7.760000228881836,7.550000190734863,7.599999904632568,7.599999904632568,105700
2018-07-24,7.599999904632568,7.75,7.349999904632568,7.449999809265137,7.449999809265137,158800
2018-07-25,7.449999809265137,7.650000095367432,6.900000095367432,7.099999904632568,7.099999904632568,632200
2018-07-26,7.150000095367432,7.380000114440918,7.099999904632568,7.150000095367432,7.150000095367432,259500
2018-07-27,7.150000095367432,7.150000095367432,7.03000020980835,7.050000190734863,7.050000190734863,145500
2018-07-30,7.0,7.099999904632568,7.0,7.0,7.0,149400
2018-07-31,7.0,7.099999904632568,6.949999809265137,7.050000190734863,7.050000190734863,369400
2018-08-01,7.050000190734863,7.099999904632568,6.949999809265137,7.0,7.0,200400
2018-08-02,7.0,7.079999923706055,6.949999809265137,7.0,7.0,144700
2018-08-03,6.949999809265137,7.0,6.78000020980835,6.949999809265137,6.949999809265137,249700
2018-08-06,6.949999809265137,7.0,6.849999904632568,6.900000095367432,6.900000095367432,152100
2018-08-07,6.949999809265137,7.03000020980835,6.849999904632568,6.900000095367432,6.900000095367432,242300
2018-08-08,7.050000190734863,7.050000190734863,6.199999809265137,6.699999809265137,6.699999809265137,489000
2018-08-09,6.75,7.0,6.650000095367432,6.849999904632568,6.849999904632568,260700
2018-08-10,6.75,6.900000095367432,6.75,6.849999904632568,6.849999904632568,221500
2018-08-13,6.849999904632568,7.03000020980835,6.75,6.949999809265137,6.949999809265137,345400
2018-08-14,7.0,7.150000095367432,6.980000019073486,7.150000095367432,7.150000095367432,282500
2018-08-15,7.150000095367432,7.199999809265137,6.949999809265137,6.949999809265137,6.949999809265137,216300
2018-08-16,6.949999809265137,7.0,6.800000190734863,6.849999904632568,6.849999904632568,293500
2018-08-17,7.0,7.150000095367432,6.800000190734863,6.900000095367432,6.900000095367432,300700
2018-08-20,6.949999809265137,7.0,6.949999809265137,7.0,7.0,124900
2018-08-21,7.199999809265137,7.400000095367432,7.099999904632568,7.349999904632568,7.349999904632568,410100
2018-08-22,7.300000190734863,7.550000190734863,7.300000190734863,7.550000190734863,7.550000190734863,202900
2018-08-23,7.449999809265137,7.550000190734863,7.429999828338623,7.550000190734863,7.550000190734863,98400
2018-08-24,7.550000190734863,7.650000095367432,7.5,7.599999904632568,7.599999904632568,131900
2018-08-27,7.599999904632568,7.650000095367432,7.53000020980835,7.599999904632568,7.599999904632568,187600
2018-08-28,7.650000095367432,7.699999809265137,7.5,7.650000095367432,7.650000095367432,130000
2018-08-29,7.599999904632568,7.699999809265137,7.599999904632568,7.699999809265137,7.699999809265137,104600
2018-08-30,7.699999809265137,7.800000190734863,7.599999904632568,7.699999809265137,7.699999809265137,161200
2018-08-31,7.650000095367432,7.800000190734863,7.650000095367432,7.800000190734863,7.800000190734863,101700
2018-09-04,7.75,7.949999809265137,7.650000095367432,7.949999809265137,7.949999809265137,213100
2018-09-05,7.900000095367432,8.0,7.800000190734863,7.949999809265137,7.949999809265137,197200
2018-09-06,8.0,8.0,7.900000095367432,7.949999809265137,7.949999809265137,184300
2018-09-07,7.949999809265137,8.300000190734863,7.900000095367432,8.25,8.25,342700
2018-09-10,8.300000190734863,8.399999618530273,8.199999809265137,8.25,8.25,110700
2018-09-11,8.199999809265137,8.550000190734863,8.149999618530273,8.5,8.5,323700
2018-09-12,8.5,8.899999618530273,8.449999809265137,8.899999618530273,8.899999618530273,594800
2018-09-13,8.899999618530273,9.050000190734863,8.850000381469727,8.899999618530273,8.899999618530273,433600
2018-09-14,8.949999809265137,9.0,8.399999618530273,8.449999809265137,8.449999809265137,160000
2018-09-17,8.399999618530273,8.550000190734863,8.300000190734863,8.449999809265137,8.449999809265137,191100
2018-09-18,8.449999809265137,8.5,8.300000190734863,8.300000190734863,8.300000190734863,273200
2018-09-19,8.350000381469727,8.350000381469727,8.199999809265137,8.199999809265137,8.199999809265137,130200
2018-09-20,8.199999809265137,8.25,8.149999618530273,8.149999618530273,8.149999618530273,187300
2018-09-21,8.100000381469727,8.25,8.100000381469727,8.149999618530273,8.149999618530273,250700
2018-09-24,8.100000381469727,8.199999809265137,8.050000190734863,8.100000381469727,8.100000381469727,197000
2018-09-25,8.100000381469727,8.25,8.100000381469727,8.149999618530273,8.149999618530273,128700
2018-09-26,8.149999618530273,8.149999618530273,7.900000095367432,7.949999809265137,7.949999809265137,91000
2018-09-27,7.949999809265137,8.100000381469727,7.949999809265137,8.050000190734863,8.050000190734863,95600
2018-09-28,8.0,8.15999984741211,8.0,8.100000381469727,8.100000381469727,175300
2018-10-01,8.100000381469727,8.149999618530273,7.980000019073486,8.0,8.0,122300
2018-10-02,7.980000019073486,8.020000457763672,7.690000057220459,7.800000190734863,7.800000190734863,248900
2018-10-03,7.840000152587891,7.920000076293945,7.760000228881836,7.840000152587891,7.840000152587891,218800
2018-10-04,7.789999961853027,7.840000152587891,7.630000114440918,7.650000095367432,7.650000095367432,159100
2018-10-05,7.619999885559082,7.71999979019165,7.400000095367432,7.489999771118164,7.489999771118164,168100
2018-10-08,7.489999771118164,7.5,7.400000095367432,7.429999828338623,7.429999828338623,89200
2018-10-09,7.360000133514404,7.5,7.300000190734863,7.360000133514404,7.360000133514404,129100
2018-10-10,7.340000152587891,7.429999828338623,7.230000019073486,7.230000019073486,7.230000019073486,152600
2018-10-11,7.199999809265137,7.300000190734863,7.119999885559082,7.179999828338623,7.179999828338623,159000
2018-10-12,7.300000190734863,7.300000190734863,7.099999904632568,7.190000057220459,7.190000057220459,205600
2018-10-15,7.190000057220459,7.340000152587891,7.119999885559082,7.260000228881836,7.260000228881836,92800
2018-10-16,7.28000020980835,7.480000019073486,7.25,7.460000038146973,7.460000038146973,157800
2018-10-17,7.440000057220459,7.53000020980835,7.300000190734863,7.449999809265137,7.449999809265137,226000
2018-10-18,7.440000057220459,7.590000152587891,7.28000020980835,7.369999885559082,7.369999885559082,97200
2018-10-19,7.360000133514404,7.449999809265137,7.269999980926514,7.300000190734863,7.300000190734863,174800
2018-10-22,7.300000190734863,7.440000057220459,7.239999771118164,7.309999942779541,7.309999942779541,136700
2018-10-23,7.210000038146973,7.400000095367432,7.110000133514404,7.300000190734863,7.300000190734863,125500
2018-10-24,7.260000228881836,7.420000076293945,7.03000020980835,7.050000190734863,7.050000190734863,306300
2018-10-25,7.110000133514404,7.25,7.090000152587891,7.210000038146973,7.210000038146973,173100
2018-10-26,7.130000114440918,7.199999809265137,6.980000019073486,7.090000152587891,7.090000152587891,184500
2018-10-29,7.190000057220459,7.25,7.019999980926514,7.110000133514404,7.110000133514404,124500
2018-10-30,7.110000133514404,7.360000133514404,7.070000171661377,7.340000152587891,7.340000152587891,210300
2018-10-31,7.340000152587891,7.409999847412109,7.260000228881836,7.300000190734863,7.300000190734863,280500
2018-11-01,7.329999923706055,7.480000019073486,7.329999923706055,7.409999847412109,7.409999847412109,202700
2018-11-02,7.400000095367432,7.519999980926514,7.400000095367432,7.420000076293945,7.420000076293945,172700
2018-11-05,7.420000076293945,7.590000152587891,7.349999904632568,7.519999980926514,7.519999980926514,382500
2018-11-06,8.210000038146973,9.399999618530273,8.210000038146973,9.369999885559082,9.369999885559082,2187500
2018-11-07,9.399999618530273,9.800000190734863,9.390000343322754,9.789999961853027,9.789999961853027,1563300
2018-11-08,9.800000190734863,10.0,9.720000267028809,10.0,10.0,1046800
2018-11-09,9.949999809265137,10.399999618530273,9.869999885559082,10.260000228881836,10.260000228881836,1075900
2018-11-12,10.399999618530273,10.399999618530273,10.149999618530273,10.15999984741211,10.15999984741211,658300
2018-11-13,10.15999984741211,10.600000381469727,10.15999984741211,10.369999885559082,10.369999885559082,768800
2018-11-14,10.390000343322754,10.649999618530273,10.369999885559082,10.5,10.5,429100
2018-11-15,10.34000015258789,10.729999542236328,10.1899995803833,10.720000267028809,10.720000267028809,542900
2018-11-16,10.649999618530273,10.699999809265137,10.40999984741211,10.609999656677246,10.609999656677246,401300
2018-11-19,10.710000038146973,10.75,10.510000228881836,10.600000381469727,10.600000381469727,469900
2018-11-20,10.449999809265137,10.609999656677246,10.130000114440918,10.1899995803833,10.1899995803833,475700
2018-11-21,10.239999771118164,10.359999656677246,9.970000267028809,10.020000457763672,10.020000457763672,322600
2018-11-23,9.920000076293945,10.15999984741211,9.779999732971191,9.949999809265137,9.949999809265137,172300
2018-11-26,9.989999771118164,10.069999694824219,9.819999694824219,9.880000114440918,9.880000114440918,295700
2018-11-27,9.829999923706055,9.9399995803833,9.680000305175781,9.800000190734863,9.800000190734863,252200
2018-11-28,9.850000381469727,10.079999923706055,9.710000038146973,10.050000190734863,10.050000190734863,351800
2018-11-29,10.039999961853027,10.109999656677246,9.720000267028809,9.770000457763672,9.770000457763672,251700
2018-11-30,9.779999732971191,9.779999732971191,9.460000038146973,9.649999618530273,9.649999618530273,323600
2018-12-03,9.710000038146973,9.8100004196167,9.640000343322754,9.75,9.75,280400
2018-12-04,9.680000305175781,9.75,9.59000015258789,9.609999656677246,9.609999656677246,383300
2018-12-06,9.550000190734863,9.800000190734863,9.460000038146973,9.760000228881836,9.760000228881836,670100
2018-12-07,9.789999961853027,9.829999923706055,9.420000076293945,9.420000076293945,9.420000076293945,316300
2018-12-10,9.420000076293945,9.460000038146973,9.149999618530273,9.289999961853027,9.289999961853027,410500
2018-12-11,9.460000038146973,9.460000038146973,9.199999809265137,9.270000457763672,9.270000457763672,178400
2018-12-12,9.390000343322754,9.399999618530273,9.260000228881836,9.390000343322754,9.390000343322754,433600
2018-12-13,9.5,9.5,9.229999542236328,9.329999923706055,9.329999923706055,267300
2018-12-14,9.260000228881836,9.470000267028809,9.239999771118164,9.300000190734863,9.300000190734863,425100
2018-12-17,9.3100004196167,9.3100004196167,8.829999923706055,8.899999618530273,8.899999618530273,612800
2018-12-18,9.0,9.229999542236328,8.960000038146973,9.039999961853027,9.039999961853027,382500
2018-12-19,9.069999694824219,9.199999809265137,8.84000015258789,8.920000076293945,8.920000076293945,707100
2018-12-20,8.859999656677246,9.0,8.760000228881836,8.859999656677246,8.859999656677246,382300
2018-12-21,8.850000381469727,8.920000076293945,8.619999885559082,8.630000114440918,8.630000114440918,347500
2018-12-24,8.5,8.600000381469727,8.350000381469727,8.369999885559082,8.369999885559082,146400
2018-12-26,8.390000343322754,8.710000038146973,8.390000343322754,8.6899995803833,8.6899995803833,181500
2018-12-27,8.5600004196167,8.739999771118164,8.489999771118164,8.729999542236328,8.729999542236328,145200
2018-12-28,8.739999771118164,9.640000343322754,8.680000305175781,9.300000190734863,9.300000190734863,1666400
2018-12-31,9.319999694824219,9.75,9.289999961853027,9.75,9.75,661100
2019-01-02,9.600000381469727,9.600000381469727,9.34000015258789,9.59000015258789,9.59000015258789,415800
2019-01-03,9.460000038146973,9.460000038146973,9.029999732971191,9.300000190734863,9.300000190734863,405200
2019-01-04,9.4399995803833,9.850000381469727,9.279999732971191,9.729999542236328,9.729999542236328,362300
2019-01-07,9.739999771118164,9.90999984741211,9.640000343322754,9.770000457763672,9.770000457763672,497900
2019-01-08,9.84000015258789,9.880000114440918,9.640000343322754,9.6899995803833,9.6899995803833,211300
2019-01-09,9.680000305175781,9.720000267028809,9.520000457763672,9.600000381469727,9.600000381469727,276300
2019-01-10,9.5600004196167,9.619999885559082,9.220000267028809,9.25,9.25,339200
2019-01-11,9.1899995803833,9.229999542236328,8.960000038146973,9.020000457763672,9.020000457763672,367900
2019-01-14,8.970000267028809,9.050000190734863,8.789999961853027,8.880000114440918,8.880000114440918,366500
2019-01-15,8.890000343322754,9.630000114440918,8.8100004196167,9.529999732971191,9.529999732971191,1076800
2019-01-16,9.609999656677246,9.800000190734863,9.539999961853027,9.779999732971191,9.779999732971191,477200
2019-01-17,9.789999961853027,10.180000305175781,9.729999542236328,10.050000190734863,10.050000190734863,422200
2019-01-18,10.079999923706055,10.210000038146973,10.0600004196167,10.1899995803833,10.1899995803833,386900
2019-01-22,10.15999984741211,10.270000457763672,10.079999923706055,10.1899995803833,10.1899995803833,349800
2019-01-23,10.220000267028809,10.579999923706055,10.220000267028809,10.550000190734863,10.550000190734863,423100
2019-01-24,10.600000381469727,10.819999694824219,10.479999542236328,10.75,10.75,425400
2019-01-25,10.800000190734863,11.199999809265137,10.800000190734863,11.109999656677246,11.109999656677246,548100
2019-01-28,10.989999771118164,11.079999923706055,10.829999923706055,10.9399995803833,10.9399995803833,247200
2019-01-29,10.960000038146973,11.0,10.619999885559082,10.779999732971191,10.779999732971191,225900
2019-01-30,10.779999732971191,10.890000343322754,10.5600004196167,10.720000267028809,10.720000267028809,183400
2019-01-31,10.670000076293945,10.899999618530273,10.670000076293945,10.880000114440918,10.880000114440918,277700
2019-02-01,10.850000381469727,11.050000190734863,10.8100004196167,11.050000190734863,11.050000190734863,200900
2019-02-04,11.079999923706055,11.300000190734863,10.90999984741211,11.050000190734863,11.050000190734863,224900
2019-02-05,11.100000381469727,11.109999656677246,10.869999885559082,10.880000114440918,10.880000114440918,354900
2019-02-06,9.880000114440918,9.880000114440918,7.699999809265137,7.940000057220459,7.940000057220459,2847200
2019-02-07,7.940000057220459,7.940000057220459,7.5,7.519999980926514,7.519999980926514,1094200
2019-02-08,7.5,7.659999847412109,7.400000095367432,7.400000095367432,7.400000095367432,952000
2019-02-11,7.409999847412109,7.579999923706055,7.349999904632568,7.480000019073486,7.480000019073486,648200
2019-02-12,7.730000019073486,8.069999694824219,7.730000019073486,7.760000228881836,7.760000228881836,850500
2019-02-13,7.909999847412109,8.069999694824219,7.809999942779541,7.829999923706055,7.829999923706055,712400
2019-02-14,7.929999828338623,8.130000114440918,7.840000152587891,8.029999732971191,8.029999732971191,839500
2019-02-15,8.0600004196167,8.279999732971191,8.039999961853027,8.199999809265137,8.199999809265137,431800
2019-02-19,8.350000381469727,8.460000038146973,8.229999542236328,8.270000457763672,8.270000457763672,422300
2019-02-20,8.260000228881836,8.350000381469727,8.100000381469727,8.119999885559082,8.119999885559082,312500
2019-02-21,8.050000190734863,8.5600004196167,8.029999732971191,8.470000267028809,8.470000267028809,726100
2019-02-22,8.489999771118164,8.699999809265137,8.350000381469727,8.489999771118164,8.489999771118164,405200
2019-02-25,8.489999771118164,8.59000015258789,8.40999984741211,8.470000267028809,8.470000267028809,263100
2019-02-26,8.430000305175781,8.460000038146973,8.010000228881836,8.239999771118164,8.239999771118164,633200
2019-02-27,8.239999771118164,8.430000305175781,8.15999984741211,8.319999694824219,8.319999694824219,356600
2019-02-28,8.329999923706055,8.380000114440918,8.199999809265137,8.199999809265137,8.199999809265137,311500
2019-03-01,8.199999809265137,8.260000228881836,8.100000381469727,8.15999984741211,8.15999984741211,368300
2019-03-04,8.229999542236328,8.279999732971191,8.100000381469727,8.140000343322754,8.140000343322754,417800
2019-03-05,8.180000305175781,8.270000457763672,8.09000015258789,8.149999618530273,8.149999618530273,207600
2019-03-06,8.15999984741211,8.15999984741211,7.889999866485596,7.909999847412109,7.909999847412109,463600
2019-03-07,7.869999885559082,7.929999828338623,7.769999980926514,7.809999942779541,7.809999942779541,351800
2019-03-08,7.75,7.829999923706055,7.699999809265137,7.769999980926514,7.769999980926514,503300
2019-03-11,7.809999942779541,8.029999732971191,7.800000190734863,7.96999979019165,7.96999979019165,227100
2019-03-12,7.96999979019165,8.079999923706055,7.860000133514404,7.940000057220459,7.940000057220459,202400
2019-03-13,7.960000038146973,8.010000228881836,7.800000190734863,7.869999885559082,7.869999885559082,161700
2019-03-14,7.900000095367432,7.900000095367432,7.760000228881836,7.849999904632568,7.849999904632568,155200
2019-03-15,7.929999828338623,8.079999923706055,7.849999904632568,8.039999961853027,8.039999961853027,441900
2019-03-18,8.039999961853027,8.180000305175781,8.010000228881836,8.149999618530273,8.149999618530273,253300
2019-03-19,8.199999809265137,8.199999809265137,7.940000057220459,7.980000019073486,7.980000019073486,194100
2019-03-20,7.980000019073486,8.029999732971191,7.820000171661377,7.909999847412109,7.909999847412109,194100
2019-03-21,7.909999847412109,8.039999961853027,7.900000095367432,7.989999771118164,7.989999771118164,173200
2019-03-22,7.909999847412109,8.010000228881836,7.639999866485596,7.699999809265137,7.699999809265137,494200
2019-03-25,7.670000076293945,7.889999866485596,7.670000076293945,7.75,7.75,386400
2019-03-26,7.75,7.860000133514404,7.599999904632568,7.650000095367432,7.650000095367432,396500
2019-03-27,7.639999866485596,7.760000228881836,7.590000152587891,7.71999979019165,7.71999979019165,170200
2019-03-28,7.730000019073486,7.820000171661377,7.650000095367432,7.71999979019165,7.71999979019165,132000
2019-03-29,7.78000020980835,7.809999942779541,7.409999847412109,7.699999809265137,7.699999809265137,908300
2019-04-01,7.75,7.880000114440918,7.71999979019165,7.849999904632568,7.849999904632568,282200
2019-04-02,7.849999904632568,7.920000076293945,7.78000020980835,7.78000020980835,7.78000020980835,156100
2019-04-03,7.849999904632568,8.020000457763672,7.800000190734863,7.869999885559082,7.869999885559082,260500
2019-04-04,7.849999904632568,7.889999866485596,7.78000020980835,7.869999885559082,7.869999885559082,138000
2019-04-05,7.869999885559082,7.869999885559082,7.670000076293945,7.739999771118164,7.739999771118164,198600
2019-04-08,7.699999809265137,7.769999980926514,7.650000095367432,7.760000228881836,7.760000228881836,182300
2019-04-09,7.739999771118164,7.989999771118164,7.699999809265137,7.900000095367432,7.900000095367432,289100
2019-04-10,7.179999828338623,7.349999904632568,6.889999866485596,7.070000171661377,7.070000171661377,843900
2019-04-11,7.110000133514404,7.130000114440918,6.820000171661377,6.840000152587891,6.840000152587891,605100
2019-04-12,6.860000133514404,6.980000019073486,6.829999923706055,6.889999866485596,6.889999866485596,510900
2019-04-15,6.900000095367432,6.940000057220459,6.650000095367432,6.679999828338623,6.679999828338623,412700
2019-04-16,6.710000038146973,6.75,6.599999904632568,6.679999828338623,6.679999828338623,413100
2019-04-17,6.75,7.010000228881836,6.639999866485596,6.989999771118164,6.989999771118164,541500
2019-04-18,6.949999809265137,7.050000190734863,6.760000228881836,6.840000152587891,6.840000152587891,413500
2019-04-22,6.789999961853027,6.909999847412109,6.610000133514404,6.880000114440918,6.880000114440918,269400
2019-04-23,6.889999866485596,7.21999979019165,6.869999885559082,7.119999885559082,7.119999885559082,283100
2019-04-24,7.179999828338623,7.309999942779541,7.139999866485596,7.150000095367432,7.150000095367432,191400
2019-04-25,7.150000095367432,7.150000095367432,6.880000114440918,6.900000095367432,6.900000095367432,178900
2019-04-26,6.900000095367432,7.090000152587891,6.840000152587891,7.079999923706055,7.079999923706055,252300
2019-04-29,7.090000152587891,7.230000019073486,7.03000020980835,7.090000152587891,7.090000152587891,253100
2019-04-30,7.059999942779541,7.090000152587891,6.699999809265137,6.849999904632568,6.849999904632568,549500
2019-05-01,7.300000190734863,7.570000171661377,7.050000190734863,7.400000095367432,7.400000095367432,534900
2019-05-02,7.349999904632568,7.409999847412109,6.980000019073486,7.0,7.0,337700
2019-05-03,6.980000019073486,7.159999847412109,6.980000019073486,7.150000095367432,7.150000095367432,166100
2019-05-06,7.0,7.349999904632568,6.960000038146973,7.300000190734863,7.300000190734863,413400
2019-05-07,7.210000038146973,7.25,7.010000228881836,7.130000114440918,7.130000114440918,294700
2019-05-08,7.150000095367432,7.199999809265137,7.039999961853027,7.070000171661377,7.070000171661377,202900
2019-05-09,7.0,7.119999885559082,6.900000095367432,6.929999828338623,6.929999828338623,328400
2019-05-10,6.889999866485596,6.920000076293945,6.75,6.849999904632568,6.849999904632568,264900
2019-05-13,6.690000057220459,6.739999771118164,6.539999961853027,6.579999923706055,6.579999923706055,328500
2019-05-14,6.599999904632568,6.650000095367432,6.449999809265137,6.590000152587891,6.590000152587891,437000
2019-05-15,6.579999923706055,6.699999809265137,6.570000171661377,6.659999847412109,6.659999847412109,385200
2019-05-16,6.599999904632568,6.699999809265137,6.53000020980835,6.559999942779541,6.559999942779541,325600
2019-05-17,6.559999942779541,6.699999809265137,6.519999980926514,6.550000190734863,6.550000190734863,243200
2019-05-20,6.550000190734863,6.579999923706055,6.420000076293945,6.53000020980835,6.53000020980835,185800
2019-05-21,6.519999980926514,6.699999809265137,6.519999980926514,6.639999866485596,6.639999866485596,211400
2019-05-22,6.590000152587891,6.690000057220459,6.53000020980835,6.619999885559082,6.619999885559082,169600
2019-05-23,6.550000190734863,6.559999942779541,6.260000228881836,6.380000114440918,6.380000114440918,257300
2019-05-24,6.480000019073486,6.559999942779541,6.400000095367432,6.539999961853027,6.539999961853027,139000
2019-05-28,6.53000020980835,6.559999942779541,6.340000152587891,6.389999866485596,6.389999866485596,185200
2019-05-29,6.349999904632568,6.380000114440918,6.179999828338623,6.199999809265137,6.199999809265137,363500
2019-05-30,6.210000038146973,6.21999979019165,5.96999979019165,6.139999866485596,6.139999866485596,530300
2019-05-31,6.050000190734863,6.159999847412109,6.019999980926514,6.050000190734863,6.050000190734863,231300
2019-06-03,6.110000133514404,6.130000114440918,6.0,6.079999923706055,6.079999923706055,223500
2019-06-04,6.159999847412109,6.21999979019165,6.099999904632568,6.139999866485596,6.139999866485596,120200
2019-06-05,6.159999847412109,6.21999979019165,6.070000171661377,6.130000114440918,6.130000114440918,138300
2019-06-06,6.150000095367432,6.199999809265137,6.050000190734863,6.179999828338623,6.179999828338623,294600
2019-06-07,6.21999979019165,6.21999979019165,6.130000114440918,6.139999866485596,6.139999866485596,157400
2019-06-10,6.139999866485596,6.260000228881836,6.090000152587891,6.150000095367432,6.150000095367432,129200
2019-06-11,6.190000057220459,6.21999979019165,6.050000190734863,6.070000171661377,6.070000171661377,158300
2019-06-12,6.070000171661377,6.170000076293945,6.070000171661377,6.139999866485596,6.139999866485596,207100
2019-06-13,6.170000076293945,6.329999923706055,6.150000095367432,6.239999771118164,6.239999771118164,160800
2019-06-14,6.210000038146973,6.28000020980835,6.139999866485596,6.199999809265137,6.199999809265137,152000
2019-06-17,6.210000038146973,6.260000228881836,6.079999923706055,6.170000076293945,6.170000076293945,186600
2019-06-18,6.210000038146973,6.489999771118164,6.190000057220459,6.409999847412109,6.409999847412109,268800
2019-06-19,6.409999847412109,6.449999809265137,6.329999923706055,6.409999847412109,6.409999847412109,208300
2019-06-20,6.510000228881836,6.690000057220459,6.489999771118164,6.510000228881836,6.510000228881836,179700
2019-06-21,6.480000019073486,6.590000152587891,6.46999979019165,6.570000171661377,6.570000171661377,324100
2019-06-24,6.53000020980835,6.590000152587891,6.5,6.539999961853027,6.539999961853027,205000
2019-06-25,6.539999961853027,6.650000095367432,6.5,6.559999942779541,6.559999942779541,261300
2019-06-26,6.570000171661377,6.690000057220459,6.460000038146973,6.489999771118164,6.489999771118164,207100
2019-06-27,6.53000020980835,6.599999904632568,6.460000038146973,6.570000171661377,6.570000171661377,207900
2019-06-28,6.570000171661377,6.599999904632568,6.480000019073486,6.559999942779541,6.559999942779541,502800
2019-07-01,6.639999866485596,6.690000057220459,6.559999942779541,6.639999866485596,6.639999866485596,188100
2019-07-02,6.610000133514404,6.650000095367432,6.5,6.559999942779541,6.559999942779541,279500
2019-07-03,6.559999942779541,6.710000038146973,6.539999961853027,6.670000076293945,6.670000076293945,131400
2019-07-05,6.599999904632568,6.699999809265137,6.53000020980835,6.670000076293945,6.670000076293945,109800
2019-07-08,6.650000095367432,6.699999809265137,6.599999904632568,6.630000114440918,6.630000114440918,149600
2019-07-09,6.599999904632568,6.670000076293945,6.570000171661377,6.630000114440918,6.630000114440918,132500
2019-07-10,6.650000095367432,6.920000076293945,6.650000095367432,6.840000152587891,6.840000152587891,225500
2019-07-11,6.849999904632568,6.929999828338623,6.730000019073486,6.820000171661377,6.820000171661377,226900
2019-07-12,6.809999942779541,7.010000228881836,6.809999942779541,7.0,7.0,255400
2019-07-15,7.050000190734863,7.050000190734863,6.809999942779541,6.880000114440918,6.880000114440918,301800
2019-07-16,6.880000114440918,7.099999904632568,6.869999885559082,6.989999771118164,6.989999771118164,188200
2019-07-17,7.03000020980835,7.130000114440918,6.929999828338623,6.949999809265137,6.949999809265137,232100
2019-07-18,6.929999828338623,7.059999942779541,6.889999866485596,7.039999961853027,7.039999961853027,155300
2019-07-19,7.0,7.090000152587891,6.96999979019165,7.03000020980835,7.03000020980835,229000
2019-07-22,7.0,7.150000095367432,6.96999979019165,7.130000114440918,7.130000114440918,220300
2019-07-23,7.239999771118164,7.739999771118164,7.190000057220459,7.300000190734863,7.300000190734863,738600
2019-07-24,6.420000076293945,6.599999904632568,6.199999809265137,6.289999961853027,6.289999961853027,1740300
2019-07-25,6.28000020980835,6.409999847412109,6.079999923706055,6.380000114440918,6.380000114440918,1095700
2019-07-26,6.340000152587891,6.659999847412109,6.340000152587891,6.519999980926514,6.519999980926514,702900
2019-07-29,6.510000228881836,6.53000020980835,6.349999904632568,6.409999847412109,6.409999847412109,320500
2019-07-30,6.360000133514404,6.360000133514404,6.159999847412109,6.239999771118164,6.239999771118164,333100
2019-07-31,6.340000152587891,6.519999980926514,6.25,6.28000020980835,6.28000020980835,520900
2019-08-01,6.300000190734863,6.429999828338623,6.230000019073486,6.389999866485596,6.389999866485596,573100
2019-08-02,6.389999866485596,6.440000057220459,6.150000095367432,6.150000095367432,6.150000095367432,422900
2019-08-05,6.03000020980835,6.110000133514404,5.849999904632568,5.960000038146973,5.960000038146973,554900
2019-08-06,6.0,6.099999904632568,5.900000095367432,6.0,6.0,442500
2019-08-07,5.920000076293945,5.949999809265137,5.809999942779541,5.889999866485596,5.889999866485596,241900
2019-08-08,5.989999771118164,6.090000152587891,5.920000076293945,6.059999942779541,6.059999942779541,257200
2019-08-09,6.019999980926514,6.059999942779541,5.860000133514404,5.860000133514404,5.860000133514404,213100
2019-08-12,5.840000152587891,5.840000152587891,5.690000057220459,5.690000057220459,5.690000057220459,220800
2019-08-13,5.690000057220459,5.929999828338623,5.679999828338623,5.880000114440918,5.880000114440918,253800
2019-08-14,5.78000020980835,5.829999923706055,5.639999866485596,5.670000076293945,5.670000076293945,280100
2019-08-15,5.670000076293945,5.71999979019165,5.599999904632568,5.650000095367432,5.650000095367432,588900
2019-08-16,5.679999828338623,5.820000171661377,5.670000076293945,5.789999961853027,5.789999961853027,211700
2019-08-19,5.880000114440918,5.960000038146973,5.599999904632568,5.960000038146973,5.960000038146973,219300
2019-08-20,5.949999809265137,5.980000019073486,5.900000095367432,5.929999828338623,5.929999828338623,133100
2019-08-21,5.989999771118164,6.119999885559082,5.980000019073486,6.070000171661377,6.070000171661377,305200
2019-08-22,6.090000152587891,6.139999866485596,6.010000228881836,6.010000228881836,6.010000228881836,138700
2019-08-23,5.960000038146973,6.0,5.789999961853027,5.920000076293945,5.920000076293945,362700
2019-08-26,5.980000019073486,6.010000228881836,5.849999904632568,5.900000095367432,5.900000095367432,207400
2019-08-27,5.929999828338623,5.929999828338623,5.800000190734863,5.849999904632568,5.849999904632568,149800
2019-08-28,5.909999847412109,6.099999904632568,5.849999904632568,6.010000228881836,6.010000228881836,249600
2019-08-29,6.039999961853027,6.059999942779541,5.900000095367432,5.989999771118164,5.989999771118164,194900
2019-08-30,5.989999771118164,6.019999980926514,5.940000057220459,6.010000228881836,6.010000228881836,192100
2019-09-03,5.96999979019165,5.989999771118164,5.820000171661377,5.820000171661377,5.820000171661377,203200
2019-09-04,5.860000133514404,5.869999885559082,5.800000190734863,5.829999923706055,5.829999923706055,160400
2019-09-05,5.900000095367432,6.070000171661377,5.829999923706055,5.980000019073486,5.980000019073486,205000
2019-09-06,5.96999979019165,6.03000020980835,5.940000057220459,6.010000228881836,6.010000228881836,270000
2019-09-09,5.989999771118164,6.150000095367432,5.989999771118164,6.110000133514404,6.110000133514404,248700
2019-09-10,6.070000171661377,6.420000076293945,6.010000228881836,6.340000152587891,6.340000152587891,213000
2019-09-11,6.360000133514404,6.579999923706055,6.269999980926514,6.5,6.5,389600
2019-09-12,6.489999771118164,6.489999771118164,6.349999904632568,6.409999847412109,6.409999847412109,239900
2019-09-13,6.400000095367432,6.579999923706055,6.400000095367432,6.510000228881836,6.510000228881836,195000
2019-09-16,6.460000038146973,6.599999904632568,6.389999866485596,6.510000228881836,6.510000228881836,219300
2019-09-17,6.440000057220459,6.539999961853027,6.329999923706055,6.409999847412109,6.409999847412109,243600
2019-09-18,6.409999847412109,6.420000076293945,6.139999866485596,6.179999828338623,6.179999828338623,205000
2019-09-19,6.190000057220459,6.289999961853027,6.099999904632568,6.130000114440918,6.130000114440918,103100
2019-09-20,6.119999885559082,6.289999961853027,6.079999923706055,6.179999828338623,6.179999828338623,289000
2019-09-23,6.159999847412109,6.28000020980835,6.110000133514404,6.25,6.25,237200
2019-09-24,6.269999980926514,6.289999961853027,6.099999904632568,6.170000076293945,6.170000076293945,157500
2019-09-25,6.190000057220459,6.320000171661377,6.150000095367432,6.289999961853027,6.289999961853027,73500
2019-09-26,6.239999771118164,6.389999866485596,6.230000019073486,6.340000152587891,6.340000152587891,206400
2019-09-27,6.340000152587891,6.570000171661377,6.340000152587891,6.449999809265137,6.449999809265137,142500
2019-09-30,6.429999828338623,6.519999980926514,6.380000114440918,6.389999866485596,6.389999866485596,196600
2019-10-01,6.360000133514404,6.53000020980835,6.079999923706055,6.099999904632568,6.099999904632568,200200
2019-10-02,6.059999942779541,6.21999979019165,5.980000019073486,6.190000057220459,6.190000057220459,261600
2019-10-03,6.159999847412109,6.199999809265137,5.980000019073486,6.179999828338623,6.179999828338623,233000
2019-10-04,6.190000057220459,6.360000133514404,6.179999828338623,6.349999904632568,6.349999904632568,137700
2019-10-07,6.320000171661377,6.510000228881836,6.300000190734863,6.46999979019165,6.46999979019165,158300
2019-10-08,6.369999885559082,6.429999828338623,6.25,6.300000190734863,6.300000190734863,130300
2019-10-09,6.349999904632568,6.429999828338623,6.239999771118164,6.369999885559082,6.369999885559082,173000
2019-10-10,6.369999885559082,6.429999828338623,6.269999980926514,6.349999904632568,6.349999904632568,163800
2019-10-11,6.440000057220459,6.650000095367432,6.440000057220459,6.460000038146973,6.460000038146973,180200
2019-10-14,6.460000038146973,6.579999923706055,6.389999866485596,6.570000171661377,6.570000171661377,127500
2019-10-15,6.519999980926514,6.789999961853027,6.519999980926514,6.730000019073486,6.730000019073486,150500
2019-10-16,6.710000038146973,6.820000171661377,6.710000038146973,6.760000228881836,6.760000228881836,107200
2019-10-17,6.820000171661377,6.960000038146973,6.800000190734863,6.880000114440918,6.880000114440918,174000
2019-10-18,6.869999885559082,6.980000019073486,6.840000152587891,6.980000019073486,6.980000019073486,118800
2019-10-21,7.0,7.21999979019165,6.989999771118164,7.130000114440918,7.130000114440918,283000
2019-10-22,7.099999904632568,7.25,7.070000171661377,7.179999828338623,7.179999828338623,308800
2019-10-23,7.46999979019165,7.889999866485596,7.369999885559082,7.579999923706055,7.579999923706055,845300
2019-10-24,7.650000095367432,7.869999885559082,7.449999809265137,7.650000095367432,7.650000095367432,525900
2019-10-25,7.610000133514404,7.820000171661377,7.610000133514404,7.739999771118164,7.739999771118164,670900
2019-10-28,7.699999809265137,8.0,7.670000076293945,7.949999809265137,7.949999809265137,509000
2019-10-29,7.920000076293945,7.920000076293945,7.679999828338623,7.75,7.75,184000
2019-10-30,7.739999771118164,7.739999771118164,7.5,7.559999942779541,7.559999942779541,247400
2019-10-31,7.710000038146973,7.809999942779541,7.5,7.650000095367432,7.650000095367432,449500
2019-11-01,7.690000057220459,7.75,7.590000152587891,7.619999885559082,7.619999885559082,162400
2019-11-04,7.639999866485596,7.699999809265137,7.489999771118164,7.53000020980835,7.53000020980835,201400
2019-11-05,7.539999961853027,7.639999866485596,7.480000019073486,7.489999771118164,7.489999771118164,140400
2019-11-06,7.480000019073486,7.590000152587891,7.389999866485596,7.5,7.5,196600
2019-11-07,7.559999942779541,7.650000095367432,7.449999809265137,7.5,7.5,130800
2019-11-08,7.460000038146973,7.579999923706055,7.460000038146973,7.539999961853027,7.539999961853027,164700
2019-11-11,7.489999771118164,7.889999866485596,7.389999866485596,7.690000057220459,7.690000057220459,275600
2019-11-12,7.690000057220459,7.78000020980835,7.639999866485596,7.739999771118164,7.739999771118164,195400
2019-11-13,7.639999866485596,7.739999771118164,7.599999904632568,7.650000095367432,7.650000095367432,140900
2019-11-14,7.599999904632568,7.760000228881836,7.599999904632568,7.75,7.75,389700
2019-11-15,7.75,7.78000020980835,7.630000114440918,7.730000019073486,7.730000019073486,384900
2019-11-18,7.71999979019165,7.800000190734863,7.559999942779541,7.659999847412109,7.659999847412109,183300
2019-11-19,7.679999828338623,7.75,7.599999904632568,7.710000038146973,7.710000038146973,178300
2019-11-20,7.650000095367432,7.710000038146973,7.579999923706055,7.650000095367432,7.650000095367432,207400
2019-11-21,7.579999923706055,7.639999866485596,7.5,7.550000190734863,7.550000190734863,284200
2019-11-22,7.579999923706055,7.599999904632568,7.46999979019165,7.579999923706055,7.579999923706055,179000
2019-11-25,7.590000152587891,7.769999980926514,7.590000152587891,7.760000228881836,7.760000228881836,234900
2019-11-26,7.78000020980835,8.109999656677246,7.730000019073486,7.889999866485596,7.889999866485596,657000
2019-11-27,7.949999809265137,8.010000228881836,7.820000171661377,7.840000152587891,7.840000152587891,172400
2019-11-29,7.789999961853027,7.800000190734863,7.670000076293945,7.75,7.75,121300
2019-12-02,7.769999980926514,7.800000190734863,7.690000057220459,7.800000190734863,7.800000190734863,182000
2019-12-03,7.699999809265137,7.699999809265137,7.5,7.539999961853027,7.539999961853027,190500
2019-12-04,7.559999942779541,7.570000171661377,7.429999828338623,7.449999809265137,7.449999809265137,154300
2019-12-05,7.429999828338623,7.460000038146973,7.400000095367432,7.420000076293945,7.420000076293945,120100
2019-12-06,7.440000057220459,7.550000190734863,7.420000076293945,7.5,7.5,207100
2019-12-09,7.480000019073486,7.570000171661377,7.409999847412109,7.53000020980835,7.53000020980835,137400
2019-12-10,7.510000228881836,7.670000076293945,7.5,7.659999847412109,7.659999847412109,118900
2019-12-11,7.659999847412109,7.960000038146973,7.650000095367432,7.920000076293945,7.920000076293945,187600
2019-12-12,7.880000114440918,8.0,7.809999942779541,7.940000057220459,7.940000057220459,170800
2019-12-13,7.949999809265137,8.100000381469727,7.909999847412109,8.050000190734863,8.050000190734863,267500
2019-12-16,8.100000381469727,8.229999542236328,8.069999694824219,8.09000015258789,8.09000015258789,264900
2019-12-17,8.100000381469727,8.100000381469727,7.889999866485596,7.960000038146973,7.960000038146973,144600
2019-12-18,8.010000228881836,8.010000228881836,7.900000095367432,7.960000038146973,7.960000038146973,143200
2019-12-19,7.989999771118164,8.020000457763672,7.900000095367432,7.980000019073486,7.980000019073486,105000
2019-12-20,7.989999771118164,7.989999771118164,7.760000228881836,7.960000038146973,7.960000038146973,244400
2019-12-23,7.900000095367432,7.909999847412109,7.78000020980835,7.909999847412109,7.909999847412109,129400
2019-12-24,7.920000076293945,7.989999771118164,7.889999866485596,7.909999847412109,7.909999847412109,51800
2019-12-26,7.900000095367432,7.989999771118164,7.889999866485596,7.949999809265137,7.949999809265137,81200
2019-12-27,8.0,8.140000343322754,7.920000076293945,8.039999961853027,8.039999961853027,150000
2019-12-30,8.050000190734863,8.220000267028809,7.949999809265137,8.199999809265137,8.199999809265137,172700
2019-12-31,8.15999984741211,8.25,7.980000019073486,8.0,8.0,158000
2020-01-02,8.0,8.140000343322754,7.880000114440918,7.989999771118164,7.989999771118164,124500
2020-01-03,7.900000095367432,8.010000228881836,7.769999980926514,7.929999828338623,7.929999828338623,109700
2020-01-06,7.869999885559082,8.149999618530273,7.800000190734863,8.109999656677246,8.109999656677246,177400
2020-01-07,8.140000343322754,8.210000038146973,8.0,8.0600004196167,8.0600004196167,131100
2020-01-08,8.029999732971191,8.199999809265137,8.010000228881836,8.15999984741211,8.15999984741211,144300
2020-01-09,8.1899995803833,8.300000190734863,8.140000343322754,8.279999732971191,8.279999732971191,156700
2020-01-10,8.279999732971191,8.300000190734863,8.180000305175781,8.270000457763672,8.270000457763672,179100
2020-01-13,8.289999961853027,8.350000381469727,8.149999618530273,8.350000381469727,8.350000381469727,133900
2020-01-14,8.300000190734863,8.34000015258789,8.1899995803833,8.229999542236328,8.229999542236328,114100
2020-01-15,8.229999542236328,8.390000343322754,8.229999542236328,8.390000343322754,8.390000343322754,158800
2020-01-16,8.390000343322754,8.729999542236328,8.369999885559082,8.670000076293945,8.670000076293945,264400
2020-01-17,8.699999809265137,8.710000038146973,8.520000457763672,8.579999923706055,8.579999923706055,184400
2020-01-21,8.489999771118164,8.789999961853027,8.489999771118164,8.670000076293945,8.670000076293945,236600
2020-01-22,8.670000076293945,8.819999694824219,8.640000343322754,8.789999961853027,8.789999961853027,196300
2020-01-23,8.739999771118164,8.800000190734863,8.6899995803833,8.770000457763672,8.770000457763672,219200
2020-01-24,8.859999656677246,8.880000114440918,8.65999984741211,8.739999771118164,8.739999771118164,243400
2020-01-27,8.649999618530273,8.869999885559082,8.5600004196167,8.829999923706055,8.829999923706055,231300
2020-01-28,8.850000381469727,8.899999618530273,8.630000114440918,8.739999771118164,8.739999771118164,290900
2020-01-29,9.210000038146973,9.739999771118164,8.979999542236328,9.050000190734863,9.050000190734863,699500
2020-01-30,9.0600004196167,9.470000267028809,9.0,9.289999961853027,9.289999961853027,478300
2020-01-31,9.300000190734863,9.369999885559082,9.029999732971191,9.15999984741211,9.15999984741211,393100
2020-02-03,9.199999809265137,9.210000038146973,9.050000190734863,9.130000114440918,9.130000114440918,282300
2020-02-04,9.130000114440918,9.319999694824219,9.010000228881836,9.25,9.25,572100
2020-02-05,9.350000381469727,9.470000267028809,9.229999542236328,9.380000114440918,9.380000114440918,234300
2020-02-06,9.350000381469727,9.380000114440918,9.1899995803833,9.210000038146973,9.210000038146973,163100
2020-02-07,9.25,9.300000190734863,9.170000076293945,9.239999771118164,9.239999771118164,158700
2020-02-10,9.229999542236328,9.319999694824219,9.180000305175781,9.270000457763672,9.270000457763672,143900
2020-02-11,9.399999618530273,9.8100004196167,9.369999885559082,9.800000190734863,9.800000190734863,1027300
2020-02-12,9.84000015258789,10.0,9.760000228881836,9.989999771118164,9.989999771118164,718200
2020-02-13,9.970000267028809,10.260000228881836,9.880000114440918,10.050000190734863,10.050000190734863,587700
2020-02-14,9.949999809265137,10.390000343322754,9.9399995803833,10.220000267028809,10.220000267028809,568200
2020-02-18,10.199999809265137,10.359999656677246,10.069999694824219,10.180000305175781,10.180000305175781,344100
2020-02-19,10.220000267028809,10.369999885559082,10.09000015258789,10.289999961853027,10.289999961853027,304900
2020-02-20,10.329999923706055,10.550000190734863,10.229999542236328,10.510000228881836,10.510000228881836,491200
2020-02-21,10.479999542236328,10.479999542236328,10.1899995803833,10.390000343322754,10.390000343322754,379500
2020-02-24,10.140000343322754,10.289999961853027,9.970000267028809,10.069999694824219,10.069999694824219,248500
2020-02-25,10.109999656677246,10.149999618530273,9.399999618530273,9.430000305175781,9.430000305175781,335800
2020-02-26,9.449999809265137,9.600000381469727,9.329999923706055,9.550000190734863,9.550000190734863,269500
2020-02-27,9.260000228881836,9.430000305175781,8.899999618530273,8.899999618530273,8.899999618530273,1023300
2020-02-28,8.720000267028809,9.050000190734863,8.600000381469727,9.0,9.0,450500
2020-03-02,9.0,9.149999618530273,8.75,8.979999542236328,8.979999542236328,360800
2020-03-03,8.949999809265137,9.100000381469727,8.779999732971191,8.960000038146973,8.960000038146973,344600
2020-03-04,9.0,9.119999885559082,8.760000228881836,8.9399995803833,8.9399995803833,237600
2020-03-05,8.800000190734863,9.1899995803833,8.760000228881836,8.850000381469727,8.850000381469727,574500
2020-03-06,8.65999984741211,8.880000114440918,8.649999618530273,8.8100004196167,8.8100004196167,319800
2020-03-09,8.539999961853027,8.539999961853027,7.860000133514404,7.929999828338623,7.929999828338623,269800
2020-03-10,8.079999923706055,8.220000267028809,7.440000057220459,7.78000020980835,7.78000020980835,436900
2020-03-11,7.659999847412109,7.789999961853027,7.460000038146973,7.53000020980835,7.53000020980835,355400
2020-03-12,7.170000076293945,7.170000076293945,6.619999885559082,6.659999847412109,6.659999847412109,452800
2020-03-13,6.940000057220459,7.0,6.619999885559082,6.960000038146973,6.960000038146973,400800
2020-03-16,6.400000095367432,6.570000171661377,6.179999828338623,6.210000038146973,6.210000038146973,251200
2020-03-17,6.300000190734863,6.440000057220459,6.0,6.269999980926514,6.269999980926514,492800
2020-03-18,6.039999961853027,6.260000228881836,5.71999979019165,5.909999847412109,5.909999847412109,551100
2020-03-19,5.900000095367432,6.619999885559082,5.840000152587891,6.5,6.5,473100
2020-03-20,6.5,6.650000095367432,6.050000190734863,6.099999904632568,6.099999904632568,437400
2020-03-23,6.010000228881836,6.059999942779541,5.610000133514404,5.880000114440918,5.880000114440918,401400
2020-03-24,6.050000190734863,6.239999771118164,5.909999847412109,6.159999847412109,6.159999847412109,403700
2020-03-25,6.179999828338623,6.610000133514404,6.039999961853027,6.420000076293945,6.420000076293945,269200
2020-03-26,6.440000057220459,7.289999961853027,6.360000133514404,7.289999961853027,7.289999961853027,392800
2020-03-27,7.010000228881836,7.139999866485596,6.650000095367432,6.670000076293945,6.670000076293945,245100
2020-03-30,6.789999961853027,7.25,6.71999979019165,7.170000076293945,7.170000076293945,192000
2020-03-31,7.119999885559082,7.289999961853027,6.909999847412109,7.079999923706055,7.079999923706055,334000
2020-04-01,6.820000171661377,6.960000038146973,6.659999847412109,6.75,6.75,227000
2020-04-02,6.659999847412109,7.170000076293945,6.639999866485596,7.139999866485596,7.139999866485596,288100
2020-04-03,7.090000152587891,7.179999828338623,6.820000171661377,7.059999942779541,7.059999942779541,243200
2020-04-06,7.329999923706055,7.940000057220459,7.179999828338623,7.889999866485596,7.889999866485596,385600
2020-04-07,8.0600004196167,8.460000038146973,7.639999866485596,7.690000057220459,7.690000057220459,358300
2020-04-08,7.630000114440918,7.690000057220459,7.380000114440918,7.579999923706055,7.579999923706055,297200
2020-04-09,7.570000171661377,7.630000114440918,7.340000152587891,7.440000057220459,7.440000057220459,307400
2020-04-13,7.300000190734863,7.429999828338623,7.25,7.309999942779541,7.309999942779541,293300
2020-04-14,7.409999847412109,7.670000076293945,7.309999942779541,7.460000038146973,7.460000038146973,249200
2020-04-15,7.300000190734863,7.429999828338623,7.010000228881836,7.340000152587891,7.340000152587891,242800
2020-04-16,7.340000152587891,7.559999942779541,6.900000095367432,7.130000114440918,7.130000114440918,199700
2020-04-17,7.25,7.739999771118164,7.25,7.710000038146973,7.710000038146973,233300
2020-04-20,7.550000190734863,8.079999923706055,7.510000228881836,7.96999979019165,7.96999979019165,148200
2020-04-21,7.75,7.809999942779541,7.329999923706055,7.360000133514404,7.360000133514404,192300
2020-04-22,7.590000152587891,7.829999923706055,7.400000095367432,7.429999828338623,7.429999828338623,207600
2020-04-23,7.380000114440918,7.820000171661377,7.380000114440918,7.650000095367432,7.650000095367432,345900
2020-04-24,8.420000076293945,10.039999961853027,8.420000076293945,9.84000015258789,9.84000015258789,2221900
2020-04-27,10.25,10.430000305175781,9.899999618530273,9.920000076293945,9.920000076293945,739300
2020-04-28,10.0,10.680000305175781,9.829999923706055,9.989999771118164,9.989999771118164,557200
2020-04-29,10.859999656677246,11.800000190734863,10.569999694824219,11.5,11.5,1747600
2020-04-30,11.829999923706055,12.40999984741211,11.220000267028809,11.5,11.5,1017600
2020-05-01,11.369999885559082,12.3100004196167,11.239999771118164,11.960000038146973,11.960000038146973,1035900
2020-05-04,11.760000228881836,12.029999732971191,11.029999732971191,11.279999732971191,11.279999732971191,687000
2020-05-05,11.729999542236328,12.25,11.260000228881836,12.010000228881836,12.010000228881836,1115200
2020-05-06,12.0600004196167,12.600000381469727,11.6899995803833,11.819999694824219,11.819999694824219,1085200
2020-05-07,12.029999732971191,12.699999809265137,11.970000267028809,12.5600004196167,12.5600004196167,676400
2020-05-08,12.720000267028809,12.720000267028809,12.380000114440918,12.569999694824219,12.569999694824219,496400
2020-05-11,12.40999984741211,12.4399995803833,12.010000228881836,12.010000228881836,12.010000228881836,367500
2020-05-12,12.100000381469727,12.229999542236328,11.739999771118164,11.760000228881836,11.760000228881836,678700
2020-05-13,11.640000343322754,11.899999618530273,11.1899995803833,11.220000267028809,11.220000267028809,434900
2020-05-14,11.109999656677246,11.109999656677246,10.640000343322754,11.079999923706055,11.079999923706055,330300
2020-05-15,10.84000015258789,11.199999809265137,10.829999923706055,10.970000267028809,10.970000267028809,321000
2020-05-18,11.260000228881836,11.890000343322754,11.260000228881836,11.880000114440918,11.880000114440918,517300
2020-05-19,11.880000114440918,12.109999656677246,11.779999732971191,11.960000038146973,11.960000038146973,568300
2020-05-20,12.100000381469727,12.550000190734863,12.029999732971191,12.399999618530273,12.399999618530273,396200
2020-05-21,12.34000015258789,12.550000190734863,12.199999809265137,12.329999923706055,12.329999923706055,407400
2020-05-22,12.449999809265137,12.819999694824219,12.300000190734863,12.630000114440918,12.630000114440918,431200
2020-05-26,12.819999694824219,12.9399995803833,12.5600004196167,12.770000457763672,12.770000457763672,425700
2020-05-27,12.979999542236328,13.489999771118164,12.300000190734863,13.470000267028809,13.470000267028809,718000
2020-05-28,13.5,14.569999694824219,13.479999542236328,14.25,14.25,1801100
2020-05-29,14.239999771118164,14.4399995803833,13.550000190734863,14.100000381469727,14.100000381469727,1466500
2020-06-01,14.15999984741211,14.449999809265137,13.890000343322754,14.15999984741211,14.15999984741211,668500
2020-06-02,14.149999618530273,14.369999885559082,13.979999542236328,14.199999809265137,14.199999809265137,838700
2020-06-03,14.430000305175781,14.880000114440918,14.229999542236328,14.430000305175781,14.430000305175781,876300
2020-06-04,14.300000190734863,14.630000114440918,13.8100004196167,14.210000038146973,14.210000038146973,464100
2020-06-05,14.65999984741211,14.970000267028809,14.0600004196167,14.09000015258789,14.09000015258789,551800
2020-06-08,14.079999923706055,14.319999694824219,13.84000015258789,14.300000190734863,14.300000190734863,462500
2020-06-09,14.300000190734863,14.449999809265137,13.899999618530273,14.140000343322754,14.140000343322754,632000
2020-06-10,14.25,14.369999885559082,13.880000114440918,13.989999771118164,13.989999771118164,510700
2020-06-11,13.600000381469727,13.800000190734863,12.529999732971191,12.609999656677246,12.609999656677246,546000
2020-06-12,13.079999923706055,13.149999618530273,12.5600004196167,12.880000114440918,12.880000114440918,497800
2020-06-15,12.5600004196167,13.460000038146973,12.5600004196167,13.40999984741211,13.40999984741211,513700
2020-06-16,13.890000343322754,13.960000038146973,13.289999961853027,13.75,13.75,610900
2020-06-17,13.800000190734863,13.9399995803833,13.470000267028809,13.640000343322754,13.640000343322754,343300
2020-06-18,13.40999984741211,13.949999809265137,13.40999984741211,13.930000305175781,13.930000305175781,598500
2020-06-19,14.079999923706055,14.390000343322754,13.770000457763672,13.979999542236328,13.979999542236328,847800
2020-06-22,13.949999809265137,14.029999732971191,13.630000114440918,13.960000038146973,13.960000038146973,524500
2020-06-23,14.039999961853027,14.229999542236328,13.930000305175781,14.0600004196167,14.0600004196167,445900
2020-06-24,13.930000305175781,14.029999732971191,13.5600004196167,13.75,13.75,423700
2020-06-25,13.630000114440918,13.819999694824219,13.5,13.720000267028809,13.720000267028809,260300
2020-06-26,13.630000114440918,13.850000381469727,13.390000343322754,13.739999771118164,13.739999771118164,1200600
2020-06-29,13.859999656677246,14.800000190734863,13.640000343322754,14.770000457763672,14.770000457763672,1016800
2020-06-30,14.75,14.90999984741211,14.59000015258789,14.899999618530273,14.899999618530273,613400
2020-07-01,14.739999771118164,14.890000343322754,14.40999984741211,14.520000457763672,14.520000457763672,396800
2020-07-02,14.770000457763672,15.0,14.40999984741211,14.460000038146973,14.460000038146973,593900
2020-07-06,14.829999923706055,15.470000267028809,14.65999984741211,15.329999923706055,15.329999923706055,791600
2020-07-07,15.430000305175781,15.430000305175781,14.069999694824219,14.100000381469727,14.100000381469727,836700
2020-07-08,14.130000114440918,14.369999885559082,13.75,14.140000343322754,14.140000343322754,402900
2020-07-09,14.229999542236328,14.420000076293945,13.829999923706055,14.350000381469727,14.350000381469727,348400
2020-07-10,14.329999923706055,14.600000381469727,14.039999961853027,14.550000190734863,14.550000190734863,302000
2020-07-13,14.789999961853027,15.289999961853027,14.449999809265137,14.470000267028809,14.470000267028809,859500
2020-07-14,14.470000267028809,15.039999961853027,13.90999984741211,15.039999961853027,15.039999961853027,582800
2020-07-15,15.100000381469727,15.199999809265137,14.800000190734863,14.970000267028809,14.970000267028809,449300
2020-07-16,14.970000267028809,15.039999961853027,14.630000114440918,14.949999809265137,14.949999809265137,744300
2020-07-17,15.079999923706055,16.0,14.979999542236328,15.720000267028809,15.720000267028809,1615800
2020-07-20,15.970000267028809,16.6200008392334,15.850000381469727,16.600000381469727,16.600000381469727,1117600
2020-07-21,16.690000534057617,17.299999237060547,16.34000015258789,17.15999984741211,17.15999984741211,1264700
2020-07-22,18.3700008392334,20.239999771118164,17.75,20.100000381469727,20.100000381469727,4713700
2020-07-23,20.31999969482422,21.43000030517578,19.719999313354492,20.670000076293945,20.670000076293945,3024600
2020-07-24,20.149999618530273,20.479999542236328,19.200000762939453,20.260000228881836,20.260000228881836,1198200
2020-07-27,20.290000915527344,20.81999969482422,19.65999984741211,20.260000228881836,20.260000228881836,2058400
2020-07-28,20.030000686645508,20.6299991607666,19.079999923706055,19.139999389648438,19.139999389648438,1075000
2020-07-29,19.1200008392334,20.309999465942383,18.899999618530273,20.100000381469727,20.100000381469727,1148300
2020-07-30,20.979999542236328,21.309999465942383,20.06999969482422,21.25,21.25,2805100
2020-07-31,21.5,21.579999923706055,20.1299991607666,20.510000228881836,20.510000228881836,1038600
2020-08-03,20.68000030517578,22.149999618530273,20.469999313354492,21.65999984741211,21.65999984741211,2174500
2020-08-04,21.600000381469727,21.829999923706055,21.100000381469727,21.3799991607666,21.3799991607666,1151300
2020-08-05,21.989999771118164,22.09000015258789,21.40999984741211,21.889999389648438,21.889999389648438,872700
2020-08-06,21.989999771118164,22.670000076293945,21.959999084472656,22.389999389648438,22.389999389648438,1029300
2020-08-07,22.469999313354492,22.690000534057617,21.93000030517578,22.399999618530273,22.399999618530273,968000
2020-08-10,22.399999618530273,22.459999084472656,20.84000015258789,20.959999084472656,20.959999084472656,1201600
2020-08-11,20.950000762939453,21.25,20.3799991607666,20.56999969482422,20.56999969482422,713100
2020-08-12,20.649999618530273,21.110000610351562,20.6200008392334,20.829999923706055,20.829999923706055,737100
2020-08-13,20.600000381469727,21.6200008392334,20.43000030517578,21.520000457763672,21.520000457763672,759900
2020-08-14,21.360000610351562,21.3700008392334,20.729999542236328,20.989999771118164,20.989999771118164,342300
2020-08-17,21.0,21.360000610351562,20.510000228881836,21.329999923706055,21.329999923706055,641000
2020-08-18,21.399999618530273,21.399999618530273,20.700000762939453,21.139999389648438,21.139999389648438,709300
2020-08-19,21.049999237060547,21.170000076293945,20.579999923706055,20.6200008392334,20.6200008392334,613700
2020-08-20,20.479999542236328,20.850000381469727,20.100000381469727,20.459999084472656,20.459999084472656,442000
2020-08-21,20.200000762939453,20.360000610351562,19.68000030517578,19.75,19.75,787700
2020-08-24,19.950000762939453,20.329999923706055,19.700000762939453,20.030000686645508,20.030000686645508,647600
2020-08-25,19.920000076293945,20.670000076293945,19.709999084472656,20.559999465942383,20.559999465942383,952000
2020-08-26,20.850000381469727,21.209999084472656,20.280000686645508,20.3700008392334,20.3700008392334,752000
2020-08-27,21.110000610351562,21.200000762939453,20.200000762939453,20.420000076293945,20.420000076293945,719700
2020-08-28,20.729999542236328,22.010000228881836,20.3700008392334,21.920000076293945,21.920000076293945,2136100
2020-08-31,21.799999237060547,22.020000457763672,18.809999465942383,19.450000762939453,19.450000762939453,3318500
2020-09-01,19.549999237060547,21.84000015258789,19.300600051879883,21.84000015258789,21.84000015258789,1954823
