Date,Open,High,Low,Close,Adj Close,Volume
2016-03-23,15.0,15.390000343322754,14.25,14.25,14.25,1643600
2016-03-24,14.149999618530273,14.470000267028809,14.0,14.25,14.25,246400
2016-03-28,14.390000343322754,14.420000076293945,13.75,13.800000190734863,13.800000190734863,111000
2016-03-29,13.75,14.9399995803833,13.75,14.529999732971191,14.529999732971191,106300
2016-03-30,14.710000038146973,14.949999809265137,14.5,14.760000228881836,14.760000228881836,87700
2016-03-31,14.970000267028809,14.970000267028809,14.39799976348877,14.5,14.5,107600
2016-04-01,14.5,14.850000381469727,14.25,14.25,14.25,123600
2016-04-04,14.289999961853027,14.75,14.25,14.399999618530273,14.399999618530273,102000
2016-04-05,14.350000381469727,15.630000114440918,14.350000381469727,14.75,14.75,238200
2016-04-06,15.180000305175781,15.300000190734863,14.789999961853027,14.90999984741211,14.90999984741211,248600
2016-04-07,14.899999618530273,15.015000343322754,14.75,14.75,14.75,147500
2016-04-08,14.800000190734863,15.199999809265137,14.739999771118164,14.75,14.75,152200
2016-04-11,14.800000190734863,15.050000190734863,14.5,14.520000457763672,14.520000457763672,122800
2016-04-12,14.829999923706055,15.0,14.5,14.760000228881836,14.760000228881836,57300
2016-04-13,14.899999618530273,15.600000381469727,14.819999694824219,15.010000228881836,15.010000228881836,145400
2016-04-14,15.130000114440918,15.710000038146973,15.109999656677246,15.319999694824219,15.319999694824219,73600
2016-04-15,15.699999809265137,15.899999618530273,15.260000228881836,15.609999656677246,15.609999656677246,84200
2016-04-18,15.880000114440918,15.880000114440918,15.0,15.029999732971191,15.029999732971191,121500
2016-04-19,14.869999885559082,15.229999542236328,14.595000267028809,15.1899995803833,15.1899995803833,77900
2016-04-20,15.270000457763672,15.399999618530273,14.890000343322754,15.0,15.0,106600
2016-04-21,14.949999809265137,15.350000381469727,14.899999618530273,15.010000228881836,15.010000228881836,66700
2016-04-22,14.970000267028809,15.199999809265137,14.949999809265137,15.130000114440918,15.130000114440918,25000
2016-04-25,15.180000305175781,15.199999809265137,14.524999618530273,14.859999656677246,14.859999656677246,41500
2016-04-26,14.859999656677246,14.859999656677246,13.850000381469727,14.390000343322754,14.390000343322754,95700
2016-04-27,14.119999885559082,14.239999771118164,13.8100004196167,13.819999694824219,13.819999694824219,25000
2016-04-28,13.800000190734863,14.664999961853027,12.5,12.779999732971191,12.779999732971191,88400
2016-04-29,12.579999923706055,12.960000038146973,12.050000190734863,12.239999771118164,12.239999771118164,52800
2016-05-02,12.329999923706055,12.479999542236328,12.050000190734863,12.0600004196167,12.0600004196167,29200
2016-05-03,12.050000190734863,12.640000343322754,12.050000190734863,12.3100004196167,12.3100004196167,42900
2016-05-04,12.5,13.270000457763672,12.050000190734863,12.779999732971191,12.779999732971191,73100
2016-05-05,12.760000228881836,12.942999839782715,12.399999618530273,12.420000076293945,12.420000076293945,26800
2016-05-06,12.390000343322754,12.979999542236328,12.050000190734863,12.09000015258789,12.09000015258789,71600
2016-05-09,12.09000015258789,12.989999771118164,12.0600004196167,12.460000038146973,12.460000038146973,76900
2016-05-10,12.550000190734863,12.550000190734863,12.300000190734863,12.390000343322754,12.390000343322754,23500
2016-05-11,12.300000190734863,12.380000114440918,10.600000381469727,10.760000228881836,10.760000228881836,79500
2016-05-12,10.640000343322754,10.859999656677246,9.630000114440918,10.109999656677246,10.109999656677246,193700
2016-05-13,9.84000015258789,10.869999885559082,9.800000190734863,10.65999984741211,10.65999984741211,22100
2016-05-16,10.9399995803833,12.050000190734863,10.880000114440918,11.649999618530273,11.649999618530273,89200
2016-05-17,11.800000190734863,12.574999809265137,11.039999961853027,11.300000190734863,11.300000190734863,82700
2016-05-18,11.25,12.0,11.024999618530273,11.619999885559082,11.619999885559082,48000
2016-05-19,11.649999618530273,12.729999542236328,11.5,12.65999984741211,12.65999984741211,34500
2016-05-20,12.65999984741211,14.779999732971191,12.40999984741211,14.029999732971191,14.029999732971191,50400
2016-05-23,14.359999656677246,14.5,13.805000305175781,14.359999656677246,14.359999656677246,29400
2016-05-24,14.529999732971191,14.899999618530273,13.609999656677246,14.1899995803833,14.1899995803833,41600
2016-05-25,14.329999923706055,14.600000381469727,14.029999732971191,14.210000038146973,14.210000038146973,10800
2016-05-26,14.399999618530273,14.59000015258789,13.5,14.3100004196167,14.3100004196167,12300
2016-05-27,14.390000343322754,14.489999771118164,13.53499984741211,14.40999984741211,14.40999984741211,17000
2016-05-31,14.5,14.5,13.850000381469727,14.050000190734863,14.050000190734863,10400
2016-06-01,14.079999923706055,14.484999656677246,13.520000457763672,14.319999694824219,14.319999694824219,12600
2016-06-02,14.350000381469727,14.5,13.899999618530273,14.329999923706055,14.329999923706055,18000
2016-06-03,14.210000038146973,14.699999809265137,14.15999984741211,14.489999771118164,14.489999771118164,38300
2016-06-06,14.5,14.6899995803833,14.079999923706055,14.239999771118164,14.239999771118164,15100
2016-06-07,14.25,14.470000267028809,13.420000076293945,13.539999961853027,13.539999961853027,18400
2016-06-08,13.569999694824219,14.46500015258789,13.0,13.34000015258789,13.34000015258789,15400
2016-06-09,13.050000190734863,13.550000190734863,12.239999771118164,12.989999771118164,12.989999771118164,87700
2016-06-10,12.859999656677246,13.100000381469727,12.010000228881836,12.829999923706055,12.829999923706055,62100
2016-06-13,12.600000381469727,13.270000457763672,12.050000190734863,12.699999809265137,12.699999809265137,27000
2016-06-14,12.8100004196167,13.010000228881836,11.649999618530273,11.859999656677246,11.859999656677246,46100
2016-06-15,12.3100004196167,12.3100004196167,11.65999984741211,11.850000381469727,11.850000381469727,33000
2016-06-16,12.180000305175781,12.270000457763672,11.819999694824219,12.079999923706055,12.079999923706055,39100
2016-06-17,12.420000076293945,12.899999618530273,11.84000015258789,12.390000343322754,12.390000343322754,243600
2016-06-20,12.350000381469727,13.050000190734863,12.239999771118164,12.869999885559082,12.869999885559082,43500
2016-06-21,13.279999732971191,13.279999732971191,12.699999809265137,13.15999984741211,13.15999984741211,44600
2016-06-22,13.1899995803833,13.800000190734863,13.09000015258789,13.40999984741211,13.40999984741211,41000
2016-06-23,13.510000228881836,13.600000381469727,12.550000190734863,13.460000038146973,13.460000038146973,30600
2016-06-24,12.9399995803833,13.619999885559082,12.545000076293945,13.289999961853027,13.289999961853027,386500
2016-06-27,13.229999542236328,14.140000343322754,13.09000015258789,13.350000381469727,13.350000381469727,45000
2016-06-28,13.5,14.09000015258789,13.069999694824219,13.960000038146973,13.960000038146973,34600
2016-06-29,13.890000343322754,14.720000267028809,13.220000267028809,14.4399995803833,14.4399995803833,23500
2016-06-30,14.402999877929688,14.420000076293945,14.119999885559082,14.260000228881836,14.260000228881836,18200
2016-07-01,14.460000038146973,14.460000038146973,13.699999809265137,14.420000076293945,14.420000076293945,33100
2016-07-05,13.406999588012695,14.399999618530273,13.34000015258789,14.350000381469727,14.350000381469727,25200
2016-07-06,14.210000038146973,14.449999809265137,13.869999885559082,14.140000343322754,14.140000343322754,15400
2016-07-07,14.239999771118164,14.989999771118164,14.239999771118164,14.970000267028809,14.970000267028809,52100
2016-07-08,14.90999984741211,14.970000267028809,13.569999694824219,14.649999618530273,14.649999618530273,51000
2016-07-11,12.039999961853027,14.930000305175781,12.039999961853027,14.729999542236328,14.729999542236328,56500
2016-07-12,14.630000114440918,15.0600004196167,14.630000114440918,15.029999732971191,15.029999732971191,43500
2016-07-13,15.0,15.069999694824219,14.34000015258789,14.40999984741211,14.40999984741211,23300
2016-07-14,14.40999984741211,14.979999542236328,14.109999656677246,14.3100004196167,14.3100004196167,33400
2016-07-15,14.5600004196167,14.729999542236328,14.0,14.039999961853027,14.039999961853027,32800
2016-07-18,14.460000038146973,14.5,14.170000076293945,14.369999885559082,14.369999885559082,19700
2016-07-19,14.149999618530273,14.350000381469727,14.149999618530273,14.199999809265137,14.199999809265137,7600
2016-07-20,14.170000076293945,14.25,14.020000457763672,14.079999923706055,14.079999923706055,5400
2016-07-21,14.270000457763672,14.279999732971191,14.079999923706055,14.119999885559082,14.119999885559082,4200
2016-07-22,14.15999984741211,14.319999694824219,14.0600004196167,14.1899995803833,14.1899995803833,11200
2016-07-25,13.470000267028809,14.0,13.420000076293945,13.59000015258789,13.59000015258789,10300
2016-07-26,13.536999702453613,13.536999702453613,13.029999732971191,13.369999885559082,13.369999885559082,10500
2016-07-27,13.25,13.378000259399414,12.90999984741211,13.100000381469727,13.100000381469727,13500
2016-07-28,13.109999656677246,13.25,12.800000190734863,12.890000343322754,12.890000343322754,12500
2016-07-29,13.569000244140625,13.569000244140625,13.130000114440918,13.149999618530273,13.149999618530273,8000
2016-08-01,13.430000305175781,13.760000228881836,13.210000038146973,13.300000190734863,13.300000190734863,12700
2016-08-02,13.260000228881836,13.289999961853027,12.850000381469727,12.850000381469727,12.850000381469727,5600
2016-08-03,12.890000343322754,13.140000343322754,12.890000343322754,13.050000190734863,13.050000190734863,6000
2016-08-04,13.09000015258789,13.239999771118164,13.09000015258789,13.15999984741211,13.15999984741211,3700
2016-08-05,13.359999656677246,13.600000381469727,13.359999656677246,13.59000015258789,13.59000015258789,4500
2016-08-08,13.520000457763672,14.199000358581543,13.489999771118164,13.789999961853027,13.789999961853027,11900
2016-08-09,14.199999809265137,14.350000381469727,13.989999771118164,14.010000228881836,14.010000228881836,30500
2016-08-10,14.25,14.300000190734863,13.98799991607666,14.130000114440918,14.130000114440918,9000
2016-08-11,14.050000190734863,14.364999771118164,14.020000457763672,14.279999732971191,14.279999732971191,10900
2016-08-12,14.270000457763672,14.270000457763672,13.869999885559082,13.869999885559082,13.869999885559082,5300
2016-08-15,13.989999771118164,14.369999885559082,13.989999771118164,14.100000381469727,14.100000381469727,25500
2016-08-16,14.149999618530273,14.350000381469727,14.0,14.0,14.0,3500
2016-08-17,13.770000457763672,14.069999694824219,13.699999809265137,13.890000343322754,13.890000343322754,16000
2016-08-18,14.199999809265137,14.350000381469727,14.079999923706055,14.149999618530273,14.149999618530273,9000
2016-08-19,14.079999923706055,14.229999542236328,13.670999526977539,13.850000381469727,13.850000381469727,13700
2016-08-22,13.829999923706055,14.369999885559082,13.069999694824219,13.8100004196167,13.8100004196167,22000
2016-08-23,13.899999618530273,14.050000190734863,13.720000267028809,13.979999542236328,13.979999542236328,10000
2016-08-24,13.979999542236328,13.979999542236328,13.364999771118164,13.6899995803833,13.6899995803833,6400
2016-08-25,13.760000228881836,14.25,13.444999694824219,13.880000114440918,13.880000114440918,12100
2016-08-26,14.149999618530273,14.199999809265137,13.899999618530273,14.109999656677246,14.109999656677246,4000
2016-08-29,14.0,14.149999618530273,14.0,14.079999923706055,14.079999923706055,3900
2016-08-30,14.130000114440918,14.229999542236328,13.9399995803833,13.989999771118164,13.989999771118164,23900
2016-08-31,14.050000190734863,14.119999885559082,13.5600004196167,13.649999618530273,13.649999618530273,11800
2016-09-01,13.404999732971191,13.6899995803833,13.220000267028809,13.619999885559082,13.619999885559082,12100
2016-09-02,13.25,13.774999618530273,13.0,13.59000015258789,13.59000015258789,14800
2016-09-06,13.609999656677246,14.479999542236328,13.5649995803833,14.420000076293945,14.420000076293945,19900
2016-09-07,14.5,14.5,14.199999809265137,14.449999809265137,14.449999809265137,9300
2016-09-08,14.479999542236328,14.970000267028809,14.25,14.9399995803833,14.9399995803833,15700
2016-09-09,14.760000228881836,15.869999885559082,14.760000228881836,15.609999656677246,15.609999656677246,39600
2016-09-12,15.680000305175781,16.450000762939453,15.039999961853027,16.219999313354492,16.219999313354492,110500
2016-09-13,16.229999542236328,16.6200008392334,15.699999809265137,16.1200008392334,16.1200008392334,74500
2016-09-14,16.110000610351562,16.239999771118164,15.630000114440918,15.84000015258789,15.84000015258789,47600
2016-09-15,15.960000038146973,16.0,15.5600004196167,15.609999656677246,15.609999656677246,15100
2016-09-16,15.609999656677246,15.899999618530273,15.0,15.130000114440918,15.130000114440918,105400
2016-09-19,15.399999618530273,15.399999618530273,14.609999656677246,14.75,14.75,24200
2016-09-20,14.890000343322754,15.944000244140625,14.789999961853027,15.0,15.0,29700
2016-09-21,15.050000190734863,15.475000381469727,14.699999809265137,14.979999542236328,14.979999542236328,24300
2016-09-22,15.234999656677246,15.579999923706055,14.989999771118164,15.569999694824219,15.569999694824219,15200
2016-09-23,15.449999809265137,16.073999404907227,15.449999809265137,15.84000015258789,15.84000015258789,16300
2016-09-26,16.290000915527344,16.31999969482422,15.829999923706055,15.920000076293945,15.920000076293945,24700
2016-09-27,16.139999389648438,16.5,16.020000457763672,16.469999313354492,16.469999313354492,40900
2016-09-28,16.75,16.809999465942383,16.25,16.489999771118164,16.489999771118164,37700
2016-09-29,16.649999618530273,17.768999099731445,16.06999969482422,16.200000762939453,16.200000762939453,27600
2016-09-30,16.5,16.735000610351562,16.238000869750977,16.450000762939453,16.450000762939453,62500
2016-10-03,15.539999961853027,16.5,15.539999961853027,16.3700008392334,16.3700008392334,19100
2016-10-04,16.142000198364258,16.670000076293945,16.142000198364258,16.389999389648438,16.389999389648438,11800
2016-10-05,16.690000534057617,17.329999923706055,16.489999771118164,16.59000015258789,16.59000015258789,26900
2016-10-06,16.780000686645508,16.780000686645508,16.299999237060547,16.309999465942383,16.309999465942383,14700
2016-10-07,16.299999237060547,16.399999618530273,15.821999549865723,16.239999771118164,16.239999771118164,16700
2016-10-10,16.200000762939453,16.389999389648438,16.049999237060547,16.290000915527344,16.290000915527344,27400
2016-10-11,16.1200008392334,16.190000534057617,16.100000381469727,16.139999389648438,16.139999389648438,10500
2016-10-12,16.219999313354492,16.31999969482422,15.670000076293945,15.819999694824219,15.819999694824219,4100
2016-10-13,16.077999114990234,16.077999114990234,15.300000190734863,15.319999694824219,15.319999694824219,13700
2016-10-14,15.350000381469727,15.59000015258789,15.0,15.180000305175781,15.180000305175781,11000
2016-10-17,15.199999809265137,15.199999809265137,15.0,15.020000457763672,15.020000457763672,7500
2016-10-18,15.0,15.208000183105469,14.760000228881836,14.859999656677246,14.859999656677246,6200
2016-10-19,14.770000457763672,14.899999618530273,14.760000228881836,14.8100004196167,14.8100004196167,4100
2016-10-20,14.899999618530273,16.389999389648438,14.720000267028809,14.739999771118164,14.739999771118164,18200
2016-10-21,14.720000267028809,14.75,14.300000190734863,14.449999809265137,14.449999809265137,13800
2016-10-24,14.619999885559082,14.619999885559082,14.279999732971191,14.289999961853027,14.289999961853027,12000
2016-10-25,14.399999618530273,14.5600004196167,14.100000381469727,14.140000343322754,14.140000343322754,8800
2016-10-26,14.140000343322754,14.3100004196167,13.979999542236328,14.079999923706055,14.079999923706055,12400
2016-10-27,14.079999923706055,14.079999923706055,13.600000381469727,13.779999732971191,13.779999732971191,16500
2016-10-28,13.76200008392334,13.960000038146973,13.470000267028809,13.630000114440918,13.630000114440918,9900
2016-10-31,13.513999938964844,13.600000381469727,13.350000381469727,13.350000381469727,13.350000381469727,23100
2016-11-01,13.359000205993652,13.6899995803833,13.29699993133545,13.579999923706055,13.579999923706055,18000
2016-11-02,13.550000190734863,13.550000190734863,13.005999565124512,13.119999885559082,13.119999885559082,12900
2016-11-03,13.270000457763672,13.8100004196167,13.270000457763672,13.630000114440918,13.630000114440918,21800
2016-11-04,13.760000228881836,13.96500015258789,13.34000015258789,13.600000381469727,13.600000381469727,282900
2016-11-07,13.869999885559082,13.869999885559082,13.020000457763672,13.739999771118164,13.739999771118164,17400
2016-11-08,13.630000114440918,14.5,13.630000114440918,14.260000228881836,14.260000228881836,190300
2016-11-09,14.359999656677246,15.710000038146973,13.270000457763672,15.640000343322754,15.640000343322754,31500
2016-11-10,15.880000114440918,16.360000610351562,15.640000343322754,16.350000381469727,16.350000381469727,21500
2016-11-11,16.450000762939453,17.149999618530273,15.779999732971191,15.960000038146973,15.960000038146973,49600
2016-11-14,16.0,16.0,14.96399974822998,15.609999656677246,15.609999656677246,21700
2016-11-15,15.510000228881836,15.59000015258789,15.458000183105469,15.489999771118164,15.489999771118164,8100
2016-11-16,14.350000381469727,15.295000076293945,14.350000381469727,15.079999923706055,15.079999923706055,5500
2016-11-17,15.140000343322754,15.289999961853027,14.729999542236328,15.029999732971191,15.029999732971191,11100
2016-11-18,15.130000114440918,15.449999809265137,15.130000114440918,15.199999809265137,15.199999809265137,12600
2016-11-21,14.305000305175781,15.050000190734863,14.300000190734863,14.850000381469727,14.850000381469727,8300
2016-11-22,14.880000114440918,15.289999961853027,14.649999618530273,14.949999809265137,14.949999809265137,7900
2016-11-23,14.057999610900879,16.0,14.057999610900879,15.789999961853027,15.789999961853027,14100
2016-11-25,15.789999961853027,16.0,15.130000114440918,15.5,15.5,14200
2016-11-28,15.5,15.5,14.720000267028809,14.84000015258789,14.84000015258789,37600
2016-11-29,14.920000076293945,15.0,14.739999771118164,14.989999771118164,14.989999771118164,8200
2016-11-30,15.984999656677246,15.984999656677246,15.0,15.430000305175781,15.430000305175781,33500
2016-12-01,15.460000038146973,15.869999885559082,15.0,15.59000015258789,15.59000015258789,11400
2016-12-02,15.600000381469727,15.779999732971191,14.779999732971191,15.359999656677246,15.359999656677246,23800
2016-12-05,15.119999885559082,16.0,15.119999885559082,15.890000343322754,15.890000343322754,15200
2016-12-06,16.0,16.93000030517578,15.949999809265137,16.420000076293945,16.420000076293945,19500
2016-12-07,16.850000381469727,16.899999618530273,16.040000915527344,16.3700008392334,16.3700008392334,11200
2016-12-08,16.361000061035156,17.0,16.059999465942383,16.610000610351562,16.610000610351562,22200
2016-12-09,15.616999626159668,17.0,15.616999626159668,16.68000030517578,16.68000030517578,17000
2016-12-12,16.530000686645508,16.530000686645508,15.770000457763672,15.930000305175781,15.930000305175781,15000
2016-12-13,15.725000381469727,16.34000015258789,15.725000381469727,16.15999984741211,16.15999984741211,6800
2016-12-14,16.604999542236328,16.969999313354492,16.170000076293945,16.700000762939453,16.700000762939453,11500
2016-12-15,16.729999542236328,16.856000900268555,16.010000228881836,16.149999618530273,16.149999618530273,16600
2016-12-16,16.25,16.25,15.270000457763672,15.3100004196167,15.3100004196167,61100
2016-12-19,15.449999809265137,15.989999771118164,15.09000015258789,15.130000114440918,15.130000114440918,20300
2016-12-20,15.149999618530273,15.579999923706055,15.029999732971191,15.1899995803833,15.1899995803833,15600
2016-12-21,15.220000267028809,15.350000381469727,15.0,15.010000228881836,15.010000228881836,7200
2016-12-22,15.0,15.510000228881836,14.460000038146973,15.0600004196167,15.0600004196167,27300
2016-12-23,15.0,15.1899995803833,14.520000457763672,14.869999885559082,14.869999885559082,11400
2016-12-27,14.869999885559082,15.748000144958496,14.359999656677246,14.649999618530273,14.649999618530273,27400
2016-12-28,14.649999618530273,15.3149995803833,14.520000457763672,15.109999656677246,15.109999656677246,8700
2016-12-29,15.050000190734863,15.619999885559082,14.90999984741211,15.199999809265137,15.199999809265137,13000
2016-12-30,14.800000190734863,14.989999771118164,14.100000381469727,14.300000190734863,14.300000190734863,34600
2017-01-03,14.649999618530273,15.09000015258789,14.010000228881836,14.430000305175781,14.430000305175781,27800
2017-01-04,15.350000381469727,16.5,14.699999809265137,14.979999542236328,14.979999542236328,41000
2017-01-05,14.994999885559082,15.300000190734863,14.510000228881836,14.800000190734863,14.800000190734863,17400
2017-01-06,14.989999771118164,14.989999771118164,14.303000450134277,14.75,14.75,5400
2017-01-09,14.619999885559082,15.069999694824219,14.109999656677246,14.1899995803833,14.1899995803833,18000
2017-01-10,14.449999809265137,14.489999771118164,14.0,14.050000190734863,14.050000190734863,23800
2017-01-11,14.15999984741211,14.380000114440918,14.010000228881836,14.09000015258789,14.09000015258789,7000
2017-01-12,14.170000076293945,14.890000343322754,14.0,14.199999809265137,14.199999809265137,31500
2017-01-13,14.279999732971191,14.970000267028809,14.149999618530273,14.170000076293945,14.170000076293945,17100
2017-01-17,14.260000228881836,14.399999618530273,14.109999656677246,14.109999656677246,14.109999656677246,10200
2017-01-18,14.329999923706055,14.550000190734863,14.0,14.029999732971191,14.029999732971191,28400
2017-01-19,14.199999809265137,14.199999809265137,13.850000381469727,13.960000038146973,13.960000038146973,25900
2017-01-20,13.880000114440918,14.3100004196167,13.760000228881836,14.140000343322754,14.140000343322754,8000
2017-01-23,14.300000190734863,14.399999618530273,13.720000267028809,13.979999542236328,13.979999542236328,9100
2017-01-24,14.140000343322754,14.489999771118164,13.710000038146973,13.859999656677246,13.859999656677246,24400
2017-01-25,13.920000076293945,14.434000015258789,13.552000045776367,13.829999923706055,13.829999923706055,5800
2017-01-26,13.859999656677246,14.086999893188477,13.619999885559082,13.619999885559082,13.619999885559082,8900
2017-01-27,13.649999618530273,13.6899995803833,13.510000228881836,13.6899995803833,13.6899995803833,6400
2017-01-30,13.859999656677246,14.34000015258789,13.699999809265137,13.880000114440918,13.880000114440918,22400
2017-01-31,14.100000381469727,14.319999694824219,14.0,14.119999885559082,14.119999885559082,9100
2017-02-01,13.880000114440918,14.223999977111816,13.760000228881836,14.020000457763672,14.020000457763672,15900
2017-02-02,14.029999732971191,14.029999732971191,13.70300006866455,13.970000267028809,13.970000267028809,16200
2017-02-03,14.149999618530273,14.329999923706055,13.90999984741211,14.0,14.0,13100
2017-02-06,14.25,14.25,13.770000457763672,13.829999923706055,13.829999923706055,3500
2017-02-07,13.920000076293945,14.170000076293945,13.852999687194824,14.039999961853027,14.039999961853027,5600
2017-02-08,14.149999618530273,14.149999618530273,13.739999771118164,14.029999732971191,14.029999732971191,8800
2017-02-09,14.010000228881836,14.010000228881836,13.567999839782715,13.850000381469727,13.850000381469727,46900
2017-02-10,13.65999984741211,13.850000381469727,13.65999984741211,13.850000381469727,13.850000381469727,9600
2017-02-13,13.95199966430664,14.0,13.694999694824219,13.84000015258789,13.84000015258789,12700
2017-02-14,13.800000190734863,14.180000305175781,13.76099967956543,13.899999618530273,13.899999618530273,103500
2017-02-15,13.859999656677246,13.960000038146973,13.59000015258789,13.819999694824219,13.819999694824219,76100
2017-02-16,13.744999885559082,13.744999885559082,13.25,13.260000228881836,13.260000228881836,17200
2017-02-17,13.270000457763672,13.920000076293945,13.270000457763672,13.470000267028809,13.470000267028809,15100
2017-02-21,13.329999923706055,13.579999923706055,13.300000190734863,13.4399995803833,13.4399995803833,33900
2017-02-22,13.619999885559082,13.619999885559082,13.329999923706055,13.329999923706055,13.329999923706055,5100
2017-02-23,13.420000076293945,13.420000076293945,13.069999694824219,13.220000267028809,13.220000267028809,8700
2017-02-24,13.5,13.619999885559082,13.100000381469727,13.350000381469727,13.350000381469727,28400
2017-02-27,13.569999694824219,14.930000305175781,13.449999809265137,14.800000190734863,14.800000190734863,101100
2017-02-28,14.949999809265137,15.100000381469727,14.25,14.380000114440918,14.380000114440918,48900
2017-03-01,14.600000381469727,14.600000381469727,13.75,14.380000114440918,14.380000114440918,77300
2017-03-02,14.5,14.9399995803833,13.75,13.960000038146973,13.960000038146973,69400
2017-03-03,13.75,13.869999885559082,13.71500015258789,13.75,13.75,28500
2017-03-06,13.5,13.5,13.25,13.380000114440918,13.380000114440918,12900
2017-03-07,13.074000358581543,13.890000343322754,13.0600004196167,13.5,13.5,28500
2017-03-08,13.649999618530273,16.53499984741211,13.649999618530273,15.569999694824219,15.569999694824219,115400
2017-03-09,15.244999885559082,16.5,15.244999885559082,16.209999084472656,16.209999084472656,102000
2017-03-10,16.459999084472656,17.670000076293945,16.100000381469727,17.459999084472656,17.459999084472656,96700
2017-03-13,17.75,19.860000610351562,17.5,19.149999618530273,19.149999618530273,86500
2017-03-14,19.31999969482422,20.65999984741211,19.149999618530273,19.790000915527344,19.790000915527344,64400
2017-03-15,19.610000610351562,20.829999923706055,19.610000610351562,20.34000015258789,20.34000015258789,74200
2017-03-16,20.709999084472656,20.860000610351562,20.209999084472656,20.420000076293945,20.420000076293945,43400
2017-03-17,20.3799991607666,20.899999618530273,20.049999237060547,20.5,20.5,61900
2017-03-20,20.790000915527344,20.920000076293945,20.290000915527344,20.899999618530273,20.899999618530273,32200
2017-03-21,21.020000457763672,21.020000457763672,20.280000686645508,20.3700008392334,20.3700008392334,57100
2017-03-22,20.389999389648438,20.770000457763672,19.010000228881836,19.93000030517578,19.93000030517578,64800
2017-03-23,19.75,20.888999938964844,19.75,20.440000534057617,20.440000534057617,28400
2017-03-24,20.15999984741211,21.049999237060547,19.670000076293945,20.899999618530273,20.899999618530273,37200
2017-03-27,20.520000457763672,22.010000228881836,20.520000457763672,21.3700008392334,21.3700008392334,33300
2017-03-28,21.440000534057617,22.136999130249023,20.670000076293945,21.1299991607666,21.1299991607666,46700
2017-03-29,21.184999465942383,21.420000076293945,20.719999313354492,21.020000457763672,21.020000457763672,49400
2017-03-30,21.020000457763672,21.360000610351562,20.40999984741211,20.65999984741211,20.65999984741211,63700
2017-03-31,20.6299991607666,21.190000534057617,20.329999923706055,20.770000457763672,20.770000457763672,101400
2017-04-03,20.770000457763672,21.299999237060547,20.549999237060547,20.709999084472656,20.709999084472656,104200
2017-04-04,20.75,20.790000915527344,8.270000457763672,10.359999656677246,10.359999656677246,5653200
2017-04-05,11.020000457763672,11.699999809265137,9.949999809265137,10.100000381469727,10.100000381469727,1740200
2017-04-06,10.279999732971191,10.543999671936035,9.600000381469727,9.829999923706055,9.829999923706055,403500
2017-04-07,9.829999923706055,9.920999526977539,9.300000190734863,9.539999961853027,9.539999961853027,353000
2017-04-10,9.739999771118164,10.486000061035156,9.59000015258789,10.180000305175781,10.180000305175781,362800
2017-04-11,10.25,10.4399995803833,9.729999542236328,10.09000015258789,10.09000015258789,146300
2017-04-12,10.09000015258789,10.430000305175781,9.850000381469727,10.149999618530273,10.149999618530273,219300
2017-04-13,10.1899995803833,10.300000190734863,10.0,10.09000015258789,10.09000015258789,93200
2017-04-17,10.09000015258789,10.25,10.0,10.020000457763672,10.020000457763672,100000
2017-04-18,10.0,10.059000015258789,9.25,9.550000190734863,9.550000190734863,199300
2017-04-19,9.5600004196167,9.850000381469727,9.199999809265137,9.539999961853027,9.539999961853027,216200
2017-04-20,9.619999885559082,9.739999771118164,9.449999809265137,9.649999618530273,9.649999618530273,100200
2017-04-21,9.65999984741211,9.850000381469727,9.609999656677246,9.800000190734863,9.800000190734863,238200
2017-04-24,9.880000114440918,10.210000038146973,9.800000190734863,10.09000015258789,10.09000015258789,111300
2017-04-25,10.09000015258789,10.479999542236328,10.050000190734863,10.239999771118164,10.239999771118164,90900
2017-04-26,10.289999961853027,10.350000381469727,9.970000267028809,10.239999771118164,10.239999771118164,80900
2017-04-27,10.239999771118164,10.300000190734863,9.899999618530273,10.1899995803833,10.1899995803833,83200
2017-04-28,10.220000267028809,10.234999656677246,9.859999656677246,9.930000305175781,9.930000305175781,58700
2017-05-01,9.100000381469727,9.649999618530273,9.0,9.640000343322754,9.640000343322754,182600
2017-05-02,9.670000076293945,10.069999694824219,9.42199993133545,9.949999809265137,9.949999809265137,243200
2017-05-03,10.020000457763672,10.270000457763672,9.369999885559082,9.680000305175781,9.680000305175781,237300
2017-05-04,9.989999771118164,9.989999771118164,9.309000015258789,9.739999771118164,9.739999771118164,166900
2017-05-05,9.8100004196167,10.095000267028809,9.430000305175781,9.989999771118164,9.989999771118164,191600
2017-05-08,9.979999542236328,10.100000381469727,9.789999961853027,10.100000381469727,10.100000381469727,114800
2017-05-09,10.119999885559082,10.20199966430664,9.5,9.869999885559082,9.869999885559082,92700
2017-05-10,9.869999885559082,10.0,9.739999771118164,9.920000076293945,9.920000076293945,73000
2017-05-11,9.899999618530273,10.140000343322754,9.65999984741211,10.109999656677246,10.109999656677246,83600
2017-05-12,10.100000381469727,10.949999809265137,10.09000015258789,10.680000305175781,10.680000305175781,178500
2017-05-15,10.729999542236328,10.899999618530273,10.5,10.739999771118164,10.739999771118164,109400
2017-05-16,10.850000381469727,10.880000114440918,10.529999732971191,10.84000015258789,10.84000015258789,54900
2017-05-17,10.720000267028809,10.859999656677246,10.420000076293945,10.779999732971191,10.779999732971191,108600
2017-05-18,10.789999961853027,11.482999801635742,10.710000038146973,11.270000457763672,11.270000457763672,167000
2017-05-19,11.260000228881836,11.482000350952148,11.0,11.1899995803833,11.1899995803833,81100
2017-05-22,11.1899995803833,11.420000076293945,11.0,11.119999885559082,11.119999885559082,69700
2017-05-23,11.109999656677246,11.239999771118164,11.0,11.199999809265137,11.199999809265137,47500
2017-05-24,11.199999809265137,11.479000091552734,11.199999809265137,11.3100004196167,11.3100004196167,62500
2017-05-25,11.3100004196167,11.5,11.0,11.130000114440918,11.130000114440918,109400
2017-05-26,11.149999618530273,11.255000114440918,10.880000114440918,11.010000228881836,11.010000228881836,98400
2017-05-30,11.0,11.039999961853027,10.109999656677246,10.130000114440918,10.130000114440918,86300
2017-05-31,10.149999618530273,10.649999618530273,10.0,10.15999984741211,10.15999984741211,86100
2017-06-01,10.199999809265137,11.0,10.15999984741211,10.760000228881836,10.760000228881836,137600
2017-06-02,10.710000038146973,11.619999885559082,10.710000038146973,11.319999694824219,11.319999694824219,183300
2017-06-05,10.069999694824219,11.3100004196167,10.069999694824219,11.079999923706055,11.079999923706055,56700
2017-06-06,10.680000305175781,11.239999771118164,9.800000190734863,10.0,10.0,142500
2017-06-07,9.739999771118164,10.086999893188477,9.307000160217285,9.4399995803833,9.4399995803833,84000
2017-06-08,9.449999809265137,9.869999885559082,9.4399995803833,9.699999809265137,9.699999809265137,64700
2017-06-09,9.619999885559082,10.34000015258789,9.550000190734863,9.890000343322754,9.890000343322754,67900
2017-06-12,9.800000190734863,10.079999923706055,9.579999923706055,9.779999732971191,9.779999732971191,67100
2017-06-13,9.8100004196167,10.220000267028809,9.520999908447266,10.130000114440918,10.130000114440918,59900
2017-06-14,10.619999885559082,11.0,10.5600004196167,10.739999771118164,10.739999771118164,182400
2017-06-15,10.640000343322754,10.90999984741211,10.399999618530273,10.899999618530273,10.899999618530273,137000
2017-06-16,10.75,11.0,10.675000190734863,11.0,11.0,198500
2017-06-19,11.029999732971191,11.3100004196167,10.97599983215332,11.199999809265137,11.199999809265137,129500
2017-06-20,11.149999618530273,11.289999961853027,10.859999656677246,10.930000305175781,10.930000305175781,113700
2017-06-21,11.0600004196167,11.84000015258789,11.0600004196167,11.399999618530273,11.399999618530273,183200
2017-06-22,11.5,12.119999885559082,11.0,11.069999694824219,11.069999694824219,133600
2017-06-23,11.050000190734863,11.390000343322754,10.800000190734863,11.300000190734863,11.300000190734863,567700
2017-06-26,11.210000038146973,12.350000381469727,11.210000038146973,12.130000114440918,12.130000114440918,139200
2017-06-27,12.1899995803833,12.274999618530273,11.65999984741211,11.729999542236328,11.729999542236328,47400
2017-06-28,11.890000343322754,12.899999618530273,11.741999626159668,12.649999618530273,12.649999618530273,75400
2017-06-29,12.649999618530273,12.710000038146973,12.25100040435791,12.449999809265137,12.449999809265137,45100
2017-06-30,12.550000190734863,12.550000190734863,11.819999694824219,12.100000381469727,12.100000381469727,124600
2017-07-03,12.430000305175781,12.5600004196167,12.04800033569336,12.479999542236328,12.479999542236328,25000
2017-07-05,12.479999542236328,12.819999694824219,12.199999809265137,12.369999885559082,12.369999885559082,93800
2017-07-06,12.220000267028809,12.59000015258789,12.079999923706055,12.470000267028809,12.470000267028809,66000
2017-07-07,12.399999618530273,12.979999542236328,12.229999542236328,12.729999542236328,12.729999542236328,78400
2017-07-10,12.649999618530273,12.979999542236328,12.3100004196167,12.65999984741211,12.65999984741211,54900
2017-07-11,12.649999618530273,12.925000190734863,12.289999961853027,12.739999771118164,12.739999771118164,50100
2017-07-12,12.75,12.970000267028809,12.520000457763672,12.579999923706055,12.579999923706055,71100
2017-07-13,12.550000190734863,12.550000190734863,12.03499984741211,12.199999809265137,12.199999809265137,53300
2017-07-14,12.109999656677246,12.350000381469727,12.109999656677246,12.170000076293945,12.170000076293945,38100
2017-07-17,12.119999885559082,12.40999984741211,11.920000076293945,11.989999771118164,11.989999771118164,54300
2017-07-18,12.0,12.130000114440918,11.760000228881836,12.010000228881836,12.010000228881836,47200
2017-07-19,12.09000015258789,12.239999771118164,11.8100004196167,11.989999771118164,11.989999771118164,148100
2017-07-20,12.0,12.130000114440918,11.489999771118164,12.0,12.0,249000
2017-07-21,12.09000015258789,12.479999542236328,12.029999732971191,12.279999732971191,12.279999732971191,35100
2017-07-24,12.369999885559082,12.460000038146973,12.199999809265137,12.25,12.25,49700
2017-07-25,12.100000381469727,12.479999542236328,12.100000381469727,12.170000076293945,12.170000076293945,29500
2017-07-26,12.041000366210938,12.359999656677246,12.041000366210938,12.300000190734863,12.300000190734863,22200
2017-07-27,12.350000381469727,12.489999771118164,12.300000190734863,12.34000015258789,12.34000015258789,42100
2017-07-28,12.319999694824219,12.489999771118164,12.010000228881836,12.119999885559082,12.119999885559082,26700
2017-07-31,12.140000343322754,12.390000343322754,11.92300033569336,12.229999542236328,12.229999542236328,17500
2017-08-01,12.369999885559082,12.449999809265137,12.010000228881836,12.09000015258789,12.09000015258789,15400
2017-08-02,12.199999809265137,12.366999626159668,11.619999885559082,11.84000015258789,11.84000015258789,48300
2017-08-03,12.3100004196167,12.449999809265137,11.951000213623047,12.069999694824219,12.069999694824219,31700
2017-08-04,12.100000381469727,12.460000038146973,12.100000381469727,12.260000228881836,12.260000228881836,51300
2017-08-07,12.199999809265137,12.390000343322754,12.140000343322754,12.170000076293945,12.170000076293945,44600
2017-08-08,12.229999542236328,12.229999542236328,11.640000343322754,11.649999618530273,11.649999618530273,190900
2017-08-09,11.600000381469727,11.760000228881836,11.130000114440918,11.300000190734863,11.300000190734863,28400
2017-08-10,11.3100004196167,11.720000267028809,11.3100004196167,11.609999656677246,11.609999656677246,118000
2017-08-11,11.640000343322754,12.109999656677246,11.630000114440918,11.680000305175781,11.680000305175781,37700
2017-08-14,11.84000015258789,12.223999977111816,11.75,11.84000015258789,11.84000015258789,47000
2017-08-15,11.760000228881836,12.395999908447266,11.760000228881836,12.270000457763672,12.270000457763672,56200
2017-08-16,12.34000015258789,12.770000457763672,12.329999923706055,12.59000015258789,12.59000015258789,11400
2017-08-17,12.609999656677246,12.640000343322754,12.215999603271484,12.390000343322754,12.390000343322754,21400
2017-08-18,12.220000267028809,12.489999771118164,12.135000228881836,12.260000228881836,12.260000228881836,74300
2017-08-21,12.170000076293945,12.319999694824219,11.520000457763672,11.920000076293945,11.920000076293945,24000
2017-08-22,11.92300033569336,12.479999542236328,11.520000457763672,11.869999885559082,11.869999885559082,65900
2017-08-23,11.880000114440918,14.03499984741211,11.880000114440918,13.0,13.0,162800
2017-08-24,14.029999732971191,14.934000015258789,13.289999961853027,14.670000076293945,14.670000076293945,213700
2017-08-25,13.770000457763672,14.8100004196167,13.569999694824219,14.550000190734863,14.550000190734863,65300
2017-08-28,14.59000015258789,14.899999618530273,14.298999786376953,14.550000190734863,14.550000190734863,48500
2017-08-29,14.5600004196167,15.420000076293945,14.550000190734863,15.239999771118164,15.239999771118164,68800
2017-08-30,15.329999923706055,16.229999542236328,15.229999542236328,15.899999618530273,15.899999618530273,52500
2017-08-31,15.989999771118164,16.420000076293945,15.5,16.170000076293945,16.170000076293945,68100
2017-09-01,16.01099967956543,16.18000030517578,15.776000022888184,16.170000076293945,16.170000076293945,39900
2017-09-05,16.200000762939453,16.440000534057617,15.579999923706055,16.049999237060547,16.049999237060547,25400
2017-09-06,16.049999237060547,16.360000610351562,15.975000381469727,16.079999923706055,16.079999923706055,17400
2017-09-07,16.139999389648438,16.334999084472656,15.979999542236328,16.270000457763672,16.270000457763672,38000
2017-09-08,16.329999923706055,17.280000686645508,16.309999465942383,16.989999771118164,16.989999771118164,38700
2017-09-11,17.229999542236328,17.479999542236328,16.402999877929688,17.100000381469727,17.100000381469727,21200
2017-09-12,17.170000076293945,17.225000381469727,16.386999130249023,17.020000457763672,17.020000457763672,35000
2017-09-13,16.969999313354492,17.25,16.65999984741211,16.700000762939453,16.700000762939453,30400
2017-09-14,16.510000228881836,17.049999237060547,16.510000228881836,16.899999618530273,16.899999618530273,19400
2017-09-15,16.989999771118164,17.239999771118164,16.559999465942383,17.149999618530273,17.149999618530273,86400
2017-09-18,17.200000762939453,17.635000228881836,17.010000228881836,17.229999542236328,17.229999542236328,53700
2017-09-19,17.1200008392334,17.190000534057617,16.690000534057617,16.850000381469727,16.850000381469727,32800
2017-09-20,16.75,16.940000534057617,15.60099983215332,16.360000610351562,16.360000610351562,48300
2017-09-21,16.3700008392334,16.3700008392334,15.59000015258789,16.010000228881836,16.010000228881836,68800
2017-09-22,16.138999938964844,16.6200008392334,16.0,16.25,16.25,26400
2017-09-25,16.59000015258789,16.639999389648438,15.989999771118164,16.049999237060547,16.049999237060547,21700
2017-09-26,16.049999237060547,16.31999969482422,15.90999984741211,16.020000457763672,16.020000457763672,27100
2017-09-27,16.290000915527344,16.860000610351562,16.25,16.329999923706055,16.329999923706055,39400
2017-09-28,16.649999618530273,16.864999771118164,16.1299991607666,16.149999618530273,16.149999618530273,26500
2017-09-29,16.149999618530273,16.530000686645508,15.84000015258789,15.9399995803833,15.9399995803833,94500
2017-10-02,15.960000038146973,17.01300048828125,15.960000038146973,16.93000030517578,16.93000030517578,48900
2017-10-03,17.079999923706055,17.079999923706055,16.450000762939453,16.770000457763672,16.770000457763672,248800
2017-10-04,16.895000457763672,17.299999237060547,16.020000457763672,16.1299991607666,16.1299991607666,153900
2017-10-05,16.1200008392334,16.5,16.1200008392334,16.360000610351562,16.360000610351562,49900
2017-10-06,16.34000015258789,16.780000686645508,16.020000457763672,16.670000076293945,16.670000076293945,63300
2017-10-09,16.639999389648438,16.920000076293945,16.510000228881836,16.899999618530273,16.899999618530273,36500
2017-10-10,16.899999618530273,17.0,16.079999923706055,16.65999984741211,16.65999984741211,89400
2017-10-11,16.600000381469727,16.959999084472656,16.274999618530273,16.299999237060547,16.299999237060547,21400
2017-10-12,16.350000381469727,16.399999618530273,16.049999237060547,16.170000076293945,16.170000076293945,15900
2017-10-13,16.309999465942383,16.309999465942383,15.520000457763672,15.59000015258789,15.59000015258789,21400
2017-10-16,15.640000343322754,15.6899995803833,14.5,14.880000114440918,14.880000114440918,38900
2017-10-17,15.0,15.430000305175781,14.687000274658203,15.220000267028809,15.220000267028809,23600
2017-10-18,15.430000305175781,15.65999984741211,15.270000457763672,15.550000190734863,15.550000190734863,34200
2017-10-19,15.600000381469727,16.16900062561035,15.270000457763672,15.399999618530273,15.399999618530273,24500
2017-10-20,15.640000343322754,15.640000343322754,14.270000457763672,14.779999732971191,14.779999732971191,39300
2017-10-23,14.779999732971191,15.210000038146973,14.609999656677246,14.800000190734863,14.800000190734863,13400
2017-10-24,14.800000190734863,14.970000267028809,13.90999984741211,14.0,14.0,23600
2017-10-25,13.859999656677246,14.449999809265137,13.850000381469727,14.180000305175781,14.180000305175781,21100
2017-10-26,14.1899995803833,14.479999542236328,13.699999809265137,13.90999984741211,13.90999984741211,28900
2017-10-27,14.420000076293945,15.020000457763672,14.140000343322754,14.529999732971191,14.529999732971191,29000
2017-10-30,14.6899995803833,14.9399995803833,14.520000457763672,14.739999771118164,14.739999771118164,38100
2017-10-31,14.84000015258789,14.864999771118164,13.5,13.579999923706055,13.579999923706055,32800
2017-11-01,13.649999618530273,13.979999542236328,13.619999885559082,13.970000267028809,13.970000267028809,25800
2017-11-02,14.050000190734863,14.630000114440918,14.050000190734863,14.420000076293945,14.420000076293945,10700
2017-11-03,14.40999984741211,14.880000114440918,14.180000305175781,14.550000190734863,14.550000190734863,72900
2017-11-06,14.65999984741211,14.65999984741211,14.100000381469727,14.1899995803833,14.1899995803833,54600
2017-11-07,14.279999732971191,14.5,13.619999885559082,13.720000267028809,13.720000267028809,125000
2017-11-08,13.600000381469727,13.600000381469727,12.630000114440918,13.020000457763672,13.020000457763672,145600
2017-11-09,12.949999809265137,13.180000305175781,12.630000114440918,12.920000076293945,12.920000076293945,99300
2017-11-10,12.979999542236328,13.130000114440918,12.619999885559082,12.789999961853027,12.789999961853027,29900
2017-11-13,12.859999656677246,12.859999656677246,12.25,12.319999694824219,12.319999694824219,60500
2017-11-14,12.350000381469727,12.539999961853027,12.0600004196167,12.130000114440918,12.130000114440918,42600
2017-11-15,12.100000381469727,12.229999542236328,11.600000381469727,11.65999984741211,11.65999984741211,70300
2017-11-16,11.720000267028809,12.550000190734863,11.720000267028809,11.800000190734863,11.800000190734863,210100
2017-11-17,11.800000190734863,12.1899995803833,11.119999885559082,11.270000457763672,11.270000457763672,87100
2017-11-20,11.289999961853027,11.475000381469727,10.470000267028809,10.5,10.5,272200
2017-11-21,10.350000381469727,11.220000267028809,10.0,10.09000015258789,10.09000015258789,150100
2017-11-22,10.0600004196167,11.140000343322754,10.0600004196167,10.239999771118164,10.239999771118164,137700
2017-11-24,10.479999542236328,12.010000228881836,10.479999542236328,11.510000228881836,11.510000228881836,84600
2017-11-27,11.550000190734863,11.960000038146973,11.319999694824219,11.489999771118164,11.489999771118164,48800
2017-11-28,11.569999694824219,11.831999778747559,11.380000114440918,11.430000305175781,11.430000305175781,37500
2017-11-29,11.505000114440918,11.869999885559082,11.270000457763672,11.279999732971191,11.279999732971191,39600
2017-11-30,11.380000114440918,11.789999961853027,10.960000038146973,11.210000038146973,11.210000038146973,72300
2017-12-01,11.140000343322754,11.770000457763672,11.0,11.369999885559082,11.369999885559082,55400
2017-12-04,11.479999542236328,11.649999618530273,10.949999809265137,11.1899995803833,11.1899995803833,37900
2017-12-05,11.149999618530273,11.229999542236328,10.802000045776367,11.0,11.0,43700
2017-12-06,10.960000038146973,11.199999809265137,10.539999961853027,10.6899995803833,10.6899995803833,49600
2017-12-07,10.75,10.92300033569336,10.569999694824219,10.680000305175781,10.680000305175781,84700
2017-12-08,10.579999923706055,10.949999809265137,10.510000228881836,10.569999694824219,10.569999694824219,44900
2017-12-11,10.720000267028809,11.1899995803833,10.720000267028809,10.949999809265137,10.949999809265137,144800
2017-12-12,11.039999961853027,11.039999961853027,10.720000267028809,10.859999656677246,10.859999656677246,60000
2017-12-13,10.75,10.869999885559082,10.569999694824219,10.600000381469727,10.600000381469727,125200
2017-12-14,10.579999923706055,10.770000457763672,10.100000381469727,10.239999771118164,10.239999771118164,116700
2017-12-15,10.100000381469727,10.100000381469727,9.199999809265137,9.300000190734863,9.300000190734863,565100
2017-12-18,9.380000114440918,10.0,9.109999656677246,9.800000190734863,9.800000190734863,117800
2017-12-19,9.829999923706055,10.199999809265137,9.710000038146973,9.920000076293945,9.920000076293945,69100
2017-12-20,9.989999771118164,10.680000305175781,9.8100004196167,10.170000076293945,10.170000076293945,49100
2017-12-21,10.319999694824219,10.649999618530273,9.920000076293945,10.289999961853027,10.289999961853027,41000
2017-12-22,10.329999923706055,10.630000114440918,10.1899995803833,10.550000190734863,10.550000190734863,53000
2017-12-26,10.59000015258789,11.0600004196167,10.253999710083008,10.630000114440918,10.630000114440918,126500
2017-12-27,11.640000343322754,11.6850004196167,10.319999694824219,10.369999885559082,10.369999885559082,45400
2017-12-28,10.329999923706055,11.050000190734863,10.312000274658203,10.550000190734863,10.550000190734863,80400
2017-12-29,10.720000267028809,10.859999656677246,10.211000442504883,10.359999656677246,10.359999656677246,41600
2018-01-02,10.420000076293945,11.260000228881836,10.270000457763672,11.170000076293945,11.170000076293945,115500
2018-01-03,11.25,11.489999771118164,10.720000267028809,10.800000190734863,10.800000190734863,49300
2018-01-04,10.859999656677246,11.319999694824219,10.670000076293945,11.210000038146973,11.210000038146973,26700
2018-01-05,11.199999809265137,11.289999961853027,10.739999771118164,10.850000381469727,10.850000381469727,19900
2018-01-08,10.800000190734863,10.800000190734863,9.649999618530273,9.949999809265137,9.949999809265137,138900
2018-01-09,9.970000267028809,10.350000381469727,9.960000038146973,10.140000343322754,10.140000343322754,54700
2018-01-10,10.050000190734863,10.529999732971191,10.0,10.34000015258789,10.34000015258789,112800
2018-01-11,10.329999923706055,10.729999542236328,10.282999992370605,10.510000228881836,10.510000228881836,50600
2018-01-12,10.779999732971191,10.779999732971191,10.175000190734863,10.390000343322754,10.390000343322754,107000
2018-01-16,10.319999694824219,10.720000267028809,9.899999618530273,9.979999542236328,9.979999542236328,102700
2018-01-17,10.0,10.039999961853027,9.920000076293945,9.989999771118164,9.989999771118164,27800
2018-01-18,10.029999732971191,10.029999732971191,9.859999656677246,9.90999984741211,9.90999984741211,44700
2018-01-19,9.850000381469727,10.074999809265137,9.850000381469727,9.9399995803833,9.9399995803833,45000
2018-01-22,10.0,10.329999923706055,9.770000457763672,9.869999885559082,9.869999885559082,111600
2018-01-23,9.819999694824219,9.960000038146973,9.6899995803833,9.859999656677246,9.859999656677246,114500
2018-01-24,9.890000343322754,10.1899995803833,9.800000190734863,9.84000015258789,9.84000015258789,179700
2018-01-25,9.84000015258789,10.04699993133545,9.779999732971191,9.850000381469727,9.850000381469727,50600
2018-01-26,9.8100004196167,9.979999542236328,9.800000190734863,9.869999885559082,9.869999885559082,48500
2018-01-29,9.869999885559082,10.055000305175781,9.5,9.510000228881836,9.510000228881836,58400
2018-01-30,9.510000228881836,9.699999809265137,9.199999809265137,9.270000457763672,9.270000457763672,78600
2018-01-31,9.34000015258789,9.34000015258789,8.300000190734863,8.420000076293945,8.420000076293945,96900
2018-02-01,8.4399995803833,8.770000457763672,8.0,8.239999771118164,8.239999771118164,152900
2018-02-02,8.199999809265137,8.5,7.809999942779541,8.029999732971191,8.029999732971191,83000
2018-02-05,8.039999961853027,8.640000343322754,7.925000190734863,8.0,8.0,71100
2018-02-06,7.940000057220459,8.85200023651123,7.940000057220459,8.149999618530273,8.149999618530273,125100
2018-02-07,8.079999923706055,8.34000015258789,8.020000457763672,8.1899995803833,8.1899995803833,183200
2018-02-08,8.220000267028809,8.369999885559082,8.039999961853027,8.1899995803833,8.1899995803833,69700
2018-02-09,8.279999732971191,8.34000015258789,7.570000171661377,7.949999809265137,7.949999809265137,163000
2018-02-12,7.96999979019165,8.300000190734863,7.539999961853027,7.909999847412109,7.909999847412109,54900
2018-02-13,7.900000095367432,8.25,7.554999828338623,8.15999984741211,8.15999984741211,79100
2018-02-14,8.09000015258789,8.4399995803833,7.909999847412109,8.149999618530273,8.149999618530273,53600
2018-02-15,8.170000076293945,8.390000343322754,8.015000343322754,8.199999809265137,8.199999809265137,32800
2018-02-16,8.170000076293945,8.220000267028809,8.010000228881836,8.119999885559082,8.119999885559082,23600
2018-02-20,8.09000015258789,9.133000373840332,7.855000019073486,8.0600004196167,8.0600004196167,75300
2018-02-21,8.720000267028809,8.720000267028809,8.09000015258789,8.119999885559082,8.119999885559082,24100
2018-02-22,8.0600004196167,8.399999618530273,7.420000076293945,7.480000019073486,7.480000019073486,313300
2018-02-23,7.510000228881836,8.210000038146973,7.460000038146973,8.170000076293945,8.170000076293945,97000
2018-02-26,8.149999618530273,8.289999961853027,8.074999809265137,8.1899995803833,8.1899995803833,31700
2018-02-27,8.1850004196167,8.645000457763672,8.104999542236328,8.390000343322754,8.390000343322754,231600
2018-02-28,8.489999771118164,8.890000343322754,8.119999885559082,8.1899995803833,8.1899995803833,81100
2018-03-01,8.149999618530273,8.25,7.739999771118164,7.820000171661377,7.820000171661377,69900
2018-03-02,7.760000228881836,9.069999694824219,7.760000228881836,8.949999809265137,8.949999809265137,98600
2018-03-05,8.890000343322754,9.079999923706055,8.321999549865723,8.550000190734863,8.550000190734863,185200
2018-03-06,8.569999694824219,9.100000381469727,7.633999824523926,9.039999961853027,9.039999961853027,83900
2018-03-07,9.050000190734863,9.739999771118164,8.859999656677246,9.520000457763672,9.520000457763672,50600
2018-03-08,9.479999542236328,10.069999694824219,8.850000381469727,9.739999771118164,9.739999771118164,956600
2018-03-09,9.84000015258789,10.720000267028809,9.670000076293945,9.880000114440918,9.880000114440918,417800
2018-03-12,9.859999656677246,10.270000457763672,9.640000343322754,9.779999732971191,9.779999732971191,76100
2018-03-13,9.979999542236328,10.850000381469727,9.880000114440918,10.630000114440918,10.630000114440918,318400
2018-03-14,10.680000305175781,10.75,10.220000267028809,10.539999961853027,10.539999961853027,131900
2018-03-15,10.699999809265137,10.699999809265137,9.630000114440918,10.010000228881836,10.010000228881836,190700
2018-03-16,10.029999732971191,10.468000411987305,9.59000015258789,10.319999694824219,10.319999694824219,236000
2018-03-19,10.390000343322754,10.720000267028809,10.010000228881836,10.229999542236328,10.229999542236328,166300
2018-03-20,10.170000076293945,10.350000381469727,9.989999771118164,10.15999984741211,10.15999984741211,106100
2018-03-21,10.15999984741211,10.75,10.15999984741211,10.229999542236328,10.229999542236328,92700
2018-03-22,10.229999542236328,11.399999618530273,10.229999542236328,10.75,10.75,162100
2018-03-23,10.859999656677246,11.0600004196167,10.149999618530273,10.199999809265137,10.199999809265137,204800
2018-03-26,10.3100004196167,11.25,10.3100004196167,11.210000038146973,11.210000038146973,113500
2018-03-27,11.25,11.5,11.0,11.050000190734863,11.050000190734863,108300
2018-03-28,11.050000190734863,11.479999542236328,10.569999694824219,11.180000305175781,11.180000305175781,122800
2018-03-29,11.15999984741211,11.640000343322754,10.880000114440918,11.529999732971191,11.529999732971191,143200
2018-04-02,11.4399995803833,11.4399995803833,10.765000343322754,10.859999656677246,10.859999656677246,90800
2018-04-03,10.859999656677246,11.390000343322754,10.609999656677246,11.09000015258789,11.09000015258789,77600
2018-04-04,10.930000305175781,11.739999771118164,10.930000305175781,11.270000457763672,11.270000457763672,93400
2018-04-05,11.350000381469727,11.460000038146973,10.770000457763672,10.90999984741211,10.90999984741211,63100
2018-04-06,10.8100004196167,11.15999984741211,9.680000305175781,10.119999885559082,10.119999885559082,212700
2018-04-09,10.15999984741211,10.850000381469727,10.079999923706055,10.470000267028809,10.470000267028809,86400
2018-04-10,10.619999885559082,11.329999923706055,10.611000061035156,11.210000038146973,11.210000038146973,308900
2018-04-11,11.170000076293945,11.350000381469727,11.0,11.020000457763672,11.020000457763672,54200
2018-04-12,11.039999961853027,11.229999542236328,10.899999618530273,11.09000015258789,11.09000015258789,67300
2018-04-13,11.109999656677246,11.170000076293945,10.619999885559082,11.100000381469727,11.100000381469727,64300
2018-04-16,11.15999984741211,11.199999809265137,9.930000305175781,10.829999923706055,10.829999923706055,33600
2018-04-17,10.890000343322754,11.050000190734863,10.680000305175781,10.8100004196167,10.8100004196167,46500
2018-04-18,10.850000381469727,11.039999961853027,10.710000038146973,10.869999885559082,10.869999885559082,40400
2018-04-19,10.84000015258789,11.029999732971191,10.640000343322754,10.649999618530273,10.649999618530273,57700
2018-04-20,10.649999618530273,11.119999885559082,10.520000457763672,10.5600004196167,10.5600004196167,65000
2018-04-23,10.5600004196167,10.829999923706055,10.319999694824219,10.380000114440918,10.380000114440918,65200
2018-04-24,10.5,10.5,9.9399995803833,9.970000267028809,9.970000267028809,63700
2018-04-25,9.970000267028809,10.109999656677246,9.75,9.8100004196167,9.8100004196167,63600
2018-04-26,9.84000015258789,9.930000305175781,9.75,9.800000190734863,9.800000190734863,75600
2018-04-27,9.829999923706055,9.829999923706055,9.579999923706055,9.75,9.75,24400
2018-04-30,9.789999961853027,9.880000114440918,9.550000190734863,9.600000381469727,9.600000381469727,26300
2018-05-01,9.520000457763672,9.739999771118164,9.319999694824219,9.710000038146973,9.710000038146973,16600
2018-05-02,9.710000038146973,9.829999923706055,9.600000381469727,9.6899995803833,9.6899995803833,39700
2018-05-03,9.6899995803833,9.6899995803833,9.345000267028809,9.420000076293945,9.420000076293945,18000
2018-05-04,9.399999618530273,9.739999771118164,9.270000457763672,9.65999984741211,9.65999984741211,44500
2018-05-07,9.699999809265137,9.979000091552734,9.600000381469727,9.649999618530273,9.649999618530273,32200
2018-05-08,9.609999656677246,9.739999771118164,9.5,9.699999809265137,9.699999809265137,55200
2018-05-09,9.720000267028809,10.055000305175781,9.680000305175781,9.699999809265137,9.699999809265137,85800
2018-05-10,9.720000267028809,10.0,9.519000053405762,9.930000305175781,9.930000305175781,49700
2018-05-11,9.920000076293945,10.260000228881836,9.670000076293945,9.850000381469727,9.850000381469727,52900
2018-05-14,9.90999984741211,10.59000015258789,9.789999961853027,9.829999923706055,9.829999923706055,55000
2018-05-15,9.789999961853027,10.114999771118164,9.050000190734863,9.489999771118164,9.489999771118164,47500
2018-05-16,9.510000228881836,10.15999984741211,9.420000076293945,9.8100004196167,9.8100004196167,76300
2018-05-17,9.819999694824219,10.168000221252441,9.538999557495117,10.069999694824219,10.069999694824219,85500
2018-05-18,10.119999885559082,10.949999809265137,10.09000015258789,10.890000343322754,10.890000343322754,88100
2018-05-21,10.970000267028809,11.210000038146973,10.649999618530273,10.880000114440918,10.880000114440918,69200
2018-05-22,10.9399995803833,11.130000114440918,10.819999694824219,11.020000457763672,11.020000457763672,57800
2018-05-23,11.020000457763672,11.324999809265137,10.869999885559082,11.09000015258789,11.09000015258789,137300
2018-05-24,11.109999656677246,11.119999885559082,10.90999984741211,11.119999885559082,11.119999885559082,102400
2018-05-25,11.119999885559082,11.510000228881836,11.119999885559082,11.479999542236328,11.479999542236328,191200
2018-05-29,11.420000076293945,12.75,11.34000015258789,12.619999885559082,12.619999885559082,102100
2018-05-30,12.630000114440918,13.300000190734863,12.524999618530273,13.239999771118164,13.239999771118164,111500
2018-05-31,13.239999771118164,13.850000381469727,12.88599967956543,13.729999542236328,13.729999542236328,125600
2018-06-01,13.800000190734863,13.859999656677246,13.010000228881836,13.180000305175781,13.180000305175781,85400
2018-06-04,13.220000267028809,13.220000267028809,11.529999732971191,11.5600004196167,11.5600004196167,126800
2018-06-05,12.09000015258789,12.779999732971191,11.949999809265137,12.149999618530273,12.149999618530273,101100
2018-06-06,12.210000038146973,13.100000381469727,12.069999694824219,12.979999542236328,12.979999542236328,176600
2018-06-07,13.0600004196167,13.100000381469727,12.65999984741211,12.979999542236328,12.979999542236328,92300
2018-06-08,12.949999809265137,13.175000190734863,12.770000457763672,12.930000305175781,12.930000305175781,104100
2018-06-11,13.039999961853027,13.100000381469727,12.579999923706055,12.880000114440918,12.880000114440918,81900
2018-06-12,12.90999984741211,13.0600004196167,12.585000038146973,12.890000343322754,12.890000343322754,48800
2018-06-13,12.899999618530273,12.90999984741211,12.15999984741211,12.470000267028809,12.470000267028809,108100
2018-06-14,12.510000228881836,13.0,12.260000228881836,12.970000267028809,12.970000267028809,62600
2018-06-15,12.930000305175781,13.90999984741211,12.930000305175781,13.100000381469727,13.100000381469727,140600
2018-06-18,13.039999961853027,13.114999771118164,12.5,12.710000038146973,12.710000038146973,85900
2018-06-19,12.65999984741211,13.0,12.539999961853027,12.920000076293945,12.920000076293945,71400
2018-06-20,13.0,13.479999542236328,12.739999771118164,12.890000343322754,12.890000343322754,91000
2018-06-21,12.890000343322754,12.9350004196167,12.116000175476074,12.5,12.5,148000
2018-06-22,12.600000381469727,12.649999618530273,10.510000228881836,11.15999984741211,11.15999984741211,966300
2018-06-25,11.210000038146973,12.475000381469727,11.210000038146973,12.260000228881836,12.260000228881836,128400
2018-06-26,12.220000267028809,12.350000381469727,11.319999694824219,11.960000038146973,11.960000038146973,112600
2018-06-27,11.960000038146973,12.329999923706055,11.010000228881836,11.039999961853027,11.039999961853027,81400
2018-06-28,11.010000228881836,11.479999542236328,10.90999984741211,11.15999984741211,11.15999984741211,82800
2018-06-29,11.119999885559082,11.704999923706055,10.789999961853027,10.979999542236328,10.979999542236328,68800
2018-07-02,10.949999809265137,11.079999923706055,10.359999656677246,10.59000015258789,10.59000015258789,87400
2018-07-03,10.65999984741211,11.045000076293945,10.380000114440918,10.779999732971191,10.779999732971191,60400
2018-07-05,10.869999885559082,11.25,10.770000457763672,10.800000190734863,10.800000190734863,95400
2018-07-06,10.850000381469727,11.479999542236328,10.850000381469727,11.399999618530273,11.399999618530273,48600
2018-07-09,11.449999809265137,11.529999732971191,11.020000457763672,11.199999809265137,11.199999809265137,72000
2018-07-10,11.220000267028809,11.350000381469727,10.850000381469727,11.039999961853027,11.039999961853027,70100
2018-07-11,10.989999771118164,11.220000267028809,10.9399995803833,11.039999961853027,11.039999961853027,29200
2018-07-12,11.100000381469727,11.37399959564209,11.020000457763672,11.3100004196167,11.3100004196167,31100
2018-07-13,11.270000457763672,11.380000114440918,10.998000144958496,11.050000190734863,11.050000190734863,31300
2018-07-16,11.0600004196167,11.34000015258789,10.180000305175781,10.25,10.25,118800
2018-07-17,10.239999771118164,10.880000114440918,10.199999809265137,10.289999961853027,10.289999961853027,61500
2018-07-18,10.300000190734863,10.4399995803833,9.649999618530273,10.0600004196167,10.0600004196167,150500
2018-07-19,10.0600004196167,11.180000305175781,10.0,10.850000381469727,10.850000381469727,160100
2018-07-20,10.819999694824219,11.050000190734863,10.199999809265137,10.479999542236328,10.479999542236328,91800
2018-07-23,10.489999771118164,10.949999809265137,10.380000114440918,10.579999923706055,10.579999923706055,52900
2018-07-24,10.699999809265137,10.850000381469727,10.300000190734863,10.449999809265137,10.449999809265137,59000
2018-07-25,10.399999618530273,10.65999984741211,10.300000190734863,10.430000305175781,10.430000305175781,81200
2018-07-26,10.510000228881836,10.539999961853027,9.960000038146973,10.1899995803833,10.1899995803833,71600
2018-07-27,10.199999809265137,10.449999809265137,9.739999771118164,9.84000015258789,9.84000015258789,77500
2018-07-30,9.8100004196167,10.050000190734863,9.579999923706055,9.6899995803833,9.6899995803833,44700
2018-07-31,9.960000038146973,10.045000076293945,9.569999694824219,9.869999885559082,9.869999885559082,60800
2018-08-01,9.869999885559082,10.15999984741211,9.569999694824219,9.720000267028809,9.720000267028809,49300
2018-08-02,9.65999984741211,9.878999710083008,9.3100004196167,9.420000076293945,9.420000076293945,36400
2018-08-03,10.010000228881836,10.010000228881836,8.960000038146973,9.0600004196167,9.0600004196167,49100
2018-08-06,9.050000190734863,9.510000228881836,8.899999618530273,9.300000190734863,9.300000190734863,33900
2018-08-07,9.329999923706055,9.520000457763672,8.819999694824219,9.039999961853027,9.039999961853027,52300
2018-08-08,9.079999923706055,9.170000076293945,8.770000457763672,8.819999694824219,8.819999694824219,59200
2018-08-09,8.84000015258789,9.680000305175781,8.819999694824219,9.420000076293945,9.420000076293945,65400
2018-08-10,8.84000015258789,9.850000381469727,8.84000015258789,9.369999885559082,9.369999885559082,31500
2018-08-13,9.369999885559082,9.6899995803833,9.0,9.479999542236328,9.479999542236328,84300
2018-08-14,9.510000228881836,9.880000114440918,8.970000267028809,9.109999656677246,9.109999656677246,41800
2018-08-15,9.729999542236328,9.899999618530273,9.40999984741211,9.470000267028809,9.470000267028809,87700
2018-08-16,9.449999809265137,9.760000228881836,9.119999885559082,9.699999809265137,9.699999809265137,46300
2018-08-17,9.65999984741211,9.75,9.5,9.529999732971191,9.529999732971191,33300
2018-08-20,9.59000015258789,9.869999885559082,9.375,9.6899995803833,9.6899995803833,76300
2018-08-21,9.75,9.890000343322754,9.46500015258789,9.699999809265137,9.699999809265137,66000
2018-08-22,9.720000267028809,10.010000228881836,9.5600004196167,9.949999809265137,9.949999809265137,44600
2018-08-23,9.979999542236328,10.130000114440918,9.699999809265137,9.779999732971191,9.779999732971191,23500
2018-08-24,9.760000228881836,10.119999885559082,9.619999885559082,10.039999961853027,10.039999961853027,32200
2018-08-27,10.100000381469727,10.220000267028809,10.010000228881836,10.029999732971191,10.029999732971191,27400
2018-08-28,10.029999732971191,10.369999885559082,9.979999542236328,10.199999809265137,10.199999809265137,99600
2018-08-29,10.220000267028809,10.75,10.220000267028809,10.649999618530273,10.649999618530273,49200
2018-08-30,10.6899995803833,10.979999542236328,10.529999732971191,10.739999771118164,10.739999771118164,70200
2018-08-31,10.729999542236328,11.149999618530273,10.5600004196167,10.960000038146973,10.960000038146973,61100
2018-09-04,11.050000190734863,11.22700023651123,10.600000381469727,11.079999923706055,11.079999923706055,61000
2018-09-05,11.119999885559082,11.121999740600586,10.609999656677246,10.800000190734863,10.800000190734863,22800
2018-09-06,10.8100004196167,10.8100004196167,10.220000267028809,10.279999732971191,10.279999732971191,40900
2018-09-07,10.260000228881836,10.729999542236328,9.66100025177002,10.460000038146973,10.460000038146973,46000
2018-09-10,10.59000015258789,10.704999923706055,10.342000007629395,10.649999618530273,10.649999618530273,29800
2018-09-11,10.649999618530273,10.930000305175781,10.25,10.579999923706055,10.579999923706055,31600
2018-09-12,10.600000381469727,10.699999809265137,9.829999923706055,9.960000038146973,9.960000038146973,31900
2018-09-13,9.989999771118164,10.15999984741211,9.800000190734863,9.84000015258789,9.84000015258789,15700
2018-09-14,9.8100004196167,10.069999694824219,9.760000228881836,10.020000457763672,10.020000457763672,25700
2018-09-17,10.0,10.640000343322754,9.579999923706055,9.649999618530273,9.649999618530273,37000
2018-09-18,9.649999618530273,10.130000114440918,9.479999542236328,9.529999732971191,9.529999732971191,37700
2018-09-19,9.529999732971191,9.739999771118164,9.40999984741211,9.4399995803833,9.4399995803833,158100
2018-09-20,9.470000267028809,10.039999961853027,9.25,9.420000076293945,9.420000076293945,232800
2018-09-21,9.3100004196167,9.449999809265137,8.727999687194824,8.859999656677246,8.859999656677246,181800
2018-09-24,8.899999618530273,9.213000297546387,8.569999694824219,8.850000381469727,8.850000381469727,59800
2018-09-25,9.380000114440918,9.380000114440918,8.6899995803833,8.699999809265137,8.699999809265137,149500
2018-09-26,9.0,9.029999732971191,8.744000434875488,8.989999771118164,8.989999771118164,74600
2018-09-27,8.970000267028809,9.0,8.789999961853027,8.869999885559082,8.869999885559082,60000
2018-09-28,8.869999885559082,8.949999809265137,8.5,8.579999923706055,8.579999923706055,66700
2018-10-01,8.600000381469727,8.649999618530273,8.029999732971191,8.220000267028809,8.220000267028809,200400
2018-10-02,8.220000267028809,8.460000038146973,6.809999942779541,8.359999656677246,8.359999656677246,443700
2018-10-03,8.399999618530273,9.1899995803833,8.229999542236328,8.9399995803833,8.9399995803833,81100
2018-10-04,8.960000038146973,9.065999984741211,8.460000038146973,8.670000076293945,8.670000076293945,56000
2018-10-05,8.6899995803833,9.0,8.300000190734863,8.65999984741211,8.65999984741211,52300
2018-10-08,8.65999984741211,8.75,8.399999618530273,8.569999694824219,8.569999694824219,50800
2018-10-09,8.5600004196167,8.729999542236328,8.430000305175781,8.510000228881836,8.510000228881836,107700
2018-10-10,8.489999771118164,8.979999542236328,8.350000381469727,8.649999618530273,8.649999618530273,148000
2018-10-11,8.600000381469727,9.069999694824219,8.390000343322754,8.619999885559082,8.619999885559082,48600
2018-10-12,8.739999771118164,8.739999771118164,8.180000305175781,8.199999809265137,8.199999809265137,38000
2018-10-15,8.199999809265137,8.359999656677246,8.109999656677246,8.300000190734863,8.300000190734863,53200
2018-10-16,8.34000015258789,8.899999618530273,7.619999885559082,8.890000343322754,8.890000343322754,55100
2018-10-17,8.84000015258789,8.84000015258789,8.609999656677246,8.630000114440918,8.630000114440918,51500
2018-10-18,8.510000228881836,8.899999618530273,8.109999656677246,8.15999984741211,8.15999984741211,72200
2018-10-19,8.15999984741211,8.399999618530273,7.989999771118164,7.989999771118164,7.989999771118164,61600
2018-10-22,8.020000457763672,8.25,7.869999885559082,7.96999979019165,7.96999979019165,47900
2018-10-23,7.849999904632568,8.1899995803833,7.78000020980835,8.149999618530273,8.149999618530273,36600
2018-10-24,8.149999618530273,8.239999771118164,7.489999771118164,7.489999771118164,7.489999771118164,100300
2018-10-25,7.550000190734863,7.989999771118164,7.40500020980835,7.849999904632568,7.849999904632568,69500
2018-10-26,7.71999979019165,7.869999885559082,7.440000057220459,7.519999980926514,7.519999980926514,79000
2018-10-29,7.670000076293945,7.769999980926514,7.21999979019165,7.300000190734863,7.300000190734863,98300
2018-10-30,7.28000020980835,7.699999809265137,7.210000038146973,7.630000114440918,7.630000114440918,32200
2018-10-31,7.75,7.900000095367432,7.505000114440918,7.590000152587891,7.590000152587891,75900
2018-11-01,7.610000133514404,8.454999923706055,7.610000133514404,8.199999809265137,8.199999809265137,105300
2018-11-02,8.460000038146973,8.460000038146973,7.974999904632568,8.25,8.25,104800
2018-11-05,8.279999732971191,8.359999656677246,8.027999877929688,8.199999809265137,8.199999809265137,27700
2018-11-06,8.1899995803833,8.289999961853027,7.570000171661377,7.570000171661377,7.570000171661377,39000
2018-11-07,7.639999866485596,8.010000228881836,7.639999866485596,7.900000095367432,7.900000095367432,194300
2018-11-08,7.900000095367432,8.223999977111816,7.900000095367432,7.989999771118164,7.989999771118164,69300
2018-11-09,7.989999771118164,8.09000015258789,7.800000190734863,7.909999847412109,7.909999847412109,61100
2018-11-12,8.0600004196167,8.0600004196167,7.5,7.510000228881836,7.510000228881836,101800
2018-11-13,7.519999980926514,7.539999961853027,7.159999847412109,7.25,7.25,97500
2018-11-14,7.25,7.289999961853027,6.369999885559082,6.809999942779541,6.809999942779541,190300
2018-11-15,6.769999980926514,7.389999866485596,6.769999980926514,6.96999979019165,6.96999979019165,67500
2018-11-16,6.96999979019165,7.289999961853027,6.5,6.980000019073486,6.980000019073486,144900
2018-11-19,7.0,7.159999847412109,6.610000133514404,6.659999847412109,6.659999847412109,56500
2018-11-20,6.599999904632568,6.599999904632568,6.340000152587891,6.400000095367432,6.400000095367432,51500
2018-11-21,6.558000087738037,6.659999847412109,6.449999809265137,6.489999771118164,6.489999771118164,62600
2018-11-23,6.369999885559082,6.639999866485596,6.369999885559082,6.599999904632568,6.599999904632568,16600
2018-11-26,6.650000095367432,6.698999881744385,6.179999828338623,6.239999771118164,6.239999771118164,62300
2018-11-27,6.119999885559082,6.119999885559082,5.900000095367432,5.949999809265137,5.949999809265137,58600
2018-11-28,5.949999809265137,6.199999809265137,5.659999847412109,6.079999923706055,6.079999923706055,123500
2018-11-29,6.059999942779541,6.289999961853027,5.945000171661377,6.090000152587891,6.090000152587891,76100
2018-11-30,6.119999885559082,6.239999771118164,5.980000019073486,5.980000019073486,5.980000019073486,76900
2018-12-03,6.070000171661377,6.269999980926514,5.929999828338623,6.239999771118164,6.239999771118164,57000
2018-12-04,6.239999771118164,6.320000171661377,5.949999809265137,5.980000019073486,5.980000019073486,90700
2018-12-06,5.900000095367432,6.099999904632568,5.829999923706055,5.940000057220459,5.940000057220459,54900
2018-12-07,6.059999942779541,6.659999847412109,5.840000152587891,5.889999866485596,5.889999866485596,60400
2018-12-10,5.860000133514404,6.0,5.670000076293945,5.820000171661377,5.820000171661377,30500
2018-12-11,5.889999866485596,5.889999866485596,5.380000114440918,5.630000114440918,5.630000114440918,110400
2018-12-12,5.760000228881836,6.014999866485596,5.559999942779541,5.940000057220459,5.940000057220459,51800
2018-12-13,6.010000228881836,6.010000228881836,5.46999979019165,5.480000019073486,5.480000019073486,60100
2018-12-14,5.5,5.559999942779541,4.929999828338623,5.260000228881836,5.260000228881836,47600
2018-12-17,5.190000057220459,5.539999961853027,5.03000020980835,5.039999961853027,5.039999961853027,99600
2018-12-18,5.150000095367432,5.269999980926514,4.840000152587891,4.869999885559082,4.869999885559082,89300
2018-12-19,4.880000114440918,5.565000057220459,4.039999961853027,4.389999866485596,4.389999866485596,178100
2018-12-20,4.400000095367432,4.519999980926514,4.269999980926514,4.300000190734863,4.300000190734863,172600
2018-12-21,4.309999942779541,4.440000057220459,4.079999923706055,4.119999885559082,4.119999885559082,529300
2018-12-24,4.119999885559082,4.289999961853027,3.640000104904175,3.7799999713897705,3.7799999713897705,93900
2018-12-26,3.859999895095825,3.869999885559082,3.2200000286102295,3.390000104904175,3.390000104904175,356300
2018-12-27,3.359999895095825,3.5799999237060547,3.2899999618530273,3.2899999618530273,3.2899999618530273,368800
2018-12-28,3.299999952316284,3.7699999809265137,3.299999952316284,3.609999895095825,3.609999895095825,246400
2018-12-31,3.609999895095825,3.990000009536743,3.450000047683716,3.6700000762939453,3.6700000762939453,262500
2019-01-02,3.630000114440918,4.380000114440918,3.630000114440918,4.269999980926514,4.269999980926514,73000
2019-01-03,4.260000228881836,4.320000171661377,3.8299999237060547,4.070000171661377,4.070000171661377,91600
2019-01-04,4.119999885559082,4.420000076293945,4.105000019073486,4.329999923706055,4.329999923706055,61600
2019-01-07,4.369999885559082,4.579999923706055,4.072999954223633,4.550000190734863,4.550000190734863,75900
2019-01-08,4.599999904632568,4.829999923706055,4.414999961853027,4.739999771118164,4.739999771118164,71700
2019-01-09,4.75,4.75,4.21999979019165,4.320000171661377,4.320000171661377,108000
2019-01-10,4.320000171661377,4.619999885559082,4.289999961853027,4.400000095367432,4.400000095367432,86300
2019-01-11,4.369999885559082,4.440000057220459,4.190000057220459,4.340000152587891,4.340000152587891,28300
2019-01-14,4.329999923706055,4.440000057220459,4.139999866485596,4.179999828338623,4.179999828338623,102100
2019-01-15,4.199999809265137,4.289999961853027,4.050000190734863,4.170000076293945,4.170000076293945,195600
2019-01-16,4.179999828338623,4.300000190734863,4.050000190734863,4.139999866485596,4.139999866485596,167000
2019-01-17,4.110000133514404,4.130000114440918,3.9600000381469727,4.039999961853027,4.039999961853027,118000
2019-01-18,4.059999942779541,4.190000057220459,4.019999980926514,4.119999885559082,4.119999885559082,51800
2019-01-22,4.079999923706055,4.190000057220459,3.609999895095825,3.75,3.75,146300
2019-01-23,3.8499999046325684,3.9800000190734863,3.549999952316284,3.8399999141693115,3.8399999141693115,273800
2019-01-24,3.8499999046325684,3.950000047683716,3.7799999713897705,3.859999895095825,3.859999895095825,76700
2019-01-25,3.950000047683716,4.429999828338623,3.8499999046325684,3.990000009536743,3.990000009536743,172700
2019-01-28,3.9700000286102295,4.090000152587891,3.7899999618530273,3.880000114440918,3.880000114440918,78000
2019-01-29,3.880000114440918,4.0,3.7799999713897705,3.8299999237060547,3.8299999237060547,61500
2019-01-30,3.890000104904175,3.990000009536743,3.75,3.9000000953674316,3.9000000953674316,43100
2019-01-31,3.9100000858306885,4.03000020980835,3.9100000858306885,3.990000009536743,3.990000009536743,43900
2019-02-01,4.070000171661377,4.090000152587891,4.0,4.03000020980835,4.03000020980835,48200
2019-02-04,4.070000171661377,4.269999980926514,4.059999942779541,4.159999847412109,4.159999847412109,82200
2019-02-05,4.179999828338623,4.804999828338623,4.150000095367432,4.210000038146973,4.210000038146973,56800
2019-02-06,4.099999904632568,4.489999771118164,4.039999961853027,4.449999809265137,4.449999809265137,64700
2019-02-07,4.400000095367432,4.51800012588501,4.110000133514404,4.25,4.25,146800
2019-02-08,4.170000076293945,4.599999904632568,3.9600000381469727,4.21999979019165,4.21999979019165,97000
2019-02-11,4.199999809265137,4.519000053405762,3.996999979019165,4.159999847412109,4.159999847412109,33500
2019-02-12,4.150000095367432,4.230000019073486,4.03000020980835,4.130000114440918,4.130000114440918,60800
2019-02-13,4.179999828338623,4.309999942779541,4.050000190734863,4.269999980926514,4.269999980926514,33800
2019-02-14,4.230000019073486,4.300000190734863,4.070000171661377,4.090000152587891,4.090000152587891,26700
2019-02-15,4.110000133514404,4.315000057220459,4.079999923706055,4.130000114440918,4.130000114440918,32600
2019-02-19,4.130000114440918,4.28000020980835,4.050000190734863,4.159999847412109,4.159999847412109,38100
2019-02-20,4.175000190734863,4.260000228881836,4.079999923706055,4.190000057220459,4.190000057220459,81100
2019-02-21,4.119999885559082,4.284999847412109,3.890000104904175,3.9100000858306885,3.9100000858306885,123000
2019-02-22,3.940000057220459,4.150000095367432,3.940000057220459,4.139999866485596,4.139999866485596,46300
2019-02-25,4.230000019073486,4.420000076293945,4.110000133514404,4.349999904632568,4.349999904632568,50500
2019-02-26,4.322000026702881,4.460000038146973,4.210000038146973,4.420000076293945,4.420000076293945,145400
2019-02-27,4.449999809265137,5.440000057220459,4.409999847412109,4.96999979019165,4.96999979019165,358200
2019-02-28,5.0,5.284999847412109,4.639999866485596,4.840000152587891,4.840000152587891,128100
2019-03-01,4.909999847412109,4.909999847412109,4.21999979019165,4.829999923706055,4.829999923706055,224600
2019-03-04,4.849999904632568,4.88100004196167,4.599999904632568,4.78000020980835,4.78000020980835,35400
2019-03-05,4.739999771118164,4.800000190734863,4.550000190734863,4.559999942779541,4.559999942779541,83000
2019-03-06,4.550000190734863,4.610000133514404,4.289999961853027,4.329999923706055,4.329999923706055,148000
2019-03-07,4.360000133514404,4.389999866485596,3.990000009536743,4.179999828338623,4.179999828338623,222400
2019-03-08,4.21999979019165,4.400000095367432,4.119999885559082,4.329999923706055,4.329999923706055,104600
2019-03-11,4.369999885559082,4.440000057220459,4.190000057220459,4.440000057220459,4.440000057220459,43800
2019-03-12,4.429999828338623,4.429999828338623,4.059999942779541,4.070000171661377,4.070000171661377,98400
2019-03-13,4.070000171661377,4.309999942779541,4.03000020980835,4.230000019073486,4.230000019073486,202100
2019-03-14,4.21999979019165,4.349999904632568,4.099999904632568,4.210000038146973,4.210000038146973,92300
2019-03-15,4.199999809265137,4.419000148773193,4.099999904632568,4.179999828338623,4.179999828338623,159100
2019-03-18,4.190000057220459,4.400000095367432,4.159999847412109,4.289999961853027,4.289999961853027,148300
2019-03-19,4.300000190734863,4.539999961853027,4.179999828338623,4.349999904632568,4.349999904632568,66600
2019-03-20,4.349999904632568,4.577000141143799,4.309999942779541,4.440000057220459,4.440000057220459,47700
2019-03-21,4.420000076293945,4.578000068664551,4.360000133514404,4.400000095367432,4.400000095367432,85400
2019-03-22,4.309999942779541,4.400000095367432,4.0,4.010000228881836,4.010000228881836,86600
2019-03-25,4.010000228881836,4.130000114440918,3.934999942779541,4.070000171661377,4.070000171661377,76500
2019-03-26,4.079999923706055,4.190000057220459,4.010000228881836,4.039999961853027,4.039999961853027,30100
2019-03-27,4.059999942779541,4.110000133514404,3.950000047683716,4.0,4.0,63000
2019-03-28,4.0,4.110000133514404,3.880000114440918,3.9100000858306885,3.9100000858306885,69000
2019-03-29,3.9600000381469727,4.190000057220459,3.9600000381469727,4.019999980926514,4.019999980926514,104000
2019-04-01,4.079999923706055,4.079999923706055,3.930000066757202,4.0,4.0,53600
2019-04-02,4.03000020980835,4.150000095367432,3.9700000286102295,4.03000020980835,4.03000020980835,43100
2019-04-03,4.090000152587891,4.190000057220459,3.940000057220459,4.03000020980835,4.03000020980835,35000
2019-04-04,3.9600000381469727,4.090000152587891,3.799999952316284,3.890000104904175,3.890000104904175,193400
2019-04-05,3.930000066757202,4.074999809265137,3.819999933242798,3.9600000381469727,3.9600000381469727,76800
2019-04-08,3.9600000381469727,3.9600000381469727,3.799999952316284,3.809999942779541,3.809999942779541,40400
2019-04-09,3.819999933242798,4.10699987411499,3.7899999618530273,3.799999952316284,3.799999952316284,75700
2019-04-10,3.799999952316284,4.019999980926514,3.799999952316284,3.940000057220459,3.940000057220459,47100
2019-04-11,3.940000057220459,3.950000047683716,3.809999942779541,3.9000000953674316,3.9000000953674316,91700
2019-04-12,3.890000104904175,3.9800000190734863,3.880000114440918,3.9200000762939453,3.9200000762939453,50000
2019-04-15,3.9200000762939453,3.930000066757202,3.799999952316284,3.880000114440918,3.880000114440918,70700
2019-04-16,3.8499999046325684,3.9000000953674316,3.819999933242798,3.859999895095825,3.859999895095825,35000
2019-04-17,3.9200000762939453,3.930000066757202,3.7200000286102295,3.890000104904175,3.890000104904175,168200
2019-04-18,3.859999895095825,3.9800000190734863,3.7699999809265137,3.950000047683716,3.950000047683716,69900
2019-04-22,3.9800000190734863,4.300000190734863,3.9800000190734863,4.199999809265137,4.199999809265137,94700
2019-04-23,4.199999809265137,4.349999904632568,4.099999904632568,4.329999923706055,4.329999923706055,80700
2019-04-24,4.369999885559082,4.730000019073486,4.369999885559082,4.579999923706055,4.579999923706055,96600
2019-04-25,4.599999904632568,4.620999813079834,4.210000038146973,4.329999923706055,4.329999923706055,58700
2019-04-26,4.309999942779541,4.670000076293945,4.179999828338623,4.539999961853027,4.539999961853027,83200
2019-04-29,4.519999980926514,4.745999813079834,4.340000152587891,4.46999979019165,4.46999979019165,41700
2019-04-30,4.5,4.5,4.175000190734863,4.230000019073486,4.230000019073486,46300
2019-05-01,4.28000020980835,4.28000020980835,4.079999923706055,4.21999979019165,4.21999979019165,35200
2019-05-02,4.150000095367432,4.21999979019165,4.085000038146973,4.170000076293945,4.170000076293945,31400
2019-05-03,4.0329999923706055,4.199999809265137,4.000999927520752,4.059999942779541,4.059999942779541,26100
2019-05-06,4.0,4.199999809265137,4.0,4.179999828338623,4.179999828338623,22700
2019-05-07,4.300000190734863,4.300000190734863,4.019999980926514,4.039999961853027,4.039999961853027,34000
2019-05-08,4.03000020980835,4.099999904632568,3.9600000381469727,4.050000190734863,4.050000190734863,37300
2019-05-09,4.050000190734863,4.110000133514404,3.9149999618530273,4.110000133514404,4.110000133514404,46400
2019-05-10,4.090000152587891,4.380000114440918,3.940000057220459,4.360000133514404,4.360000133514404,61600
2019-05-13,4.429999828338623,4.5,4.099999904632568,4.21999979019165,4.21999979019165,79500
2019-05-14,4.25,4.369999885559082,4.25,4.309999942779541,4.309999942779541,57700
2019-05-15,4.309999942779541,4.565000057220459,4.079999923706055,4.440000057220459,4.440000057220459,57700
2019-05-16,4.440000057220459,4.577000141143799,4.070000171661377,4.179999828338623,4.179999828338623,47800
2019-05-17,4.110000133514404,4.179999828338623,4.0,4.099999904632568,4.099999904632568,31500
2019-05-20,4.150000095367432,4.25,3.890000104904175,3.9200000762939453,3.9200000762939453,60900
2019-05-21,3.9700000286102295,4.179999828338623,3.9000000953674316,4.010000228881836,4.010000228881836,56900
2019-05-22,3.9800000190734863,4.119999885559082,3.9600000381469727,4.0,4.0,56100
2019-05-23,3.9600000381469727,3.990000009536743,3.880000114440918,3.9000000953674316,3.9000000953674316,99300
2019-05-24,3.9200000762939453,4.079999923706055,3.9000000953674316,4.03000020980835,4.03000020980835,36500
2019-05-28,4.010000228881836,4.150000095367432,3.890000104904175,3.9000000953674316,3.9000000953674316,34500
2019-05-29,4.239999771118164,4.239999771118164,3.809999942779541,3.8399999141693115,3.8399999141693115,81500
2019-05-30,3.869999885559082,3.950000047683716,3.799999952316284,3.8399999141693115,3.8399999141693115,61100
2019-05-31,3.799999952316284,3.9000000953674316,3.7200000286102295,3.7699999809265137,3.7699999809265137,72200
2019-06-03,4.460000038146973,4.468999862670898,3.88700008392334,3.990000009536743,3.990000009536743,108600
2019-06-04,4.170000076293945,4.170000076293945,3.940000057220459,4.059999942779541,4.059999942779541,63000
2019-06-05,4.130000114440918,4.130000114440918,3.8450000286102295,3.869999885559082,3.869999885559082,52500
2019-06-06,3.869999885559082,3.884999990463257,3.390000104904175,3.4200000762939453,3.4200000762939453,100200
2019-06-07,3.430000066757202,3.4600000381469727,3.2909998893737793,3.4100000858306885,3.4100000858306885,180600
2019-06-10,3.5,3.759999990463257,3.4000000953674316,3.6600000858306885,3.6600000858306885,65300
2019-06-11,3.7300000190734863,3.869999885559082,3.4100000858306885,3.4700000286102295,3.4700000286102295,111100
2019-06-12,3.4800000190734863,3.555000066757202,3.380000114440918,3.4600000381469727,3.4600000381469727,80200
2019-06-13,3.553999900817871,3.680000066757202,3.359999895095825,3.640000104904175,3.640000104904175,70000
2019-06-14,3.5899999141693115,3.632999897003174,3.2799999713897705,3.380000114440918,3.380000114440918,125500
2019-06-17,3.4200000762939453,3.6600000858306885,3.3940000534057617,3.630000114440918,3.630000114440918,69200
2019-06-18,3.690000057220459,3.8399999141693115,3.6500000953674316,3.809999942779541,3.809999942779541,57500
2019-06-19,3.765000104904175,3.869999885559082,3.5899999141693115,3.5999999046325684,3.5999999046325684,48900
2019-06-20,3.6500000953674316,3.819999933242798,3.559999942779541,3.609999895095825,3.609999895095825,51000
2019-06-21,3.5799999237060547,3.680000066757202,3.3499999046325684,3.359999895095825,3.359999895095825,94300
2019-06-24,3.369999885559082,3.450000047683716,3.3389999866485596,3.4200000762939453,3.4200000762939453,60700
2019-06-25,3.4600000381469727,3.619999885559082,3.4200000762939453,3.4200000762939453,3.4200000762939453,76500
2019-06-26,3.5,3.5199999809265137,3.2300000190734863,3.299999952316284,3.299999952316284,213300
2019-06-27,3.3299999237060547,3.440000057220459,3.2300000190734863,3.390000104904175,3.390000104904175,116600
2019-06-28,3.4600000381469727,3.9100000858306885,3.2820000648498535,3.740000009536743,3.740000009536743,1546600
2019-07-01,4.0,4.170000076293945,3.7200000286102295,4.150000095367432,4.150000095367432,218700
2019-07-02,4.199999809265137,5.099999904632568,4.150000095367432,5.019999980926514,5.019999980926514,315200
2019-07-03,5.25,6.938000202178955,5.230000019073486,6.300000190734863,6.300000190734863,736900
2019-07-05,6.110000133514404,8.100000381469727,6.110000133514404,6.5,6.5,2156100
2019-07-08,6.409999847412109,6.708000183105469,5.550000190734863,5.960000038146973,5.960000038146973,591600
2019-07-09,5.889999866485596,6.159999847412109,5.565000057220459,5.610000133514404,5.610000133514404,188400
2019-07-10,5.619999885559082,5.78000020980835,5.150000095367432,5.599999904632568,5.599999904632568,334700
2019-07-11,5.559999942779541,5.71999979019165,5.329999923706055,5.480000019073486,5.480000019073486,206500
2019-07-12,5.53000020980835,5.639999866485596,5.400000095367432,5.610000133514404,5.610000133514404,144800
2019-07-15,5.610000133514404,6.150000095367432,5.599999904632568,6.03000020980835,6.03000020980835,237800
2019-07-16,6.099999904632568,6.300000190734863,5.400000095367432,5.409999847412109,5.409999847412109,183700
2019-07-17,5.329999923706055,5.599999904632568,5.25,5.429999828338623,5.429999828338623,88100
2019-07-18,5.380000114440918,6.159999847412109,5.210000038146973,5.610000133514404,5.610000133514404,193500
2019-07-19,5.579999923706055,6.099999904632568,5.46999979019165,6.050000190734863,6.050000190734863,257800
2019-07-22,6.050000190734863,6.099999904632568,5.385000228881836,5.409999847412109,5.409999847412109,168800
2019-07-23,5.5,5.610000133514404,5.0,5.059999942779541,5.059999942779541,193600
2019-07-24,5.039999961853027,5.070000171661377,4.710000038146973,4.730000019073486,4.730000019073486,234500
2019-07-25,4.599999904632568,4.960000038146973,4.53000020980835,4.679999828338623,4.679999828338623,187800
2019-07-26,4.690000057220459,4.929999828338623,4.289999961853027,4.340000152587891,4.340000152587891,142700
2019-07-29,4.300000190734863,4.349999904632568,3.930000066757202,3.940000057220459,3.940000057220459,197600
2019-07-30,3.9100000858306885,4.198999881744385,3.880000114440918,3.9700000286102295,3.9700000286102295,245100
2019-07-31,4.050000190734863,4.050000190734863,3.880000114440918,3.9100000858306885,3.9100000858306885,194800
2019-08-01,3.9000000953674316,3.934000015258789,3.759999990463257,3.8299999237060547,3.8299999237060547,300900
2019-08-02,3.859999895095825,3.9159998893737793,3.450000047683716,3.7899999618530273,3.7899999618530273,316100
2019-08-05,3.7100000381469727,3.7799999713897705,3.369999885559082,3.440000057220459,3.440000057220459,370200
2019-08-06,3.4700000286102295,3.6700000762939453,3.380000114440918,3.559999942779541,3.559999942779541,447800
2019-08-07,3.5399999618530273,3.680000066757202,3.4600000381469727,3.5299999713897705,3.5299999713897705,137700
2019-08-08,3.549999952316284,3.8499999046325684,3.490000009536743,3.5799999237060547,3.5799999237060547,108200
2019-08-09,3.75,4.340000152587891,3.7300000190734863,4.320000171661377,4.320000171661377,267400
2019-08-12,4.360000133514404,4.480000019073486,3.9600000381469727,4.019999980926514,4.019999980926514,229000
2019-08-13,4.010000228881836,4.214000225067139,3.890000104904175,3.950000047683716,3.950000047683716,64800
2019-08-14,3.9200000762939453,4.090000152587891,3.819999933242798,3.9200000762939453,3.9200000762939453,105400
2019-08-15,3.9100000858306885,4.190000057220459,3.9100000858306885,4.150000095367432,4.150000095367432,86800
2019-08-16,4.159999847412109,4.170000076293945,3.9570000171661377,4.039999961853027,4.039999961853027,163900
2019-08-19,4.0,4.289999961853027,4.0,4.199999809265137,4.199999809265137,69300
2019-08-20,4.260000228881836,4.260000228881836,4.090000152587891,4.090000152587891,4.090000152587891,34600
2019-08-21,4.099999904632568,4.210000038146973,3.6700000762939453,3.799999952316284,3.799999952316284,193100
2019-08-22,3.7799999713897705,3.809999942779541,3.549999952316284,3.6700000762939453,3.6700000762939453,113200
2019-08-23,3.640000104904175,3.799999952316284,3.450000047683716,3.509999990463257,3.509999990463257,128900
2019-08-26,3.5999999046325684,3.680000066757202,3.440000057220459,3.609999895095825,3.609999895095825,56000
2019-08-27,3.6600000858306885,3.7339999675750732,3.4000000953674316,3.450000047683716,3.450000047683716,59400
2019-08-28,3.450000047683716,3.5299999713897705,3.440000057220459,3.490000009536743,3.490000009536743,32300
2019-08-29,3.5,3.740000009536743,3.490000009536743,3.5199999809265137,3.5199999809265137,48000
2019-08-30,3.609999895095825,3.640000104904175,3.380000114440918,3.4100000858306885,3.4100000858306885,40400
2019-09-03,3.380000114440918,3.450000047683716,3.200000047683716,3.450000047683716,3.450000047683716,99800
2019-09-04,3.4600000381469727,3.5299999713897705,3.2899999618530273,3.380000114440918,3.380000114440918,111000
2019-09-05,3.430000066757202,3.7799999713897705,3.4149999618530273,3.690000057220459,3.690000057220459,165000
2019-09-06,3.7200000286102295,3.759999990463257,3.5199999809265137,3.6700000762939453,3.6700000762939453,72300
2019-09-09,3.6600000858306885,3.9600000381469727,3.609999895095825,3.869999885559082,3.869999885559082,61100
2019-09-10,3.9100000858306885,4.25,3.8499999046325684,4.190000057220459,4.190000057220459,142200
2019-09-11,4.099999904632568,4.340000152587891,4.099999904632568,4.150000095367432,4.150000095367432,95900
2019-09-12,4.460000038146973,4.460000038146973,3.7100000381469727,3.809999942779541,3.809999942779541,231100
2019-09-13,3.8399999141693115,3.9049999713897705,3.700000047683716,3.7300000190734863,3.7300000190734863,62100
2019-09-16,3.740000009536743,3.799999952316284,3.5299999713897705,3.5899999141693115,3.5899999141693115,58500
2019-09-17,3.5999999046325684,3.690000057220459,3.369999885559082,3.380000114440918,3.380000114440918,108700
2019-09-18,3.4100000858306885,3.549999952316284,3.380000114440918,3.4100000858306885,3.4100000858306885,113600
2019-09-19,3.444000005722046,3.5999999046325684,3.430000066757202,3.5299999713897705,3.5299999713897705,85500
2019-09-20,3.5299999713897705,3.640000104904175,3.509999990463257,3.559999942779541,3.559999942779541,111900
2019-09-23,3.559999942779541,3.569999933242798,3.380000114440918,3.509999990463257,3.509999990463257,82800
2019-09-24,3.390000104904175,3.5,3.309999942779541,3.390000104904175,3.390000104904175,97800
2019-09-25,3.4000000953674316,3.6600000858306885,3.259999990463257,3.2799999713897705,3.2799999713897705,100300
2019-09-26,3.2899999618530273,3.319999933242798,3.059999942779541,3.1700000762939453,3.1700000762939453,94400
2019-09-27,3.1700000762939453,3.255000114440918,3.069999933242798,3.1500000953674316,3.1500000953674316,66500
2019-09-30,3.2100000381469727,3.2100000381469727,2.9049999713897705,3.009999990463257,3.009999990463257,131900
2019-10-01,3.0299999713897705,3.0299999713897705,2.75,2.759999990463257,2.759999990463257,127900
2019-10-02,2.7699999809265137,2.809999942779541,2.6500000953674316,2.680000066757202,2.680000066757202,104400
2019-10-03,2.680000066757202,2.75,2.5299999713897705,2.559999942779541,2.559999942779541,65700
2019-10-04,2.559999942779541,2.859999895095825,2.5450000762939453,2.640000104904175,2.640000104904175,153000
2019-10-07,2.640000104904175,2.7899999618530273,2.609999895095825,2.759999990463257,2.759999990463257,71700
2019-10-08,2.759999990463257,2.759999990463257,2.559999942779541,2.6600000858306885,2.6600000858306885,219900
2019-10-09,2.6700000762939453,2.7699999809265137,2.559999942779541,2.5999999046325684,2.5999999046325684,61000
2019-10-10,2.640000104904175,2.9000000953674316,2.640000104904175,2.9000000953674316,2.9000000953674316,223300
2019-10-11,2.9200000762939453,3.190000057220459,2.809999942779541,3.049999952316284,3.049999952316284,78500
2019-10-14,3.049999952316284,3.140000104904175,2.9200000762939453,3.0,3.0,47000
2019-10-15,3.055000066757202,3.319999933242798,2.984999895095825,3.259999990463257,3.259999990463257,74800
2019-10-16,3.2899999618530273,3.359999895095825,3.0899999141693115,3.3299999237060547,3.3299999237060547,62000
2019-10-17,3.359999895095825,3.6700000762939453,3.359999895095825,3.5199999809265137,3.5199999809265137,120600
2019-10-18,3.5199999809265137,3.6600000858306885,3.309999942779541,3.640000104904175,3.640000104904175,127700
2019-10-21,3.6500000953674316,3.700000047683716,3.4000000953674316,3.5,3.5,60700
2019-10-22,3.5399999618530273,3.549999952316284,3.325000047683716,3.5,3.5,90600
2019-10-23,3.4700000286102295,3.4800000190734863,3.3499999046325684,3.430000066757202,3.430000066757202,19200
2019-10-24,3.430000066757202,3.559999942779541,3.390000104904175,3.5,3.5,83700
2019-10-25,3.4700000286102295,3.4800000190734863,3.109999895095825,3.109999895095825,3.109999895095825,103500
2019-10-28,3.119999885559082,3.700000047683716,3.109999895095825,3.6600000858306885,3.6600000858306885,241100
2019-10-29,3.690000057220459,3.7699999809265137,3.5269999504089355,3.5399999618530273,3.5399999618530273,75800
2019-10-30,3.700000047683716,3.700000047683716,3.359999895095825,3.490000009536743,3.490000009536743,78400
2019-10-31,3.509999990463257,3.5799999237060547,3.259999990463257,3.3299999237060547,3.3299999237060547,123600
2019-11-01,3.3499999046325684,3.5299999713897705,3.3499999046325684,3.4600000381469727,3.4600000381469727,68800
2019-11-04,3.569999933242798,3.890000104904175,3.4800000190734863,3.890000104904175,3.890000104904175,472700
2019-11-05,3.950000047683716,4.039999961853027,3.559999942779541,3.859999895095825,3.859999895095825,177300
2019-11-06,3.890000104904175,3.937000036239624,3.7300000190734863,3.819999933242798,3.819999933242798,95000
2019-11-07,3.9000000953674316,3.9000000953674316,3.740000009536743,3.799999952316284,3.799999952316284,40900
2019-11-08,3.819999933242798,3.819999933242798,3.427999973297119,3.450000047683716,3.450000047683716,147700
2019-11-11,3.4200000762939453,3.4200000762939453,3.119999885559082,3.2100000381469727,3.2100000381469727,93000
2019-11-12,3.2100000381469727,3.247999906539917,2.859999895095825,2.9100000858306885,2.9100000858306885,141200
2019-11-13,2.950000047683716,3.0299999713897705,2.799999952316284,2.930000066757202,2.930000066757202,103600
2019-11-14,2.9200000762939453,2.9600000381469727,2.630000114440918,2.630000114440918,2.630000114440918,158000
2019-11-15,2.869999885559082,2.9700000286102295,2.7799999713897705,2.890000104904175,2.890000104904175,248200
2019-11-18,2.8499999046325684,2.950000047683716,2.7300000190734863,2.7699999809265137,2.7699999809265137,127400
2019-11-19,2.759999990463257,2.8499999046325684,2.7100000381469727,2.740000009536743,2.740000009536743,132700
2019-11-20,2.7300000190734863,2.799999952316284,2.619999885559082,2.700000047683716,2.700000047683716,462100
2019-11-21,2.7200000286102295,2.8299999237060547,2.640000104904175,2.799999952316284,2.799999952316284,94200
2019-11-22,2.7980000972747803,3.0399999618530273,2.752000093460083,3.0199999809265137,3.0199999809265137,70600
2019-11-25,3.0250000953674316,3.190000057220459,3.0230000019073486,3.1500000953674316,3.1500000953674316,76100
2019-11-26,3.1449999809265137,3.190000057220459,2.9100000858306885,2.9200000762939453,2.9200000762939453,72100
2019-11-27,2.930000066757202,3.25,2.930000066757202,3.0299999713897705,3.0299999713897705,94800
2019-11-29,3.0299999713897705,3.0799999237060547,2.9700000286102295,3.049999952316284,3.049999952316284,51800
2019-12-02,3.119999885559082,3.2300000190734863,2.9600000381469727,3.1700000762939453,3.1700000762939453,352400
2019-12-03,3.1600000858306885,4.46999979019165,3.0199999809265137,4.46999979019165,4.46999979019165,411400
2019-12-04,4.199999809265137,4.460000038146973,3.9100000858306885,4.119999885559082,4.119999885559082,301600
2019-12-05,4.170000076293945,4.75,4.0,4.559999942779541,4.559999942779541,319800
2019-12-06,4.559999942779541,4.840000152587891,4.199999809265137,4.300000190734863,4.300000190734863,303600
2019-12-09,4.579999923706055,4.889999866485596,4.050000190734863,4.050000190734863,4.050000190734863,244200
2019-12-10,4.019999980926514,4.239999771118164,3.880000114440918,3.9600000381469727,3.9600000381469727,412900
2019-12-11,3.930000066757202,4.039999961853027,3.802000045776367,3.8299999237060547,3.8299999237060547,201000
2019-12-12,3.8499999046325684,3.9700000286102295,3.2699999809265137,3.5399999618530273,3.5399999618530273,416500
2019-12-13,3.6600000858306885,3.819999933242798,3.490000009536743,3.5299999713897705,3.5299999713897705,245000
2019-12-16,3.5899999141693115,3.740000009536743,3.4000000953674316,3.6700000762939453,3.6700000762939453,432200
2019-12-17,3.700000047683716,4.0879998207092285,3.680000066757202,4.059999942779541,4.059999942779541,409200
2019-12-18,4.099999904632568,4.460000038146973,4.0320000648498535,4.349999904632568,4.349999904632568,560900
2019-12-19,4.400000095367432,4.400000095367432,4.050000190734863,4.230000019073486,4.230000019073486,162200
2019-12-20,4.159999847412109,4.349999904632568,4.050000190734863,4.289999961853027,4.289999961853027,135400
2019-12-23,4.289999961853027,4.349999904632568,4.119999885559082,4.179999828338623,4.179999828338623,94100
2019-12-24,4.159999847412109,4.690000057220459,4.110000133514404,4.570000171661377,4.570000171661377,164000
2019-12-26,4.599999904632568,5.0,4.340000152587891,4.75,4.75,284700
2019-12-27,4.71999979019165,4.86899995803833,4.409999847412109,4.429999828338623,4.429999828338623,65900
2019-12-30,4.429999828338623,5.099999904632568,4.349999904632568,4.889999866485596,4.889999866485596,243700
2019-12-31,4.940000057220459,5.579999923706055,4.895999908447266,5.440000057220459,5.440000057220459,470600
2020-01-02,5.539999961853027,5.559999942779541,4.920000076293945,4.989999771118164,4.989999771118164,177600
2020-01-03,4.96999979019165,4.984000205993652,4.670000076293945,4.710000038146973,4.710000038146973,108000
2020-01-06,4.599999904632568,4.730000019073486,4.415999889373779,4.510000228881836,4.510000228881836,161200
2020-01-07,4.539999961853027,4.909999847412109,4.480000019073486,4.800000190734863,4.800000190734863,115900
2020-01-08,4.78000020980835,4.909999847412109,4.604000091552734,4.769999980926514,4.769999980926514,67700
2020-01-09,4.760000228881836,5.099999904632568,4.570000171661377,5.099999904632568,5.099999904632568,245900
2020-01-10,5.079999923706055,5.204999923706055,4.992000102996826,5.199999809265137,5.199999809265137,159500
2020-01-13,5.199999809265137,5.210000038146973,4.519999980926514,4.570000171661377,4.570000171661377,178900
2020-01-14,4.570000171661377,4.730000019073486,4.53000020980835,4.539999961853027,4.539999961853027,74900
2020-01-15,4.519999980926514,5.103000164031982,4.400000095367432,5.079999923706055,5.079999923706055,309100
2020-01-16,5.150000095367432,5.465000152587891,5.0370001792907715,5.380000114440918,5.380000114440918,133500
2020-01-17,5.429999828338623,5.888000011444092,5.310999870300293,5.699999809265137,5.699999809265137,227500
2020-01-21,5.860000133514404,6.349999904632568,5.556000232696533,5.940000057220459,5.940000057220459,295100
2020-01-22,6.0,6.079999923706055,5.739999771118164,5.929999828338623,5.929999828338623,205800
2020-01-23,5.889999866485596,5.960000038146973,5.619999885559082,5.929999828338623,5.929999828338623,112600
2020-01-24,5.929999828338623,6.300000190734863,5.409999847412109,5.809999942779541,5.809999942779541,115200
2020-01-27,5.539999961853027,5.820000171661377,5.210000038146973,5.610000133514404,5.610000133514404,218200
2020-01-28,5.639999866485596,6.090000152587891,5.630000114440918,5.980000019073486,5.980000019073486,177500
2020-01-29,6.050000190734863,6.239999771118164,5.889999866485596,5.909999847412109,5.909999847412109,110500
2020-01-30,5.840000152587891,5.895999908447266,5.429999828338623,5.489999771118164,5.489999771118164,113600
2020-01-31,5.5,5.789999961853027,5.340000152587891,5.519999980926514,5.519999980926514,90400
2020-02-03,5.619999885559082,5.989999771118164,5.539999961853027,5.820000171661377,5.820000171661377,174400
2020-02-04,5.860000133514404,5.900000095367432,5.349999904632568,5.380000114440918,5.380000114440918,251600
2020-02-05,5.400000095367432,5.590000152587891,4.710000038146973,4.829999923706055,4.829999923706055,320900
2020-02-06,4.849999904632568,5.590000152587891,4.849999904632568,5.21999979019165,5.21999979019165,185000
2020-02-07,5.210000038146973,5.210000038146973,4.789999961853027,4.869999885559082,4.869999885559082,158800
2020-02-10,4.860000133514404,5.03000020980835,4.730000019073486,4.920000076293945,4.920000076293945,167400
2020-02-11,4.989999771118164,5.130000114440918,4.909999847412109,5.079999923706055,5.079999923706055,111600
2020-02-12,5.099999904632568,5.099999904632568,4.550000190734863,4.610000133514404,4.610000133514404,354300
2020-02-13,4.5,4.5,3.75,4.400000095367432,4.400000095367432,457000
2020-02-14,4.369999885559082,4.454999923706055,4.105000019073486,4.329999923706055,4.329999923706055,240500
2020-02-18,4.360000133514404,4.449999809265137,4.120999813079834,4.369999885559082,4.369999885559082,113600
2020-02-19,4.349999904632568,4.46999979019165,4.300000190734863,4.309999942779541,4.309999942779541,84000
2020-02-20,4.269999980926514,4.619999885559082,4.130000114440918,4.550000190734863,4.550000190734863,160300
2020-02-21,4.559999942779541,4.559999942779541,4.09499979019165,4.110000133514404,4.110000133514404,203900
2020-02-24,4.0,4.0,3.75,3.940000057220459,3.940000057220459,177700
2020-02-25,4.0,4.090000152587891,3.609999895095825,3.759999990463257,3.759999990463257,226800
2020-02-26,3.75,3.9000000953674316,3.569999933242798,3.7100000381469727,3.7100000381469727,79400
2020-02-27,3.5999999046325684,3.680000066757202,3.240000009536743,3.3299999237060547,3.3299999237060547,210500
2020-02-28,3.200000047683716,3.450000047683716,3.0999999046325684,3.440000057220459,3.440000057220459,158800
2020-03-02,3.430000066757202,3.430000066757202,3.130000114440918,3.240000009536743,3.240000009536743,121900
2020-03-03,3.2100000381469727,3.3329999446868896,3.130000114440918,3.2799999713897705,3.2799999713897705,104700
2020-03-04,3.299999952316284,3.869999885559082,3.2799999713897705,3.859999895095825,3.859999895095825,145900
2020-03-05,3.7899999618530273,3.7899999618530273,3.4539999961853027,3.5950000286102295,3.5950000286102295,171900
2020-03-06,3.5999999046325684,3.5999999046325684,3.059999942779541,3.1500000953674316,3.1500000953674316,331000
2020-03-09,2.9000000953674316,3.059999942779541,2.6600000858306885,2.7200000286102295,2.7200000286102295,194300
2020-03-10,3.0199999809265137,3.4019999504089355,2.75,2.799999952316284,2.799999952316284,554700
2020-03-11,2.8499999046325684,2.890000104904175,2.509999990463257,2.7100000381469727,2.7100000381469727,354800
2020-03-12,2.5,2.5999999046325684,2.4200000762939453,2.4700000286102295,2.4700000286102295,155200
2020-03-13,2.440000057220459,2.6600000858306885,2.3299999237060547,2.4000000953674316,2.4000000953674316,226400
2020-03-16,2.2799999713897705,2.319999933242798,1.0099999904632568,1.7400000095367432,1.7400000095367432,306200
2020-03-17,1.75,2.0999999046325684,1.7300000190734863,1.899999976158142,1.899999976158142,111400
2020-03-18,1.899999976158142,2.0,1.7300000190734863,1.7599999904632568,1.7599999904632568,102300
2020-03-19,1.850000023841858,2.130000114440918,1.7799999713897705,2.0,2.0,153400
2020-03-20,2.0799999237060547,2.5,2.0299999713897705,2.2899999618530273,2.2899999618530273,123900
2020-03-23,2.3399999141693115,2.4000000953674316,2.009999990463257,2.0299999713897705,2.0299999713897705,86000
2020-03-24,2.0299999713897705,2.180000066757202,1.9900000095367432,2.0799999237060547,2.0799999237060547,93100
2020-03-25,2.109999895095825,2.359999895095825,2.009999990463257,2.2300000190734863,2.2300000190734863,111900
2020-03-26,2.2899999618530273,2.382999897003174,2.119999885559082,2.3299999237060547,2.3299999237060547,58300
2020-03-27,2.190999984741211,2.4549999237060547,2.1600000858306885,2.359999895095825,2.359999895095825,72800
2020-03-30,2.4100000858306885,2.5350000858306885,2.190000057220459,2.2200000286102295,2.2200000286102295,49000
2020-03-31,2.240000009536743,2.385999917984009,1.9900000095367432,2.109999895095825,2.109999895095825,50300
2020-04-01,2.0299999713897705,2.309999942779541,1.9900000095367432,2.2200000286102295,2.2200000286102295,90300
2020-04-02,2.240000009536743,2.240000009536743,1.909999966621399,2.049999952316284,2.049999952316284,138600
2020-04-03,2.049999952316284,2.1700000762939453,1.9839999675750732,2.009999990463257,2.009999990463257,56900
2020-04-06,2.0399999618530273,2.190999984741211,2.0199999809265137,2.049999952316284,2.049999952316284,110700
2020-04-07,2.119999885559082,2.2200000286102295,1.9900000095367432,2.0799999237060547,2.0799999237060547,129500
2020-04-08,2.109999895095825,2.180000066757202,1.940000057220459,2.0199999809265137,2.0199999809265137,97700
2020-04-09,2.049999952316284,2.246999979019165,1.9900000095367432,2.2300000190734863,2.2300000190734863,94500
2020-04-13,2.2300000190734863,2.309999942779541,2.0399999618530273,2.2699999809265137,2.2699999809265137,137000
2020-04-14,2.2799999713897705,2.4000000953674316,2.2699999809265137,2.4000000953674316,2.4000000953674316,51200
2020-04-15,2.3499999046325684,2.369999885559082,2.2100000381469727,2.3299999237060547,2.3299999237060547,24900
2020-04-16,2.299999952316284,2.5999999046325684,2.299999952316284,2.5,2.5,122000
2020-04-17,2.5899999141693115,2.6689999103546143,2.390000104904175,2.440000057220459,2.440000057220459,45100
2020-04-20,2.509999990463257,2.609999895095825,2.4000000953674316,2.5,2.5,55400
2020-04-21,2.5,2.5899999141693115,2.3499999046325684,2.549999952316284,2.549999952316284,60800
2020-04-22,2.5999999046325684,2.740000009536743,2.4700000286102295,2.5999999046325684,2.5999999046325684,80600
2020-04-23,2.630000114440918,2.9200000762939453,2.5,2.5999999046325684,2.5999999046325684,64600
2020-04-24,2.5999999046325684,2.7929999828338623,2.5999999046325684,2.680000066757202,2.680000066757202,80000
2020-04-27,2.759999990463257,2.8510000705718994,2.6600000858306885,2.7100000381469727,2.7100000381469727,63400
2020-04-28,2.7100000381469727,2.799999952316284,2.5299999713897705,2.5299999713897705,2.5299999713897705,72600
2020-04-29,2.5299999713897705,2.6710000038146973,2.5299999713897705,2.5299999713897705,2.5299999713897705,56700
2020-04-30,2.509999990463257,2.5299999713897705,2.325000047683716,2.430000066757202,2.430000066757202,140300
2020-05-01,2.450000047683716,2.450000047683716,2.119999885559082,2.1500000953674316,2.1500000953674316,158700
2020-05-04,2.200000047683716,2.569999933242798,2.1600000858306885,2.4700000286102295,2.4700000286102295,174800
2020-05-05,2.5399999618530273,3.2200000286102295,2.5399999618530273,3.0299999713897705,3.0299999713897705,407800
2020-05-06,3.2100000381469727,3.430000066757202,3.0199999809265137,3.0899999141693115,3.0899999141693115,369800
2020-05-07,3.1500000953674316,3.4700000286102295,3.0199999809265137,3.3499999046325684,3.3499999046325684,134900
2020-05-08,3.440000057220459,3.4809999465942383,3.190000057220459,3.25,3.25,162400
2020-05-11,3.2699999809265137,3.5999999046325684,3.2699999809265137,3.4600000381469727,3.4600000381469727,358800
2020-05-12,3.5199999809265137,4.239999771118164,3.5199999809265137,3.559999942779541,3.559999942779541,332300
2020-05-13,3.559999942779541,3.7100000381469727,3.1500000953674316,3.4700000286102295,3.4700000286102295,211800
2020-05-14,3.3499999046325684,3.630000114440918,3.25,3.5299999713897705,3.5299999713897705,156900
2020-05-15,3.5399999618530273,3.611999988555908,3.319999933242798,3.509999990463257,3.509999990463257,110500
2020-05-18,3.569999933242798,3.759999990463257,3.4000000953674316,3.440000057220459,3.440000057220459,141800
2020-05-19,3.430000066757202,3.700000047683716,3.359999895095825,3.5,3.5,133700
2020-05-20,3.690000057220459,3.7200000286102295,3.490000009536743,3.6500000953674316,3.6500000953674316,136500
2020-05-21,3.6600000858306885,3.7160000801086426,3.4749999046325684,3.630000114440918,3.630000114440918,95000
2020-05-22,3.5999999046325684,4.090000152587891,3.509999990463257,3.9700000286102295,3.9700000286102295,128900
2020-05-26,3.9800000190734863,4.150000095367432,3.700000047683716,3.700000047683716,3.700000047683716,153700
2020-05-27,4.070000171661377,4.199999809265137,3.8399999141693115,4.050000190734863,4.050000190734863,342300
2020-05-28,4.059999942779541,4.109000205993652,3.619999885559082,3.6600000858306885,3.6600000858306885,115700
2020-05-29,3.6700000762939453,3.6700000762939453,3.259999990463257,3.450000047683716,3.450000047683716,176500
2020-06-01,3.4800000190734863,3.559999942779541,3.009999990463257,3.299999952316284,3.299999952316284,176600
2020-06-02,3.3399999141693115,3.690000057220459,3.3399999141693115,3.5999999046325684,3.5999999046325684,71900
2020-06-03,3.8399999141693115,3.8399999141693115,3.559999942779541,3.700000047683716,3.700000047683716,141700
2020-06-04,3.690000057220459,3.700000047683716,3.2300000190734863,3.255000114440918,3.255000114440918,164700
2020-06-05,3.309999942779541,3.5899999141693115,3.25,3.2799999713897705,3.2799999713897705,93900
2020-06-08,3.3299999237060547,3.5899999141693115,3.009999990463257,3.130000114440918,3.130000114440918,259500
2020-06-09,3.069999933242798,3.3399999141693115,2.885999917984009,3.2699999809265137,3.2699999809265137,200000
2020-06-10,3.319999933242798,3.3499999046325684,3.0999999046325684,3.2699999809265137,3.2699999809265137,72500
2020-06-11,3.240000009536743,3.240000009536743,2.8499999046325684,2.859999895095825,2.859999895095825,184500
2020-06-12,3.009999990463257,3.140000104904175,2.9200000762939453,3.0999999046325684,3.0999999046325684,83600
2020-06-15,2.9800000190734863,3.180000066757202,2.9200000762939453,3.1700000762939453,3.1700000762939453,34100
2020-06-16,3.240000009536743,3.2660000324249268,3.0899999141693115,3.2300000190734863,3.2300000190734863,47100
2020-06-17,3.240000009536743,3.299999952316284,3.190000057220459,3.2100000381469727,3.2100000381469727,42700
2020-06-18,3.1700000762939453,3.4000000953674316,2.869999885559082,2.930000066757202,2.930000066757202,374900
2020-06-19,3.009999990463257,3.049999952316284,2.9000000953674316,2.9800000190734863,2.9800000190734863,118100
2020-06-22,3.0,3.0399999618530273,2.880000114440918,2.9100000858306885,2.9100000858306885,113400
2020-06-23,2.940000057220459,3.0,2.880000114440918,2.930000066757202,2.930000066757202,41200
2020-06-24,2.880000114440918,2.990000009536743,2.7899999618530273,2.9200000762939453,2.9200000762939453,56200
2020-06-25,2.9200000762939453,3.0199999809265137,2.759999990463257,2.9800000190734863,2.9800000190734863,71500
2020-06-26,2.9100000858306885,2.9800000190734863,2.799999952316284,2.880000114440918,2.880000114440918,47600
2020-06-29,2.9100000858306885,2.930000066757202,2.740000009536743,2.869999885559082,2.869999885559082,80300
2020-06-30,2.8399999141693115,2.9100000858306885,2.559999942779541,2.7200000286102295,2.7200000286102295,112600
2020-07-01,2.700000047683716,2.7200000286102295,2.609999895095825,2.6500000953674316,2.6500000953674316,52100
2020-07-02,2.6600000858306885,2.7290000915527344,2.509999990463257,2.5999999046325684,2.5999999046325684,92800
2020-07-06,2.684999942779541,2.802999973297119,2.609999895095825,2.740000009536743,2.740000009536743,72900
2020-07-07,5.039999961853027,6.880000114440918,4.690000057220459,4.954999923706055,4.954999923706055,97137800
2020-07-08,5.767000198364258,5.849999904632568,5.0,5.369999885559082,5.369999885559082,12183500
2020-07-09,5.25,5.28000020980835,4.900000095367432,5.019999980926514,5.019999980926514,2012800
2020-07-10,4.75,4.789999961853027,4.380000114440918,4.400000095367432,4.400000095367432,1710000
2020-07-13,4.619999885559082,4.619999885559082,3.880000114440918,3.930000066757202,3.930000066757202,1625700
2020-07-14,3.740000009536743,3.880000114440918,3.5,3.809999942779541,3.809999942779541,804500
2020-07-15,3.990000009536743,3.990000009536743,3.75,3.9800000190734863,3.9800000190734863,506000
2020-07-16,3.869999885559082,4.380000114440918,3.6540000438690186,4.179999828338623,4.179999828338623,863900
2020-07-17,4.210000038146973,4.304999828338623,4.0,4.090000152587891,4.090000152587891,547300
2020-07-20,4.119999885559082,4.320000171661377,3.9000000953674316,4.320000171661377,4.320000171661377,769600
2020-07-21,4.519999980926514,5.190000057220459,4.510000228881836,4.800000190734863,4.800000190734863,1833000
2020-07-22,4.760000228881836,4.900000095367432,4.429999828338623,4.590000152587891,4.590000152587891,802800
2020-07-23,4.599999904632568,4.679999828338623,4.190000057220459,4.369999885559082,4.369999885559082,654400
2020-07-24,4.25,4.429999828338623,4.099999904632568,4.289999961853027,4.289999961853027,272500
2020-07-27,4.260000228881836,4.349999904632568,4.050000190734863,4.150000095367432,4.150000095367432,361900
2020-07-28,4.079999923706055,4.139999866485596,3.9100000858306885,3.9200000762939453,3.9200000762939453,392900
2020-07-29,3.930000066757202,4.28000020980835,3.819999933242798,4.159999847412109,4.159999847412109,561700
2020-07-30,4.199999809265137,4.400000095367432,4.070000171661377,4.269999980926514,4.269999980926514,442400
2020-07-31,3.9800000190734863,4.289999961853027,3.9000000953674316,4.239999771118164,4.239999771118164,478700
2020-08-03,4.159999847412109,4.400000095367432,4.0,4.230000019073486,4.230000019073486,344000
2020-08-04,4.190000057220459,4.25,4.050000190734863,4.090000152587891,4.090000152587891,248000
2020-08-05,4.079999923706055,4.239999771118164,4.0,4.150000095367432,4.150000095367432,303800
2020-08-06,4.119999885559082,4.4070000648498535,4.070000171661377,4.329999923706055,4.329999923706055,398100
2020-08-07,4.349999904632568,4.420000076293945,4.170000076293945,4.25,4.25,176900
2020-08-10,4.190000057220459,4.289999961853027,4.150000095367432,4.260000228881836,4.260000228881836,182500
2020-08-11,4.269999980926514,4.269999980926514,3.950000047683716,4.010000228881836,4.010000228881836,374000
2020-08-12,4.0,4.019999980926514,3.8450000286102295,3.9000000953674316,3.9000000953674316,300500
2020-08-13,3.859999895095825,3.930000066757202,3.6500000953674316,3.680000066757202,3.680000066757202,383600
2020-08-14,3.759999990463257,4.193999767303467,3.619999885559082,4.019999980926514,4.019999980926514,389900
2020-08-17,3.9800000190734863,4.099999904632568,3.869999885559082,3.9600000381469727,3.9600000381469727,208800
2020-08-18,3.9200000762939453,4.0,3.859999895095825,3.9600000381469727,3.9600000381469727,207600
2020-08-19,3.940000057220459,4.070000171661377,3.869999885559082,4.050000190734863,4.050000190734863,197600
2020-08-20,4.039999961853027,4.050000190734863,3.9200000762939453,4.0,4.0,208000
2020-08-21,3.950000047683716,4.0,3.825000047683716,3.869999885559082,3.869999885559082,99800
2020-08-24,3.799999952316284,3.8499999046325684,3.5799999237060547,3.630000114440918,3.630000114440918,279100
2020-08-25,3.5799999237060547,3.859999895095825,3.5199999809265137,3.740000009536743,3.740000009536743,214000
2020-08-26,3.75,3.940000057220459,3.6700000762939453,3.75,3.75,103100
2020-08-27,3.7300000190734863,3.7300000190734863,3.5299999713897705,3.549999952316284,3.549999952316284,131600
2020-08-28,3.609999895095825,3.6700000762939453,3.549999952316284,3.630000114440918,3.630000114440918,102300
2020-08-31,3.740000009536743,3.799999952316284,3.5799999237060547,3.7899999618530273,3.7899999618530273,153400
2020-09-01,3.7300000190734863,3.7300000190734863,3.569999933242798,3.5999999046325684,3.5999999046325684,111934
