Date,Open,High,Low,Close,Adj Close,Volume
1993-12-14,16.0,16.15625,15.9375,15.9375,11.703713417053223,16357200
1993-12-15,15.875,16.0,15.875,15.875,11.657815933227539,2894800
1993-12-16,15.90625,16.125,15.875,15.96875,11.726664543151855,2921600
1993-12-17,16.03125,16.1875,15.90625,16.1875,11.887300491333008,1894000
1993-12-20,16.21875,16.46875,16.1875,16.46875,12.093838691711426,2244800
1993-12-21,16.28125,16.59375,16.28125,16.5625,12.162684440612793,2350000
1993-12-22,16.625,17.25,16.59375,17.21875,12.644601821899414,2035200
1993-12-23,17.28125,18.0,17.28125,17.625,12.942931175231934,3963200
1993-12-27,17.6875,17.8125,17.59375,17.8125,13.080622673034668,780800
1993-12-28,17.71875,18.0,17.625,17.75,13.0347261428833,798000
1993-12-29,17.625,17.65625,17.3125,17.4375,12.8052396774292,1238800
1993-12-30,17.4375,17.5,17.40625,17.40625,12.782291412353516,590400
1993-12-31,17.40625,17.5,17.40625,17.5,12.851136207580566,226000
1994-01-03,17.4375,17.4375,16.875,16.96875,12.461016654968262,1462400
1994-01-04,16.84375,17.4375,16.625,17.28125,12.690496444702148,3899200
1994-01-05,17.5,17.65625,17.4375,17.5625,12.897035598754883,1864400
1994-01-06,17.625,17.6875,17.25,17.25,12.667550086975098,1054000
1994-01-07,17.1875,17.34375,16.875,16.9375,12.438065528869629,1199200
1994-01-10,16.5,16.625,16.3125,16.46875,12.093838691711426,1662800
1994-01-11,16.75,17.0,16.5,16.78125,12.323323249816895,3570000
1994-01-12,16.875,17.0,16.6875,16.6875,12.254477500915527,1450800
1994-01-13,16.625,16.84375,16.5,16.6875,12.254477500915527,1152400
1994-01-14,16.75,16.8125,16.5,16.59375,12.18563175201416,878800
1994-01-17,16.59375,16.71875,16.46875,16.71875,12.277426719665527,566400
1994-01-18,16.84375,17.0625,16.75,17.0625,12.529858589172363,946000
1994-01-19,17.0625,17.375,17.0,17.3125,12.713445663452148,1796400
1994-01-20,17.40625,17.71875,17.34375,17.5,12.851136207580566,1570000
1994-01-21,17.6875,17.875,17.5625,17.5625,12.897035598754883,790400
1994-01-24,17.25,17.6875,17.1875,17.625,12.942931175231934,719600
1994-01-25,17.375,17.5,17.28125,17.375,12.759343147277832,1471600
1994-01-26,17.25,17.34375,17.1875,17.21875,12.644601821899414,778400
1994-01-27,17.34375,17.625,17.34375,17.59375,12.919981002807617,577600
1994-01-28,17.625,17.6875,17.4375,17.53125,12.874082565307617,1367600
1994-01-31,17.6875,17.8125,17.59375,17.75,13.0347261428833,1448000
1994-02-01,17.96875,18.0625,17.8125,18.0625,13.264211654663086,1081200
1994-02-02,18.0,18.375,17.90625,18.3125,13.447795867919922,587200
1994-02-03,18.34375,18.34375,18.0,18.25,13.401898384094238,1025600
1994-02-04,18.28125,18.4375,18.0,18.0,13.218313217163086,908000
1994-02-07,17.9375,18.25,17.75,18.15625,13.333057403564453,961200
1994-02-08,18.28125,18.34375,18.09375,18.125,13.31010913848877,437600
1994-02-09,18.125,18.15625,17.53125,17.9375,13.17241382598877,991600
1994-02-10,17.84375,17.875,17.25,17.28125,12.690496444702148,1051200
1994-02-11,17.21875,17.3125,16.875,17.25,12.667550086975098,910000
1994-02-14,17.1875,17.40625,17.1875,17.28125,12.690496444702148,1770000
1994-02-15,17.34375,17.46875,17.3125,17.4375,12.8052396774292,764000
1994-02-16,17.5,17.5625,17.5,17.5625,12.897035598754883,716800
1994-02-17,17.5,17.625,17.125,17.125,12.57575511932373,547600
1994-02-18,17.15625,17.15625,16.25,16.59375,12.18563175201416,1192400
1994-02-22,16.75,16.75,16.375,16.625,12.208580017089844,1115200
1994-02-23,16.625,16.75,16.25,16.46875,12.093838691711426,1532800
1994-02-24,16.53125,16.53125,16.0,16.09375,11.81845474243164,622800
1994-02-25,16.0625,16.3125,16.0,16.03125,11.772560119628906,1674000
1994-02-28,16.125,16.15625,16.03125,16.09375,11.81845474243164,226800
1994-03-01,15.6875,15.6875,15.0,15.5,11.38243579864502,3279600
1994-03-02,14.875,15.5625,14.78125,15.5,11.38243579864502,2366000
1994-03-03,15.875,15.9375,15.28125,15.34375,11.267694473266602,2355200
1994-03-04,15.5,15.5,15.25,15.40625,11.313591003417969,1356000
1994-03-07,15.46875,15.78125,15.34375,15.75,11.566023826599121,1864000
1994-03-08,15.84375,15.84375,15.25,15.5,11.38243579864502,3793600
1994-03-09,15.4375,15.4375,14.8125,14.875,10.923466682434082,2237200
1994-03-10,14.96875,15.0,14.375,14.875,10.923466682434082,1534400
1994-03-11,14.875,14.875,14.375,14.46875,10.625136375427246,1116000
1994-03-14,14.6875,14.6875,14.375,14.375,10.556294441223145,692000
1994-03-15,14.375,14.375,13.625,14.0,10.280911445617676,3340000
1994-03-16,14.0625,14.46875,13.875,14.03125,10.303857803344727,4101200
1994-03-17,14.25,14.4375,13.9375,14.09375,10.349753379821777,1150800
1994-03-18,13.6875,14.125,13.65625,13.875,10.189115524291992,582400
1994-03-21,13.875,13.875,13.3125,13.5,9.91373348236084,685600
1994-03-22,13.5,14.75,13.5,14.40625,10.579240798950195,2711200
1994-03-23,14.75,14.75,14.4375,14.6875,10.785773277282715,2040000
1994-03-24,13.9375,14.46875,13.9375,14.09375,10.349753379821777,2685200
1994-03-25,14.125,14.59375,14.125,14.21875,10.441550254821777,1981200
1994-03-28,14.25,14.28125,13.59375,13.65625,10.028477668762207,1943600
1994-03-29,13.5,13.625,13.1875,13.1875,9.684248924255371,3414800
1994-03-30,13.0,13.0625,12.6875,12.6875,9.317075729370117,4877200
1994-03-31,12.78125,12.90625,12.21875,12.75,9.3629732131958,1761600
1994-04-04,12.4375,12.65625,12.15625,12.1875,8.949899673461914,1484000
1994-04-05,12.4375,12.625,12.3125,12.3125,9.041693687438965,4002000
1994-04-06,12.34375,12.5,11.875,12.125,8.904003143310547,3582800
1994-04-07,12.15625,12.46875,11.9375,12.46875,9.156436920166016,1703600
1994-04-08,12.46875,12.46875,12.125,12.21875,8.972847938537598,1205200
1994-04-11,12.1875,12.25,11.96875,12.15625,8.926949501037598,1892800
1994-04-12,12.25,12.3125,11.9375,12.1875,8.949899673461914,1630000
1994-04-13,12.125,12.3125,12.03125,12.1875,8.949899673461914,931600
1994-04-14,12.1875,12.25,12.0625,12.15625,8.926949501037598,1003200
1994-04-15,12.1875,12.25,12.0625,12.125,8.904003143310547,1333200
1994-04-18,12.1875,12.21875,11.875,12.0,8.81220817565918,811200
1994-04-19,11.875,11.875,11.1875,11.34375,8.330289840698242,2169600
1994-04-20,11.875,11.875,10.71875,10.96875,8.054908752441406,1577200
1994-04-21,11.0,11.5625,10.6875,11.5,8.44503116607666,4937200
1994-04-22,11.5,12.3125,11.46875,12.3125,9.041693687438965,2721200
1994-04-25,12.09375,12.875,12.0625,12.28125,9.018742561340332,1854800
1994-04-26,12.375,12.8125,12.375,12.75,9.3629732131958,1757600
1994-04-28,12.9375,13.34375,12.8125,13.09375,9.61540412902832,2632400
1994-04-29,13.15625,13.375,12.84375,13.25,9.730146408081055,1779200
1994-05-02,13.1875,13.1875,12.6875,12.6875,9.317075729370117,779200
1994-05-03,12.6875,12.71875,12.4375,12.5625,9.247513771057129,2654400
1994-05-04,12.59375,12.59375,12.28125,12.4375,9.155495643615723,619200
1994-05-05,12.4375,12.4375,12.25,12.28125,9.04047679901123,297600
1994-05-06,12.0625,12.0625,11.78125,11.78125,8.672416687011719,638400
1994-05-09,11.78125,11.78125,11.4375,11.5,8.465383529663086,580800
1994-05-10,11.625,11.84375,11.59375,11.71875,8.626409530639648,1767600
1994-05-11,11.75,11.90625,11.28125,11.4375,8.419374465942383,1016800
1994-05-12,11.625,11.71875,11.40625,11.59375,8.534393310546875,1547200
1994-05-13,11.6875,11.6875,11.28125,11.375,8.373369216918945,866400
1994-05-16,11.375,11.46875,11.0625,11.4375,8.419374465942383,1338400
1994-05-17,11.4375,11.8125,11.34375,11.65625,8.580402374267578,1312400
1994-05-18,11.75,12.46875,11.6875,12.46875,9.178500175476074,1933600
1994-05-19,12.46875,13.0,12.46875,12.8125,9.431541442871094,2106400
1994-05-20,13.0,13.21875,12.875,13.15625,9.684582710266113,1010800
1994-05-23,13.28125,13.4375,13.125,13.25,9.753594398498535,1205200
1994-05-24,13.25,13.875,13.25,13.875,10.213667869567871,1802800
1994-05-25,13.71875,13.96875,13.65625,13.84375,10.190665245056152,1347600
1994-05-26,13.96875,13.96875,13.625,13.96875,10.28268051147461,1372800
1994-05-27,13.90625,14.34375,13.875,14.34375,10.558725357055664,1426000
1994-05-31,14.28125,14.59375,14.28125,14.4375,10.62773609161377,965600
1994-06-01,14.3125,14.34375,13.8125,13.875,10.213667869567871,1950400
1994-06-02,13.875,14.1875,13.4375,14.1875,10.443704605102539,1106400
1994-06-03,14.125,14.34375,14.0,14.09375,10.374692916870117,1004400
1994-06-06,14.09375,14.375,14.0,14.25,10.489712715148926,1110000
1994-06-07,14.25,14.3125,13.9375,14.03125,10.328690528869629,763200
1994-06-08,14.0,14.03125,13.40625,13.53125,9.960627555847168,1597600
1994-06-09,13.5,13.59375,13.25,13.5,9.9376220703125,1267200
1994-06-10,13.375,13.59375,13.28125,13.34375,9.82260513305664,586400
1994-06-13,13.1875,13.1875,12.75,12.75,9.385533332824707,1199200
1994-06-14,12.75,12.9375,12.6875,12.90625,9.5005521774292,1802800
1994-06-15,12.9375,13.1875,12.71875,12.8125,9.431541442871094,1450000
1994-06-16,12.78125,13.3125,12.78125,13.28125,9.77659797668457,884400
1994-06-17,13.09375,13.1875,13.03125,13.125,9.661580085754395,714800
1994-06-20,13.0,13.0625,12.90625,12.96875,9.54655933380127,818400
1994-06-21,13.03125,13.1875,12.6875,12.78125,9.408537864685059,1158000
1994-06-22,12.8125,12.96875,12.75,12.75390625,9.388407707214355,1165200
1994-06-23,12.78125,12.78125,12.53125,12.59375,9.270515441894531,1338800
1994-06-24,12.4375,12.5,12.0,12.0,8.833443641662598,1245200
1994-06-27,12.15625,12.43359375,12.125,12.3125,9.063482284545898,2306400
1994-06-28,12.3125,12.3125,12.125,12.25,9.017471313476562,1180800
1994-06-29,12.25,12.65625,12.25,12.625,9.29351806640625,1325600
1994-06-30,12.6875,12.84375,12.65625,12.6875,9.339524269104004,791600
1994-07-01,12.71875,12.875,12.65625,12.8125,9.431541442871094,861200
1994-07-05,12.8125,13.09375,12.8125,13.0,9.569565773010254,424400
1994-07-06,12.96875,13.1875,12.9375,13.125,9.661580085754395,285200
1994-07-07,13.1875,13.53125,13.1875,13.4375,9.891615867614746,1316000
1994-07-08,13.375,13.53125,13.25,13.25,9.753594398498535,423600
1994-07-11,13.375,13.375,12.9375,13.0,9.569565773010254,558400
1994-07-12,13.0,13.15625,12.875,13.0625,9.615571975708008,614800
1994-07-13,13.0625,13.0625,12.8125,12.96875,9.54655933380127,423200
1994-07-14,12.96875,13.28125,12.96875,13.28125,9.77659797668457,862800
1994-07-15,13.25,13.5,13.25,13.375,9.84560775756836,928800
1994-07-18,13.4375,13.4375,13.21875,13.25,9.753594398498535,303600
1994-07-19,12.5,12.625,12.3125,12.3125,9.063482284545898,5886800
1994-07-20,12.1875,12.46875,12.0,12.03125,8.85644817352295,2589200
1994-07-21,12.09375,12.5625,11.875,12.5625,9.247513771057129,1455200
1994-07-22,12.625,12.875,12.375,12.875,9.477547645568848,1582000
1994-07-25,12.8125,13.03125,12.75,12.90625,9.5005521774292,1243600
1994-07-26,12.9375,13.53125,12.84375,13.46875,9.914621353149414,2670800
1994-07-27,13.28125,13.84375,13.25,13.84375,10.190665245056152,5455600
1994-07-28,13.5625,13.6875,13.46875,13.625,10.029640197753906,3294400
1994-07-29,13.75,14.0,13.75,14.0,10.305683135986328,2870800
1994-08-01,14.125,14.3125,14.03125,14.28125,10.51271915435791,2005600
1994-08-02,14.4375,14.5625,14.34375,14.5,10.673744201660156,2858800
1994-08-03,14.3125,14.59375,14.25,14.3125,10.557929992675781,3299600
1994-08-04,14.34375,14.34375,14.125,14.25,10.511823654174805,2041600
1994-08-05,14.1875,14.4375,14.0625,14.4375,10.650138854980469,2455200
1994-08-08,14.40625,14.6875,14.125,14.1875,10.465719223022461,3305600
1994-08-09,14.21875,14.375,14.0625,14.21875,10.488771438598633,1187600
1994-08-10,14.25,14.34375,13.90625,13.96875,10.304354667663574,2025200
1994-08-11,13.875,13.9375,13.71875,13.875,10.235197067260742,1189600
1994-08-12,13.90625,14.21875,13.90625,14.125,10.419615745544434,2050400
1994-08-15,14.25,14.4375,14.1875,14.25,10.511823654174805,1882400
1994-08-16,14.1875,14.5625,14.1875,14.46875,10.673192024230957,1278800
1994-08-17,14.625,14.8125,14.5625,14.65625,10.811504364013672,2526800
1994-08-18,14.625,14.84375,14.53125,14.75,10.880664825439453,1468800
1994-08-19,14.71875,15.0,14.625,14.84375,10.949819564819336,1780800
1994-08-22,14.90625,15.5625,14.8125,15.3125,11.295602798461914,3766800
1994-08-23,15.3125,15.75,15.125,15.15625,11.180340766906738,2977600
1994-08-24,15.15625,15.6875,14.90625,15.625,11.52612590789795,2782800
1994-08-25,15.65625,15.75,15.21875,15.25,11.249497413635254,2060400
1994-08-26,15.5,15.5,14.9375,15.25,11.249497413635254,1210800
1994-08-29,15.21875,15.375,15.0,15.0,11.065078735351562,924000
1994-08-30,14.875,15.0,14.78125,14.78125,10.903715133666992,2264800
1994-08-31,14.625,14.78125,14.5625,14.65625,10.811504364013672,1908400
1994-09-01,14.625,14.84375,14.5625,14.5625,10.74234676361084,2512400
1994-09-02,14.5625,14.6875,14.40625,14.4375,10.650138854980469,578400
1994-09-06,14.4375,14.53125,14.25,14.53125,10.719294548034668,1043200
1994-09-07,14.53125,14.78125,14.53125,14.6875,10.834553718566895,1921600
1994-09-08,14.75,14.90625,14.75,14.75,10.880664825439453,1244400
1994-09-09,14.65625,14.6875,14.53125,14.65625,10.811504364013672,1521200
1994-09-12,14.65625,14.65625,14.3125,14.3125,10.557929992675781,1108400
1994-09-13,14.375,14.46875,14.3125,14.34375,10.580981254577637,1263600
1994-09-14,14.3125,14.40625,14.25,14.3125,10.557929992675781,1137200
1994-09-15,14.375,14.6875,14.3125,14.6875,10.834553718566895,2607200
1994-09-16,14.625,14.75,14.40625,14.625,10.788450241088867,906000
1994-09-19,14.6875,14.8125,14.59375,14.75,10.880664825439453,834800
1994-09-20,14.75,15.09375,14.6875,14.8125,10.926765441894531,2429600
1994-09-21,14.9375,14.9375,14.71875,14.8125,10.926765441894531,2356800
1994-09-22,14.875,15.03125,14.6875,14.96875,11.042028427124023,1594000
1994-09-23,15.0,15.4375,15.0,15.28125,11.272549629211426,1947600
1994-09-26,15.40625,15.5,15.15625,15.21875,11.226446151733398,1836800
1994-09-27,15.21875,15.25,14.875,14.9375,11.018976211547852,1578800
1994-09-28,14.9375,15.0,14.3125,14.71875,10.857609748840332,3599200
1994-09-29,14.84375,14.84375,14.3125,14.4375,10.650138854980469,1822400
1994-09-30,14.4375,14.65625,14.3125,14.46875,10.673192024230957,2762400
1994-10-03,14.46875,14.46875,14.09375,14.15625,10.442668914794922,1348400
1994-10-04,13.9375,14.1875,13.8125,13.96875,10.304354667663574,1781600
1994-10-05,13.96875,14.0,13.46875,13.84375,10.212145805358887,2587600
1994-10-06,13.9375,14.03125,13.6875,13.78125,10.16604232788086,1271600
1994-10-07,13.75,13.90625,13.59375,13.65625,10.073831558227539,3131600
1994-10-10,12.90625,12.90625,11.8125,11.84375,8.736800193786621,17490400
1994-10-11,11.8125,12.03125,11.46875,11.65625,8.598487854003906,6326400
1994-10-12,11.6875,11.90625,11.5625,11.84375,8.736800193786621,6614400
1994-10-13,11.96875,12.15625,11.9375,12.0,8.852063179016113,3683200
1994-10-14,12.0625,12.4375,11.9375,12.4375,9.17479419708252,2086000
1994-10-17,12.4375,12.59375,12.28125,12.34375,9.105637550354004,2680400
1994-10-18,12.1875,12.21875,11.90625,12.0625,8.898167610168457,2237200
1994-10-19,11.96875,12.09375,11.84375,11.84375,8.736800193786621,1996400
1994-10-20,11.875,11.875,11.625,11.6875,8.621541976928711,2514400
1994-10-21,11.59375,11.59375,11.1875,11.25,8.298809051513672,3977600
1994-10-24,11.15625,11.15625,10.5625,10.65625,7.860817909240723,5472400
1994-10-25,10.05859375,10.5625,10.05859375,10.53125,7.768608093261719,6237200
1994-10-26,10.59375,11.125,10.375,11.0,8.11439037322998,3230800
1994-10-27,11.03125,11.6875,11.0,11.25,8.298809051513672,5218000
1994-10-28,11.03125,11.59375,11.0,11.28125,8.321861267089844,3356800
1994-10-31,11.28125,11.28125,11.0,11.09375,8.183547973632812,1375600
1994-11-01,11.03125,11.03125,10.84375,10.9375,8.068286895751953,850400
1994-11-02,10.90625,10.9375,10.75,10.90625,8.045234680175781,1206800
1994-11-03,11.125,11.21875,10.8125,10.9375,8.068286895751953,1705600
1994-11-04,11.0625,11.1875,10.9375,11.0,8.137081146240234,1720800
1994-11-07,10.9375,11.125,10.9375,11.09375,8.206433296203613,1403600
1994-11-08,11.09375,11.46875,11.09375,11.3125,8.368247032165527,1041600
1994-11-09,11.375,11.65625,10.9375,10.9375,8.090847969055176,1220000
1994-11-10,11.09375,11.1875,10.4375,10.6875,7.905913352966309,2326400
1994-11-11,10.84375,11.34375,10.8125,11.34375,8.391365051269531,2572800
1994-11-14,11.28125,11.59375,10.9375,11.03125,8.160198211669922,1862000
1994-11-15,10.8125,11.03125,10.625,10.875,8.044615745544434,2399200
1994-11-16,10.8125,11.03125,10.75,10.8125,7.9983811378479,1802400
1994-11-17,10.78125,10.84375,10.53125,10.53125,7.790331840515137,1698800
1994-11-18,10.5,10.5,10.0625,10.125,7.489816188812256,2407600
1994-11-21,9.9375,10.0,9.71875,9.875,7.304880619049072,3176000
1994-11-22,9.875,10.4375,9.625,9.75,7.2124152183532715,3410800
1994-11-23,9.78125,10.125,9.6875,10.0625,7.443582057952881,3110400
1994-11-25,10.1875,10.4375,10.1875,10.4375,7.720980644226074,1420000
1994-11-28,10.3125,11.21875,10.3125,11.0625,8.183313369750977,2412400
1994-11-29,11.375,11.6875,11.125,11.6875,8.645649909973145,3635200
1994-11-30,11.875,11.875,11.28125,11.28125,8.34512996673584,4256400
1994-12-01,11.28125,11.375,10.8125,10.875,8.044615745544434,1553200
1994-12-02,10.84375,11.0,10.625,10.875,8.044615745544434,2016000
1994-12-05,10.9375,11.0625,10.78125,10.90625,8.067731857299805,1422800
1994-12-06,10.90625,11.25,10.6875,11.09375,8.206433296203613,1324800
1994-12-07,11.0,11.25,10.875,11.0,8.137081146240234,1041600
1994-12-08,10.6875,11.0,10.5,10.53125,7.790331840515137,1489200
1994-12-09,10.59375,10.625,10.25,10.53125,7.790331840515137,2066400
1994-12-12,10.5,10.625,10.4375,10.5,7.767214775085449,740800
1994-12-13,10.40625,10.453125,9.9375,10.453125,7.732540607452393,1925600
1994-12-14,10.375,10.46875,10.15625,10.21875,7.559165000915527,1728400
1994-12-15,10.21875,10.3125,10.09375,10.1875,7.536046981811523,1340000
1994-12-16,10.1875,10.1875,9.96875,10.09375,7.466697692871094,2375600
1994-12-19,10.0625,10.15625,9.6875,9.71875,7.189297199249268,2048400
1994-12-20,9.375,9.6875,8.75,8.875,6.565145969390869,8758400
1994-12-21,8.90625,9.0,7.625,9.0,6.65761137008667,13418400
1994-12-22,8.0,8.5,7.9375,8.09375,5.987226963043213,12855600
1994-12-23,8.1875,8.46875,8.09375,8.21875,6.079695224761963,5984800
1994-12-27,8.0,8.0,7.25,7.46875,5.5248942375183105,7497200
1994-12-28,7.625,8.15625,7.59375,8.125,6.010344982147217,7794000
1994-12-29,8.46875,8.53125,8.15625,8.25,6.102811336517334,6802800
1994-12-30,8.34375,8.40625,7.90625,7.9375,5.871643543243408,2939200
1995-01-03,8.03125,8.09375,7.375,7.4375,5.501777172088623,3967600
1995-01-04,7.25,7.375,6.71875,7.15625,5.293725967407227,11282400
1995-01-05,7.25,7.34375,6.90625,7.15625,5.293725967407227,8769600
1995-01-06,7.125,7.15625,6.6875,6.71875,4.970093250274658,6216400
1995-01-09,6.8125,6.9375,6.25,6.28125,4.646459102630615,8806000
1995-01-10,6.21875,6.25,5.34375,5.4375,4.022307872772217,16389200
1995-01-11,5.625,6.25,5.40625,6.21875,4.600225448608398,21461200
1995-01-12,6.25,6.59375,6.0625,6.3125,4.66957426071167,14895200
1995-01-13,6.53125,6.78125,6.4375,6.71875,4.970093250274658,8559200
1995-01-16,6.625,6.6875,6.40625,6.5,4.80827522277832,4875200
1995-01-17,6.5625,6.8125,6.40625,6.4375,4.762042045593262,7550800
1995-01-18,6.4375,6.5,6.125,6.21875,4.600225448608398,5284000
1995-01-19,6.0,6.0,5.53125,5.6875,4.207241058349609,8442800
1995-01-20,5.4375,5.78125,5.4375,5.75,4.253474235534668,11762400
1995-01-23,5.4375,5.78125,5.4375,5.6875,4.207241058349609,8318800
1995-01-24,5.65625,5.8125,5.53125,5.59375,4.137890815734863,8844000
1995-01-25,5.5,5.6875,5.4375,5.46875,4.045423984527588,2670000
1995-01-26,5.59375,5.65625,5.375,5.4375,4.022307872772217,8147200
1995-01-27,5.53125,5.53125,5.03125,5.0625,3.744908094406128,5808000
1995-01-30,4.90625,4.90625,4.65625,4.75,3.513740062713623,9242800
1995-01-31,4.875,6.0,4.71875,6.0,4.438408374786377,22935200
1995-02-01,6.0,6.0625,5.625,5.71875,4.230357646942139,12945600
1995-02-02,5.71875,5.71875,5.40625,5.4375,4.022307872772217,7420000
1995-02-03,5.5,5.65625,5.3125,5.625,4.161007404327393,6258800
1995-02-06,5.65625,5.71875,5.46875,5.46875,4.064937114715576,3734800
1995-02-07,5.5,5.6875,5.4375,5.53125,4.111391067504883,4089600
1995-02-08,5.5625,5.625,5.4375,5.5,4.088163375854492,2970000
1995-02-09,5.40625,5.4375,5.125,5.1875,3.855881929397583,5151600
1995-02-10,5.0625,5.40625,5.0625,5.25,3.9023396968841553,6884800
1995-02-13,5.21875,5.21875,5.0,5.0625,3.7629692554473877,2938400
1995-02-14,4.96875,5.125,4.875,5.03125,3.739741802215576,5802400
1995-02-15,5.0,5.0,4.5625,4.625,3.437774896621704,7851200
1995-02-16,4.5,4.78125,4.34375,4.75,3.5306878089904785,11795200
1995-02-17,4.75,4.90625,4.65625,4.71875,3.5074586868286133,8609600
1995-02-21,4.78125,4.875,4.375,4.40625,3.275177240371704,6788400
1995-02-22,4.40625,4.6875,4.3125,4.5625,3.3913183212280273,9286800
1995-02-23,4.59375,4.6875,4.3125,4.375,3.251948595046997,6524000
1995-02-24,4.375,4.4375,4.0625,4.15625,3.089350938796997,7272800
1995-02-27,3.9375,4.0,3.6875,3.8125,2.833840847015381,10538000
1995-02-28,3.84375,4.1875,3.78125,4.125,3.0661230087280273,10876000
1995-03-01,4.0625,4.21875,3.8125,3.875,2.880297899246216,9892800
1995-03-02,3.875,4.0,3.78125,3.875,2.880297899246216,3888800
1995-03-03,3.78125,3.84375,3.46875,3.625,2.694471597671509,10033200
1995-03-06,3.46875,3.5625,3.40625,3.46875,2.5783305168151855,4682800
1995-03-07,3.5,3.5625,3.25,3.34375,2.4854178428649902,6424800
1995-03-08,3.40625,3.40625,3.15625,3.21875,2.392505168914795,5895600
1995-03-09,3.25,3.34375,3.03125,3.3125,2.4621899127960205,12670000
1995-03-10,3.40625,3.84375,3.3125,3.75,2.7873847484588623,22290000
1995-03-13,3.6875,3.8125,3.53125,3.59375,2.671243906021118,6294000
1995-03-14,3.71875,3.75,3.53125,3.53125,2.624786853790283,4036800
1995-03-15,3.5625,3.6875,3.46875,3.5,2.6015594005584717,4881600
1995-03-16,3.46875,3.53125,3.34375,3.46875,2.5783305168151855,4269200
1995-03-17,3.4375,3.625,3.375,3.5625,2.6480154991149902,7316800
1995-03-20,3.53125,3.6875,3.5,3.53125,2.624786853790283,3375200
1995-03-21,3.5625,3.71875,3.5,3.65625,2.7176997661590576,3414400
1995-03-22,3.625,3.71875,3.53125,3.59375,2.671243906021118,5036800
1995-03-23,3.5625,3.6875,3.5,3.65625,2.7176997661590576,9419200
1995-03-24,3.6875,3.9375,3.6875,3.8125,2.833840847015381,9769600
1995-03-27,3.90625,4.1875,3.875,4.125,3.0661230087280273,10582000
1995-03-28,4.1875,4.25,4.03125,4.15625,3.089350938796997,7029600
1995-03-29,4.125,4.1875,4.03125,4.125,3.0661230087280273,3715600
1995-03-30,4.1875,4.21875,4.09375,4.15625,3.089350938796997,3767200
1995-03-31,4.0,4.1875,3.96875,4.1875,3.112579345703125,2981600
1995-04-03,4.15625,4.625,4.09375,4.5625,3.3913183212280273,8130000
1995-04-04,4.625,4.78125,4.53125,4.5625,3.3913183212280273,10398800
1995-04-05,4.5625,4.78125,4.5,4.5625,3.3913183212280273,8314400
1995-04-06,4.65625,4.6875,4.5,4.65625,3.461003303527832,3709600
1995-04-07,4.71875,4.75,4.625,4.75,3.5306878089904785,3042000
1995-04-10,4.625,4.6875,4.53125,4.5625,3.3913183212280273,3512000
1995-04-11,4.5,4.53125,4.375,4.40625,3.275177240371704,3571200
1995-04-12,4.375,4.40625,4.28125,4.34375,3.2287206649780273,3256800
1995-04-13,4.375,4.40625,4.25,4.3125,3.2054929733276367,1827200
1995-04-17,4.28125,4.375,4.28125,4.3125,3.2054929733276367,1670400
1995-04-18,4.28125,4.34375,4.25,4.34375,3.2287206649780273,1996800
1995-04-19,4.34375,4.40625,4.25,4.28125,3.1822640895843506,2843600
1995-04-20,4.28125,4.625,4.28125,4.53125,3.3680903911590576,6091200
1995-04-21,4.65625,4.78125,4.59375,4.75,3.5306878089904785,6883200
1995-04-24,4.75,5.25,4.75,5.1875,3.855881929397583,11284800
1995-04-25,5.3125,5.3125,5.0625,5.125,3.8094258308410645,7272800
1995-04-26,5.09375,5.40625,5.09375,5.3125,3.948794364929199,6454800
1995-04-27,5.34375,5.40625,4.90625,5.09375,3.7861976623535156,8184400
1995-04-28,5.09375,5.09375,4.9375,5.03125,3.739741802215576,2980400
1995-05-01,5.0,5.03125,4.90625,4.96875,3.6932852268218994,1638400
1995-05-02,4.96875,5.0625,4.8125,5.03125,3.739741802215576,3262400
1995-05-03,5.09375,5.1875,5.0625,5.09375,3.7861976623535156,3514000
1995-05-04,5.09375,5.09375,4.9375,5.0625,3.7629692554473877,1855200
1995-05-05,5.0,5.03125,4.9375,5.0,3.716513156890869,1898800
1995-05-08,4.9375,5.0,4.875,4.90625,3.699509620666504,3244400
1995-05-09,4.9375,5.0,4.84375,4.875,3.675945997238159,2592800
1995-05-10,4.9375,4.96875,4.78125,4.8125,3.6288182735443115,4487200
1995-05-11,4.6875,4.75,4.625,4.6875,3.5345630645751953,2824800
1995-05-12,4.625,4.71875,4.625,4.71875,3.55812668800354,1877600
1995-05-15,4.71875,4.84375,4.6875,4.75,3.581691026687622,2633600
1995-05-16,4.8125,4.96875,4.78125,4.875,3.675945997238159,2828800
1995-05-17,4.875,4.9375,4.75,4.8125,3.6288182735443115,3791200
1995-05-18,4.78125,4.78125,4.5625,4.59375,3.463871955871582,2811200
1995-05-19,4.5,4.53125,4.40625,4.53125,3.416745185852051,3522400
1995-05-22,4.5,4.625,4.5,4.625,3.487435817718506,4155200
1995-05-23,4.625,4.71875,4.5625,4.59375,3.463871955871582,3002400
1995-05-24,4.5625,4.59375,4.40625,4.4375,3.3460536003112793,2296400
1995-05-25,4.375,4.375,4.21875,4.25,3.2046706676483154,5442800
1995-05-26,4.25,4.25,3.9375,4.0,3.016160249710083,6972800
1995-05-30,4.03125,4.09375,3.90625,3.96875,2.992596387863159,2606000
1995-05-31,3.96875,4.125,3.90625,4.0625,3.063288450241089,4610400
1995-06-01,4.09375,4.40625,4.03125,4.40625,3.38175892829895,5333600
1995-06-02,4.375,4.46875,4.28125,4.3125,3.3098065853118896,4018400
1995-06-05,4.1875,4.40625,4.1875,4.375,3.3577747344970703,2193600
1995-06-06,4.375,4.40625,4.3125,4.34375,3.3337903022766113,1969600
1995-06-07,4.34375,4.34375,4.21875,4.25,3.26183819770813,1992000
1995-06-08,4.25,4.28125,4.21875,4.25,3.26183819770813,1406000
1995-06-09,4.28125,4.28125,4.125,4.21875,3.237854242324829,2144800
1995-06-12,4.21875,4.375,4.1875,4.34375,3.3337903022766113,2392400
1995-06-13,4.46875,4.53125,4.3125,4.40625,3.38175892829895,3199600
1995-06-14,4.375,4.40625,4.28125,4.28125,3.2858223915100098,984800
1995-06-15,4.3125,4.40625,4.3125,4.3125,3.3098065853118896,973600
1995-06-16,4.34375,4.375,4.28125,4.28125,3.2858223915100098,1534000
1995-06-19,4.3125,4.34375,4.21875,4.25,3.26183819770813,1315600
1995-06-20,4.21875,4.21875,4.125,4.15625,3.1898856163024902,2052000
1995-06-21,4.15625,4.3125,4.09375,4.28125,3.2858223915100098,3851200
1995-06-22,4.34375,4.40625,4.28125,4.28125,3.2858223915100098,3239200
1995-06-23,4.21875,4.4375,4.1875,4.28125,3.2858223915100098,2382800
1995-06-26,4.28125,4.59375,4.28125,4.5625,3.501678705215454,3268800
1995-06-27,4.5625,4.6875,4.5,4.53125,3.4776957035064697,4000000
1995-06-28,4.65625,4.875,4.5625,4.875,3.741520643234253,7791600
1995-06-29,4.90625,5.03125,4.84375,4.96875,3.8134732246398926,7132800
1995-06-30,5.0,5.28125,4.9375,5.09375,3.9094088077545166,7324000
1995-07-03,5.09375,5.125,5.0625,5.0625,3.940505266189575,734400
1995-07-05,5.125,5.46875,5.125,5.46875,4.256718635559082,6824800
1995-07-06,5.46875,6.28125,5.46875,6.15625,4.791848659515381,19844400
1995-07-07,6.1875,6.59375,6.09375,6.3125,4.913467884063721,12850800
1995-07-10,6.34375,6.5625,6.3125,6.375,4.962116718292236,9974400
1995-07-11,6.40625,6.40625,5.96875,6.03125,4.694551467895508,7378000
1995-07-12,6.09375,6.3125,6.0625,6.25,4.86482048034668,4649200
1995-07-13,6.28125,6.5625,6.28125,6.46875,5.035089015960693,5023200
1995-07-14,6.40625,6.4375,6.28125,6.34375,4.937792778015137,2471200
1995-07-17,6.28125,6.65625,6.28125,6.3125,4.913467884063721,2998400
1995-07-18,6.28125,6.34375,6.125,6.1875,4.816171646118164,4406400
1995-07-19,6.125,6.15625,5.84375,6.0,4.670228481292725,5106400
1995-07-20,6.0625,6.09375,5.71875,5.96875,4.64590311050415,4994000
1995-07-21,6.03125,6.21875,6.03125,6.06640625,4.721916675567627,5649600
1995-07-24,6.21875,6.34375,6.125,6.21875,4.84049654006958,3340400
1995-07-25,6.25,6.28125,5.96875,6.0,4.670228481292725,3062400
1995-07-26,6.0,6.0,5.6875,5.6875,4.4269866943359375,4129200
1995-07-27,5.375,5.90625,5.375,5.75,4.475635051727295,5168400
1995-07-28,5.78125,5.9375,5.6875,5.71875,4.451310634613037,5497200
1995-07-31,5.75,5.8125,5.65625,5.65625,4.40266227722168,1561200
1995-08-01,5.6875,5.84375,5.65625,5.78125,4.499958515167236,4686800
1995-08-02,5.96875,6.0625,5.875,6.03125,4.753089427947998,4496800
1995-08-03,5.96875,6.4375,5.90625,6.40625,5.048618793487549,6372800
1995-08-04,6.4375,6.8125,6.4375,6.53125,5.147128582000732,4569600
1995-08-07,6.5625,6.84375,6.5625,6.75,5.319520473480225,7010400
1995-08-08,6.71875,6.71875,6.53125,6.53125,5.147128582000732,2162800
1995-08-09,6.59375,6.65625,6.5,6.53125,5.147128582000732,2470000
1995-08-10,6.53125,6.6875,6.53125,6.5625,5.171755790710449,2128400
1995-08-11,6.59375,6.625,6.375,6.40625,5.048618793487549,1289600
1995-08-14,6.09375,6.15625,5.90625,6.09375,4.80234432220459,8279200
1995-08-15,6.0625,6.15625,5.90625,5.9375,4.679206371307373,5470000
1995-08-16,5.875,5.875,5.75,5.78125,4.556069850921631,4530000
1995-08-17,5.8125,5.875,5.625,5.71875,4.506815433502197,4714800
1995-08-18,5.75,5.875,5.75,5.875,4.6299519538879395,2432800
1995-08-21,5.90625,6.03515625,5.90625,5.9375,4.679206371307373,3515200
1995-08-22,5.90625,5.9375,5.8125,5.84375,4.605325698852539,1892000
1995-08-23,5.875,5.9375,5.53125,5.625,4.432933330535889,3332800
1995-08-24,5.53125,5.71875,5.4375,5.53125,4.359049320220947,4565600
1995-08-25,5.625,5.78125,5.625,5.78125,4.556069850921631,2536000
1995-08-28,5.84375,5.875,5.78125,5.78125,4.556069850921631,1000000
1995-08-29,5.8125,5.8125,5.59375,5.75,4.531443119049072,1926000
1995-08-30,5.75,5.75,5.6875,5.6875,4.482187747955322,585600
1995-08-31,5.6875,5.9375,5.65625,5.9375,4.679206371307373,1717200
1995-09-01,5.96875,6.0625,5.875,5.875,4.6299519538879395,2797600
1995-09-05,6.0625,6.125,5.90625,5.9375,4.679206371307373,4886000
1995-09-06,5.875,5.90625,5.75,5.875,4.6299519538879395,2231600
1995-09-07,5.90625,6.0,5.84375,5.84375,4.605325698852539,2090800
1995-09-08,5.875,5.90625,5.8125,5.8125,4.580697536468506,1386000
1995-09-11,5.84375,5.84375,5.71875,5.71875,4.506815433502197,992400
1995-09-12,5.71875,5.71875,5.625,5.6875,4.482187747955322,2012800
1995-09-13,5.65625,5.6875,5.59375,5.65625,4.457560062408447,2402000
1995-09-14,5.6875,5.75,5.625,5.65625,4.457560062408447,1799200
1995-09-15,5.625,5.65625,5.59375,5.65625,4.457560062408447,1278400
1995-09-18,5.59375,5.65625,5.5625,5.5625,4.383679389953613,1311600
1995-09-19,5.5625,5.78125,5.5625,5.71875,4.506815433502197,2907200
1995-09-20,5.6875,5.71875,5.5625,5.625,4.432933330535889,3036000
1995-09-21,5.5625,5.59375,5.53125,5.59375,4.408306121826172,1035600
1995-09-22,5.5,5.5,5.25,5.34375,4.211286544799805,4066000
1995-09-25,5.25,5.28125,5.0625,5.125,4.0388946533203125,2140400
1995-09-26,5.0625,5.09375,4.78125,4.875,3.8418760299682617,6922400
1995-09-27,4.90625,4.90625,4.71875,4.78125,3.767993688583374,5889200
1995-09-28,4.78125,5.0625,4.78125,4.96875,3.9157583713531494,4358000
1995-09-29,5.0,5.03125,4.9375,5.0,3.940385103225708,2776000
1995-10-02,4.96875,4.96875,4.71875,4.71875,3.718738555908203,2705200
1995-10-03,4.75,4.8125,4.46875,4.53125,3.5709738731384277,8473200
1995-10-04,4.5,4.5,4.3125,4.34375,3.4232091903686523,5489200
1995-10-05,4.34375,4.78125,4.34375,4.78125,3.767993688583374,11638000
1995-10-06,4.8125,5.03125,4.78125,5.0,3.940385103225708,11299200
1995-10-09,4.96875,4.96875,4.6875,4.6875,3.694110155105591,3866400
1995-10-10,4.5,4.8125,4.46875,4.71875,3.718738555908203,4964800
1995-10-11,4.78125,4.96875,4.75,4.84375,3.8172473907470703,1564800
1995-10-12,4.96875,4.96875,4.78125,4.78125,3.767993688583374,4630000
1995-10-13,4.78125,4.8125,4.65625,4.6875,3.694110155105591,2811600
1995-10-16,4.625,4.6875,4.5625,4.5625,3.5956013202667236,6061600
1995-10-17,4.59375,4.59375,4.46875,4.5,3.546347141265869,3577200
1995-10-18,4.53125,4.71875,4.4375,4.53125,3.5709738731384277,4730400
1995-10-19,4.5625,4.65625,4.53125,4.625,3.6448564529418945,6478800
1995-10-20,4.625,4.65625,4.53125,4.53125,3.5709738731384277,2879600
1995-10-23,4.53125,4.5625,4.3125,4.34375,3.4232091903686523,3424400
1995-10-24,4.40625,4.40625,4.3125,4.3125,3.3985819816589355,4452800
1995-10-25,4.34375,4.34375,4.25,4.28125,3.3739547729492188,6090400
1995-10-26,4.25,4.25,3.875,4.09375,3.2261900901794434,13050800
1995-10-27,4.0,4.28125,3.9375,4.21875,3.324700355529785,8234400
1995-10-30,4.28125,4.46875,4.28125,4.4375,3.49709153175354,4890800
1995-10-31,4.4375,4.46875,4.21875,4.3125,3.3985819816589355,4758000
1995-11-01,4.28125,4.375,4.1875,4.3125,3.3985819816589355,3908400
1995-11-02,4.3125,4.375,4.3125,4.3125,3.3985819816589355,932800
1995-11-03,4.28125,4.3125,4.15625,4.1875,3.300072431564331,5018000
1995-11-06,4.15625,4.28125,4.125,4.15625,3.2754452228546143,2317200
1995-11-07,4.125,4.1875,4.09375,4.09375,3.2261900901794434,2512800
1995-11-08,4.125,4.125,4.0,4.03125,3.1769351959228516,2828400
1995-11-09,4.03125,4.375,3.96875,4.34375,3.4232091903686523,7946800
1995-11-10,4.28125,4.40625,4.21875,4.28125,3.3739547729492188,2673200
1995-11-13,4.25,4.25,4.125,4.125,3.2508177757263184,1538000
1995-11-14,4.09375,4.375,4.03125,4.125,3.2508177757263184,4404800
1995-11-15,4.0625,4.125,4.03125,4.0625,3.2015633583068848,2387200
1995-11-16,4.09375,4.28125,4.09375,4.15625,3.2754452228546143,2812000
1995-11-17,4.21875,4.59375,4.1875,4.53125,3.5709738731384277,6944400
1995-11-20,4.625,4.625,4.40625,4.4375,3.49709153175354,2892000
1995-11-21,4.5,4.78125,4.4375,4.75,3.7433664798736572,7465600
1995-11-22,4.78125,5.03125,4.78125,4.875,3.8418760299682617,13113200
1995-11-24,4.9375,5.03125,4.78125,4.8125,3.7926206588745117,3714400
1995-11-27,4.84375,4.90625,4.75,4.78125,3.767993688583374,2390800
1995-11-28,4.84375,5.03125,4.78125,4.96875,3.9157583713531494,5578800
1995-11-29,5.21875,5.75,5.09375,5.6875,4.482187747955322,16464800
1995-11-30,5.65625,5.65625,5.40625,5.40625,4.260540962219238,9421600
1995-12-01,5.3125,5.65625,5.3125,5.5,4.334423542022705,7629200
1995-12-04,5.5,5.625,5.375,5.375,4.235914707183838,6867600
1995-12-05,5.34375,5.53125,5.28125,5.40625,4.260540962219238,5182000
1995-12-06,5.46875,5.59375,5.4375,5.53125,4.359049320220947,3262000
1995-12-07,5.46875,5.59375,5.4375,5.59375,4.408306121826172,2310000
1995-12-08,5.625,5.6875,5.5,5.53125,4.359049320220947,2050800
1995-12-11,5.59375,5.59375,5.4375,5.4375,4.2851691246032715,2046400
1995-12-12,5.40625,5.4375,5.25,5.28125,4.162032604217529,1847600
1995-12-13,5.25,5.4375,5.25,5.3125,4.18665885925293,2427200
1995-12-14,5.3125,5.375,5.15625,5.25,4.137403964996338,2225600
1995-12-15,5.3125,5.65625,5.28125,5.625,4.432933330535889,5305600
1995-12-18,5.59375,5.59375,5.4375,5.53125,4.359049320220947,3557200
1995-12-19,5.46875,5.96875,5.46875,5.9375,4.679206371307373,6751600
1995-12-20,6.0625,6.125,5.75,5.78125,4.556069850921631,5077200
1995-12-21,5.875,6.125,5.71875,6.03125,4.753089427947998,3852400
1995-12-22,6.03125,6.09375,5.84375,5.90625,4.6545796394348145,1949200
1995-12-26,5.96875,6.0,5.9375,5.96875,4.703834533691406,1077200
1995-12-27,6.0,6.0625,5.84375,5.90625,4.6545796394348145,1128400
1995-12-28,5.84375,5.9375,5.6875,5.75,4.531443119049072,1676400
1995-12-29,5.6875,5.71875,5.5625,5.625,4.432933330535889,1422400
1996-01-02,5.625,6.3125,5.59375,6.28125,4.950108528137207,5788800
1996-01-03,6.40625,6.78125,6.375,6.53125,5.147128582000732,17892800
1996-01-04,6.5625,6.59375,6.375,6.5,5.122500896453857,6120000
1996-01-05,6.375,6.5,6.34375,6.46875,5.097872257232666,3432000
1996-01-08,6.4375,6.5,6.40625,6.4375,5.073245525360107,1007200
1996-01-09,6.4375,6.59375,6.3125,6.3125,4.974736213684082,4555600
1996-01-10,6.25,6.5,6.21875,6.375,5.023991107940674,4225200
1996-01-11,6.5,6.53125,6.4375,6.5,5.122500896453857,2801600
1996-01-12,6.4375,6.5,6.25,6.28125,4.950108528137207,2412800
1996-01-15,6.3125,6.46875,6.25,6.3125,4.974736213684082,2436800
1996-01-16,6.3125,6.375,6.1875,6.3125,4.974736213684082,2696000
1996-01-17,6.25,6.34375,6.21875,6.25,4.925480842590332,1984000
1996-01-18,6.28125,6.34375,6.21875,6.34375,4.999363899230957,3412000
1996-01-19,6.34375,6.625,6.28125,6.59375,5.196382522583008,6346400
1996-01-22,6.65625,6.875,6.59375,6.75,5.319520473480225,5931200
1996-01-23,6.8125,6.90625,6.53125,6.625,5.221010208129883,6662400
1996-01-24,6.625,6.75,6.59375,6.65625,5.245638847351074,4304000
1996-01-25,6.65625,6.65625,6.53125,6.5625,5.171755790710449,2019600
1996-01-26,6.5,7.0,6.46875,6.9375,5.467284679412842,6756400
1996-01-29,7.0625,7.4375,6.96875,7.375,5.812067985534668,14940800
1996-01-30,7.40625,7.53125,7.03125,7.0625,5.565793991088867,7997200
1996-01-31,7.03125,7.09375,6.9375,7.03125,5.541166305541992,3562800
1996-02-01,6.96875,7.125,6.90625,7.09375,5.590421199798584,2866400
1996-02-02,7.09375,7.15625,7.03125,7.125,5.615049362182617,2965600
1996-02-05,7.09375,7.09375,6.875,6.90625,5.44265604019165,2391200
1996-02-06,6.875,6.90625,6.78125,6.84375,5.414570331573486,2329600
1996-02-07,6.78125,6.78125,6.625,6.65625,5.266225814819336,3354800
1996-02-08,6.59375,6.9375,6.5,6.84375,5.414570331573486,5631600
1996-02-09,6.875,6.90625,6.6875,6.71875,5.315673828125,3458400
1996-02-12,6.6875,6.6875,6.5,6.53125,5.16732931137085,1837600
1996-02-13,6.5,6.5625,6.34375,6.375,5.0437092781066895,4873200
1996-02-14,6.34375,6.625,6.3125,6.5625,5.19205379486084,4487200
1996-02-15,6.5625,6.59375,6.3125,6.3125,4.994260787963867,2744800
1996-02-16,6.3125,6.40625,6.21875,6.375,5.0437092781066895,2824800
1996-02-20,6.25,6.28125,6.0625,6.125,4.845916748046875,5112000
1996-02-21,6.15625,6.46875,6.125,6.21875,4.920088768005371,3621200
1996-02-22,6.21875,6.59375,6.21875,6.5,5.142605304718018,5585600
1996-02-23,6.65625,6.6875,6.40625,6.46875,5.117881774902344,4803600
1996-02-26,6.46875,6.46875,6.34375,6.34375,5.018986225128174,889200
1996-02-27,6.375,6.53125,6.375,6.40625,5.0684332847595215,3155200
1996-02-28,6.5,6.5,6.0625,6.0625,4.796469211578369,3068000
1996-02-29,6.0,6.15625,5.9375,6.125,4.845916748046875,3405200
1996-03-01,6.25,6.4375,6.1875,6.4375,5.0931572914123535,3178400
1996-03-04,6.5,6.5,6.34375,6.375,5.0437092781066895,2530000
1996-03-05,6.28125,6.375,6.25,6.28125,4.969537258148193,1208400
1996-03-06,6.28125,6.28125,6.125,6.1875,4.895363807678223,3116000
1996-03-07,6.15625,6.28125,6.125,6.21875,4.920088768005371,1870400
1996-03-08,6.125,6.1875,5.90625,5.90625,4.672848701477051,3803200
1996-03-11,5.875,6.125,5.875,5.96875,4.722296714782715,3829200
1996-03-12,5.9375,5.96875,5.84375,5.9375,4.697572231292725,4141600
1996-03-13,5.96875,6.125,5.9375,6.03125,4.771745204925537,3708400
1996-03-14,6.0625,6.125,5.90625,5.96875,4.722296714782715,2965200
1996-03-15,5.9375,5.96875,5.875,5.875,4.648124694824219,2909200
1996-03-18,5.9375,6.03125,5.90625,6.0,4.747020244598389,2711600
1996-03-19,6.0625,6.46875,6.0625,6.46875,5.117881774902344,6565600
1996-03-20,6.4375,6.53125,6.25,6.3125,4.994260787963867,6206000
1996-03-21,6.34375,6.34375,6.25,6.25,4.944812774658203,1247600
1996-03-22,6.25,6.4375,6.15625,6.21875,4.920088768005371,7440400
1996-03-25,6.28125,6.34375,6.09375,6.21875,4.920088768005371,2893200
1996-03-26,6.21875,6.4375,6.1875,6.28125,4.969537258148193,4778000
1996-03-27,6.21875,6.3125,6.15625,6.28125,4.969537258148193,2793200
1996-03-28,6.125,6.28125,6.09375,6.25,4.944812774658203,2554000
1996-03-29,6.28125,6.28125,6.21875,6.21875,4.920088768005371,1009200
1996-04-01,6.25,6.40625,6.25,6.375,5.0437092781066895,1795200
1996-04-02,6.4375,6.46875,6.34375,6.375,5.0437092781066895,1518400
1996-04-03,6.75,6.875,6.65625,6.8125,5.3898468017578125,13440800
1996-04-04,6.84375,6.84375,6.71875,6.78125,5.365122318267822,2591600
1996-04-08,6.5625,6.65625,6.46875,6.59375,5.216777324676514,3122400
1996-04-09,6.59375,6.71875,6.53125,6.53125,5.16732931137085,2778000
1996-04-10,6.5,6.65625,6.5,6.59375,5.216777324676514,4271200
1996-04-11,6.59375,6.625,6.46875,6.53125,5.16732931137085,2584800
1996-04-12,6.5625,7.0625,6.5625,7.0625,5.587638854980469,9008000
1996-04-15,7.03125,7.15625,6.90625,7.15625,5.661811351776123,6188800
1996-04-16,7.15625,7.1875,7.0625,7.15625,5.661811351776123,4030400
1996-04-17,7.1875,7.46875,7.1875,7.40625,5.859602928161621,6880400
1996-04-18,7.375,7.96875,7.375,7.8125,6.181016445159912,10743600
1996-04-19,7.875,8.65625,7.59375,8.15625,6.452980995178223,14566800
1996-04-22,8.09375,8.34375,7.78125,8.15625,6.452980995178223,5434000
1996-04-23,7.9375,8.03125,7.8125,7.9375,6.279911518096924,3595200
1996-04-24,7.9375,8.125,7.75,7.96875,6.304636478424072,5223200
1996-04-25,7.8125,7.9375,7.65625,7.875,6.23046350479126,4818000
1996-04-26,8.03125,8.09375,7.78125,7.875,6.23046350479126,3808400
1996-04-29,7.875,7.875,7.625,7.6875,6.082120418548584,4965600
1996-04-30,7.625,7.84375,7.625,7.75,6.131568431854248,5293200
1996-05-01,7.75,8.1875,7.75,8.1875,6.4777045249938965,2712800
1996-05-02,8.09375,8.1875,7.84375,7.875,6.23046350479126,5225200
1996-05-03,7.84375,7.875,7.625,7.6875,6.082120418548584,4766800
1996-05-06,7.6875,7.96875,7.53125,7.90625,6.255188465118408,3488400
1996-05-07,7.71875,7.96875,7.71875,7.75,6.131568431854248,3476000
1996-05-08,7.78125,7.90625,7.59375,7.90625,6.255188465118408,5674000
1996-05-09,7.875,8.09375,7.71875,7.78125,6.1562933921813965,3742400
1996-05-10,7.78125,7.9375,7.6875,7.78125,6.1562933921813965,2868400
1996-05-13,7.71875,7.96875,7.71875,7.90625,6.255188465118408,2720000
1996-05-14,7.96875,8.0625,7.84375,7.9375,6.279911518096924,4353600
1996-05-15,7.875,7.9375,7.84375,7.875,6.23046350479126,2243600
1996-05-16,7.84375,7.84375,7.5625,7.6875,6.082120418548584,4155600
1996-05-17,7.84375,7.9375,7.71875,7.78125,6.1562933921813965,4665600
1996-05-20,7.8125,7.84375,7.6875,7.78125,6.1562933921813965,1848800
1996-05-21,7.78125,7.96875,7.78125,7.90625,6.255188465118408,5951200
1996-05-22,7.875,8.34375,7.84375,8.34375,6.601325511932373,11962800
1996-05-23,8.28125,8.375,8.03125,8.125,6.428258419036865,4685200
1996-05-24,8.125,8.25,8.0625,8.21875,6.502429485321045,2142800
1996-05-28,8.34375,8.34375,8.1875,8.25,6.527153968811035,3133200
1996-05-29,8.25,8.25,8.03125,8.0625,6.378809452056885,1216400
1996-05-30,8.03125,8.0625,7.90625,8.0,6.3293609619140625,1705600
1996-05-31,7.9375,7.9375,7.59375,7.6875,6.082120418548584,2591600
1996-06-03,7.3125,7.84375,7.3125,7.71875,6.106843948364258,3184800
1996-06-04,7.78125,7.875,7.78125,7.8125,6.181016445159912,1413200
1996-06-05,7.84375,7.875,7.71875,7.875,6.23046350479126,1347200
1996-06-06,7.96875,8.0,7.8125,7.90625,6.255188465118408,2002000
1996-06-07,7.75,7.875,7.71875,7.84375,6.205740451812744,3366000
1996-06-10,7.875,7.9375,7.65625,7.6875,6.082120418548584,979200
1996-06-11,7.6875,7.78125,7.59375,7.65625,6.057395935058594,1447200
1996-06-12,7.65625,7.71875,7.625,7.625,6.032670974731445,1393200
1996-06-13,7.625,7.6875,7.40625,7.53125,5.958499431610107,3188000
1996-06-14,7.59375,7.65625,7.53125,7.5625,5.983223915100098,1328800
1996-06-17,7.5625,7.8125,7.5625,7.8125,6.181016445159912,2560000
1996-06-18,7.8125,7.9375,7.6875,7.6875,6.082120418548584,2955200
1996-06-19,7.71875,7.78125,7.6875,7.75,6.131568431854248,1728800
1996-06-20,7.6875,7.71875,7.46875,7.46875,5.909051895141602,2931600
1996-06-21,7.46875,7.5,7.3125,7.375,5.834878444671631,3832000
1996-06-24,7.3125,7.4375,7.21875,7.375,5.834878444671631,1825600
1996-06-25,7.4375,7.5625,7.4375,7.53125,5.958499431610107,1801600
1996-06-26,7.5,7.65625,7.5,7.625,6.032670974731445,1800800
1996-06-27,7.625,7.84375,7.625,7.8125,6.181016445159912,10040400
1996-06-28,7.84375,7.90625,7.65625,7.6875,6.082120418548584,2313600
1996-07-01,7.53125,7.5625,7.40625,7.46875,5.909051895141602,2984400
1996-07-02,7.4375,7.5625,7.4375,7.5,5.933775901794434,1958800
1996-07-03,7.46875,7.53125,7.375,7.40625,5.859602928161621,1308400
1996-07-05,7.1875,7.25,7.0625,7.0625,5.587638854980469,2236800
1996-07-08,7.0,7.0625,6.71875,6.71875,5.315673828125,4060000
1996-07-09,6.8125,6.9375,6.75,6.9375,5.488742828369141,2742000
1996-07-10,7.03125,7.09375,6.8125,6.875,5.439295291900635,4848000
1996-07-11,6.84375,6.875,6.625,6.6875,5.29094934463501,5083600
1996-07-12,6.71875,6.71875,6.46875,6.53125,5.16732931137085,2928000
1996-07-15,6.625,6.625,6.0,6.15625,4.870641708374023,4699200
1996-07-16,6.25,6.34375,5.59375,5.9375,4.697572231292725,9425200
1996-07-17,6.5,6.5,6.25,6.375,5.0437092781066895,5752000
1996-07-18,6.4375,6.65625,6.3125,6.625,5.24150276184082,4622800
1996-07-19,6.65625,6.78125,6.59375,6.625,5.24150276184082,2837600
1996-07-22,6.59375,6.59375,6.4375,6.46875,5.117881774902344,2674800
1996-07-23,6.53125,6.59375,6.34375,6.40625,5.0684332847595215,2814000
1996-07-24,6.25,6.3125,6.09375,6.09375,4.821192264556885,3424800
1996-07-25,6.15625,6.25,5.9375,6.03125,4.771745204925537,3918400
1996-07-26,6.125,6.46875,6.125,6.4375,5.0931572914123535,5422800
1996-07-29,6.375,6.375,6.25,6.28125,4.969537258148193,827200
1996-07-30,6.3125,6.46875,6.25,6.4375,5.0931572914123535,2414800
1996-07-31,6.40625,6.65625,6.375,6.625,5.24150276184082,3400400
1996-08-01,6.65625,7.03125,6.65625,7.0,5.538189888000488,6943200
1996-08-02,7.1875,7.375,7.09375,7.3125,5.785430431365967,6168800
1996-08-05,7.25,7.3125,7.15625,7.25,5.735982418060303,1801600
1996-08-06,7.21875,7.3125,7.15625,7.28125,5.760707378387451,2374400
1996-08-07,7.34375,7.4375,7.25,7.28125,5.760707378387451,2232400
1996-08-08,7.28125,7.3125,7.15625,7.3125,5.785430431365967,1042800
1996-08-09,7.3125,7.5,7.3125,7.375,5.834878444671631,2482000
1996-08-12,7.3125,7.40625,7.3125,7.375,5.834878444671631,1490400
1996-08-13,7.34375,7.375,7.25,7.28125,5.760707378387451,1170800
1996-08-14,7.3125,7.40625,7.28125,7.375,5.834878444671631,1506800
1996-08-15,7.375,7.5625,7.34375,7.46875,5.909051895141602,3044800
1996-08-16,7.46875,7.59375,7.46875,7.5,5.933775901794434,2817600
1996-08-19,7.5625,7.625,7.40625,7.4375,5.884326934814453,1533200
1996-08-20,7.46875,7.84375,7.40625,7.84375,6.205740451812744,2845600
1996-08-21,7.84375,7.90625,7.6875,7.78125,6.1562933921813965,5136800
1996-08-22,7.84375,7.875,7.65625,7.8125,6.181016445159912,2538800
1996-08-23,7.75,7.75,7.6875,7.6875,6.082120418548584,1176400
1996-08-26,7.75,7.78125,7.6875,7.6875,6.082120418548584,920000
1996-08-27,7.71875,7.875,7.6875,7.8125,6.181016445159912,1308000
1996-08-28,7.84375,8.03125,7.75,7.8125,6.181016445159912,3705200
1996-08-29,7.75,7.75,7.59375,7.625,6.032670974731445,2264000
1996-08-30,7.53125,7.59375,7.40625,7.59375,6.00794792175293,1804800
1996-09-03,7.46875,7.46875,7.34375,7.34375,5.810154914855957,5508000
1996-09-04,7.34375,7.5,7.3125,7.46875,5.909051895141602,4208000
1996-09-05,7.40625,7.5625,7.375,7.4375,5.884326934814453,4137600
1996-09-06,7.5625,7.6875,7.5625,7.625,6.032670974731445,3210800
1996-09-09,7.65625,7.6875,7.59375,7.625,6.032670974731445,925600
1996-09-10,7.65625,7.65625,7.46875,7.5,5.933775901794434,819600
1996-09-11,7.4375,7.5,7.40625,7.4375,5.884326934814453,1332400
1996-09-12,7.4375,7.5,7.3125,7.375,5.834878444671631,1526800
1996-09-13,7.46875,7.5,7.375,7.375,5.834878444671631,2146400
1996-09-16,7.375,7.46875,7.34375,7.40625,5.859602928161621,1253600
1996-09-17,7.40625,7.46875,7.34375,7.4375,5.884326934814453,2049600
1996-09-18,7.4375,7.53125,7.375,7.5,5.933775901794434,1602800
1996-09-19,7.5625,7.625,7.4375,7.4375,5.884326934814453,4864000
1996-09-20,7.5,7.5,7.4375,7.46875,5.909051895141602,1606400
1996-09-23,7.4375,7.4375,7.34375,7.375,5.834878444671631,773600
1996-09-24,7.34375,7.5,7.34375,7.40625,5.859602928161621,1637200
1996-09-25,7.40625,7.4375,7.21875,7.28125,5.760707378387451,1347200
1996-09-26,7.28125,7.28125,6.96875,7.03125,5.5629143714904785,4424400
1996-09-27,7.0,7.0625,6.84375,7.0,5.538189888000488,2435200
1996-09-30,7.03125,7.21875,7.03125,7.21875,5.711258411407471,2340000
1996-10-01,7.1875,7.34375,7.1875,7.34375,5.810154914855957,3320400
1996-10-02,7.3125,7.53125,7.3125,7.5,5.933775901794434,3286800
1996-10-03,7.5,7.625,7.46875,7.59375,6.00794792175293,3747200
1996-10-04,7.59375,7.6875,7.5,7.5,5.933775901794434,1492000
1996-10-07,7.5,7.53125,7.375,7.40625,5.859602928161621,418000
1996-10-08,7.375,7.46875,7.375,7.40625,5.859602928161621,692800
1996-10-09,7.40625,7.4375,7.375,7.40625,5.859602928161621,1101200
1996-10-10,7.40625,7.4375,7.3125,7.34375,5.810154914855957,708800
1996-10-11,7.34375,7.40625,6.84375,6.875,5.439295291900635,5453200
1996-10-14,6.875,6.9375,6.65625,6.71875,5.315673828125,4428800
1996-10-15,6.75,6.8125,6.5625,6.59375,5.216777324676514,3552800
1996-10-16,6.5625,6.59375,6.34375,6.53125,5.16732931137085,5453600
1996-10-17,6.5625,6.6875,6.53125,6.625,5.24150276184082,3128000
1996-10-18,6.625,7.0625,6.59375,7.0,5.538189888000488,5069600
1996-10-21,7.0625,7.1875,7.0625,7.125,5.637086868286133,5383200
1996-10-22,7.09375,7.15625,6.96875,7.03125,5.5629143714904785,2588800
1996-10-23,7.03125,7.09375,6.875,7.0625,5.587638854980469,1501600
1996-10-24,7.0625,7.09375,6.9375,6.96875,5.513466835021973,1284800
1996-10-25,6.875,6.875,6.75,6.78125,5.365122318267822,960400
1996-10-28,6.78125,6.8125,6.59375,6.625,5.24150276184082,1054000
1996-10-29,6.65625,6.65625,6.46875,6.53125,5.16732931137085,2092800
1996-10-30,6.53125,6.53125,6.40625,6.40625,5.0684332847595215,1880000
1996-10-31,6.3125,6.59375,6.1875,6.5625,5.19205379486084,4969200
1996-11-01,6.59375,6.78125,6.5625,6.75,5.34039831161499,2088000
1996-11-04,6.71875,6.84375,6.6875,6.78125,5.365122318267822,925600
1996-11-05,6.78125,6.90625,6.78125,6.875,5.439295291900635,1551600
1996-11-06,6.875,6.90625,6.8125,6.875,5.439295291900635,6386400
1996-11-07,6.8125,6.875,6.78125,6.875,5.439295291900635,1206400
1996-11-08,6.875,7.15625,6.8125,7.15625,5.661811351776123,2673600
1996-11-11,7.15625,7.28125,7.125,7.125,5.637086868286133,2010000
1996-11-12,7.1875,7.1875,7.0625,7.125,5.637086868286133,980800
1996-11-13,7.0625,7.25,7.03125,7.25,5.735982418060303,1623600
1996-11-14,7.25,7.34375,7.1875,7.21875,5.711258411407471,1976800
1996-11-15,7.21875,7.25,7.15625,7.25,5.735982418060303,1874400
1996-11-18,7.25,7.40625,7.21875,7.25,5.735982418060303,3460400
1996-11-19,7.25,7.28125,7.15625,7.203125,5.698897361755371,1558800
1996-11-20,7.1875,7.1875,7.0,7.0,5.538189888000488,982000
1996-11-21,6.96875,7.03125,6.875,6.9375,5.488742828369141,1548800
1996-11-22,6.96875,7.09375,6.875,6.9375,5.488742828369141,1180400
1996-11-25,6.90625,6.9375,6.8125,6.8125,5.3898468017578125,673600
1996-11-26,6.875,7.03125,6.84375,6.875,5.439295291900635,2602400
1996-11-27,6.875,6.90625,6.65625,6.6875,5.29094934463501,2769200
1996-11-29,6.71875,6.8125,6.71875,6.8125,5.3898468017578125,1296800
1996-12-02,6.8125,6.84375,6.71875,6.75,5.34039831161499,3995200
1996-12-03,6.78125,7.03125,6.78125,6.8125,5.3898468017578125,5705200
1996-12-04,6.875,6.9375,6.59375,6.6875,5.29094934463501,4264000
1996-12-05,6.6875,6.6875,6.59375,6.65625,5.266225814819336,897600
1996-12-06,6.5,6.59375,6.34375,6.46875,5.117881774902344,4003200
1996-12-09,6.53125,6.625,6.4375,6.46875,5.117881774902344,1434400
1996-12-10,6.53125,6.625,6.46875,6.49609375,5.1395158767700195,1890000
1996-12-11,6.4375,6.46875,6.34375,6.40625,5.0684332847595215,1245200
1996-12-12,6.4375,6.46875,6.34375,6.34375,5.018986225128174,1212000
1996-12-13,6.28125,6.375,6.1875,6.1875,4.895363807678223,2210000
1996-12-16,6.21875,6.21875,5.96875,5.96875,4.722296714782715,1190800
1996-12-17,5.9375,6.375,5.90625,6.375,5.0437092781066895,3771200
1996-12-18,6.34375,6.46875,6.28125,6.3125,4.994260787963867,14252400
1996-12-19,6.3125,6.59375,6.3125,6.5625,5.19205379486084,3958400
1996-12-20,6.5625,6.65625,6.46875,6.5,5.142605304718018,1665200
1996-12-23,6.46875,6.53125,6.4375,6.46875,5.117881774902344,1790400
1996-12-24,6.4375,6.4375,6.375,6.375,5.0437092781066895,434800
1996-12-26,6.40625,6.46875,6.375,6.4375,5.0931572914123535,582400
1996-12-27,6.46875,6.5,6.40625,6.40625,5.0684332847595215,959200
1996-12-30,6.375,6.5,6.375,6.46875,5.117881774902344,1055600
1996-12-31,6.4375,6.46875,6.28125,6.40625,5.0684332847595215,604800
1997-01-02,6.46875,6.46875,6.1875,6.28125,4.969537258148193,1342400
1997-01-03,6.34375,6.40625,6.34375,6.40625,5.0684332847595215,1596400
1997-01-06,6.4375,6.8125,6.4375,6.65625,5.266225814819336,7028000
1997-01-07,6.625,6.65625,6.4375,6.5625,5.19205379486084,3593200
1997-01-08,6.59375,6.9375,6.5625,6.9375,5.488742828369141,5936000
1997-01-09,6.875,6.9375,6.78125,6.8125,5.3898468017578125,1935200
1997-01-10,6.75,6.8125,6.6875,6.75,5.34039831161499,1349600
1997-01-13,6.84375,6.875,6.4375,6.5625,5.19205379486084,2382800
1997-01-14,6.625,6.84375,6.5625,6.75,5.34039831161499,2463600
1997-01-15,6.75,7.15625,6.75,7.0625,5.587638854980469,5772000
1997-01-16,7.09375,7.125,6.8125,6.90625,5.464017868041992,3954800
1997-01-17,6.875,7.0,6.875,6.90625,5.464017868041992,1422400
1997-01-20,6.90625,6.9375,6.8125,6.90625,5.464017868041992,1083600
1997-01-21,6.84375,6.9375,6.8125,6.8125,5.3898468017578125,2262000
1997-01-22,6.875,6.90625,6.78125,6.8125,5.3898468017578125,1224400
1997-01-23,6.78125,7.0,6.6875,6.78125,5.365122318267822,1977200
1997-01-24,6.65625,6.75,6.625,6.6875,5.29094934463501,1655200
1997-01-27,6.71875,6.71875,6.59375,6.625,5.24150276184082,509200
1997-01-28,6.71875,6.75,6.65625,6.6875,5.29094934463501,821600
1997-01-29,6.65625,6.6875,6.46875,6.5,5.142605304718018,1298800
1997-01-30,6.53125,6.6875,6.53125,6.625,5.24150276184082,2446400
1997-01-31,6.625,6.6875,6.4375,6.46875,5.117881774902344,2115200
1997-02-03,6.4375,6.46875,6.28125,6.375,5.0437092781066895,2519600
1997-02-04,6.375,6.40625,6.3125,6.40625,5.0684332847595215,1422800
1997-02-05,6.4375,6.5625,6.375,6.375,5.0437092781066895,1409600
1997-02-06,6.375,6.5625,6.375,6.53125,5.16732931137085,3017200
1997-02-07,6.53125,6.65625,6.53125,6.625,5.24150276184082,1503200
1997-02-10,6.625,6.78125,6.59375,6.65625,5.266225814819336,2416000
1997-02-11,6.625,6.84375,6.59375,6.78125,5.365122318267822,4064400
1997-02-12,6.84375,6.90625,6.78125,6.84375,5.414570331573486,7312800
1997-02-13,6.90625,6.90625,6.53125,6.65625,5.266225814819336,6145600
1997-02-14,6.65625,6.65625,6.3125,6.375,5.0437092781066895,8066800
1997-02-18,6.5,6.53125,6.375,6.40625,5.0684332847595215,3582800
1997-02-19,6.4375,6.71875,6.4375,6.625,5.24150276184082,4083200
1997-02-20,6.625,6.6875,6.5625,6.5625,5.19205379486084,2102800
1997-02-21,6.5625,6.71875,6.5625,6.625,5.24150276184082,1353200
1997-02-24,6.65625,6.6875,6.625,6.65625,5.266225814819336,1020000
1997-02-25,6.71875,6.875,6.6875,6.84375,5.414570331573486,3516400
1997-02-26,6.875,6.875,6.46875,6.50390625,5.14569616317749,4602800
1997-02-27,6.5,6.53125,6.0,6.09375,4.821192264556885,9284000
1997-02-28,6.09375,6.1875,5.875,6.09375,4.821192264556885,3588400
1997-03-03,6.03125,6.03125,5.875,6.0,4.747020244598389,4006400
1997-03-04,6.125,6.4375,6.125,6.25,4.944812774658203,7138000
1997-03-05,6.3125,6.34375,6.25,6.34375,5.018986225128174,2822800
1997-03-06,6.5,6.59375,6.40625,6.5625,5.19205379486084,3621200
1997-03-07,6.59375,6.6875,6.40625,6.46875,5.117881774902344,4886000
1997-03-10,6.46875,6.625,6.46875,6.5625,5.19205379486084,1900400
1997-03-11,6.5625,6.625,6.375,6.40625,5.0684332847595215,1832800
1997-03-12,6.375,6.375,6.15625,6.15625,4.870641708374023,1976800
1997-03-13,6.1875,6.1875,6.0625,6.1875,4.895363807678223,2088800
1997-03-14,6.1875,6.25,6.09375,6.21875,4.920088768005371,980800
1997-03-17,6.1875,6.1875,6.125,6.1875,4.895363807678223,588000
1997-03-18,6.21875,6.34375,6.1875,6.34375,5.018986225128174,1242000
1997-03-19,6.34375,6.59375,6.3125,6.5,5.142605304718018,3764800
1997-03-20,6.5,6.5,6.3125,6.34375,5.018986225128174,2776800
1997-03-21,6.34375,6.40625,6.3125,6.40625,5.0684332847595215,1530800
1997-03-24,6.40625,6.40625,6.34375,6.375,5.0437092781066895,564400
1997-03-25,6.40625,6.40625,6.3125,6.34375,5.018986225128174,1330800
1997-03-26,6.34375,6.34375,6.3125,6.3125,4.994260787963867,1223600
1997-03-27,6.3125,6.375,6.21875,6.28125,4.969537258148193,2141200
1997-03-31,6.28125,6.3125,6.21875,6.21875,4.920088768005371,2086000
1997-04-01,6.21875,6.3125,6.21875,6.28125,4.969537258148193,2585600
1997-04-02,6.25,6.28125,6.203125,6.25,4.944812774658203,1937200
1997-04-03,6.28125,6.34375,6.25,6.3125,4.994260787963867,1683200
1997-04-04,6.3125,6.375,6.21875,6.34375,5.018986225128174,1743200
1997-04-07,6.40625,6.5,6.375,6.46875,5.117881774902344,1052400
1997-04-08,6.46875,6.46875,6.40625,6.4375,5.0931572914123535,615600
1997-04-09,6.46875,6.53125,6.4375,6.46875,5.117881774902344,1524000
1997-04-10,6.46875,6.5,6.40625,6.4375,5.0931572914123535,664400
1997-04-11,6.40625,6.40625,6.3125,6.34375,5.018986225128174,2287200
1997-04-14,6.3125,6.34375,6.28125,6.3125,4.994260787963867,843600
1997-04-15,6.375,6.4375,6.375,6.4375,5.0931572914123535,985200
1997-04-16,6.40625,6.6875,6.40625,6.59375,5.216777324676514,3720400
1997-04-17,6.5625,6.59375,6.53125,6.5625,5.19205379486084,2361200
1997-04-18,6.5625,6.5625,6.5,6.53125,5.16732931137085,863200
1997-04-21,6.5,6.5,6.34375,6.375,5.0437092781066895,1018000
1997-04-22,6.34375,6.4375,6.25,6.375,5.0437092781066895,1627600
1997-04-23,6.375,6.40625,6.09375,6.28125,4.969537258148193,5359200
1997-04-24,6.25,6.25,6.03125,6.09375,4.821192264556885,1586400
1997-04-25,6.0625,6.0625,5.9375,6.0,4.747020244598389,1744400
1997-04-28,5.96875,6.0,5.65625,5.6875,4.49977970123291,1910800
1997-04-29,5.78125,5.8125,5.5,5.65625,4.475055694580078,7455600
1997-04-30,5.71875,5.8125,5.6875,5.75,4.549228668212891,6254000
1997-05-01,5.8125,5.8125,5.71875,5.75,4.549228668212891,2053600
1997-05-02,5.78125,5.84375,5.75,5.8125,4.598675727844238,1214000
1997-05-05,5.84375,6.0,5.84375,5.9375,4.697572231292725,1526800
1997-05-06,5.9375,6.09375,5.90625,6.0,4.747020244598389,2310000
1997-05-07,6.03125,6.03125,6.0,6.03125,4.771745204925537,1604400
1997-05-08,6.0,6.1875,6.0,6.125,4.845916748046875,1442000
1997-05-09,6.21875,6.21875,6.09375,6.125,4.845916748046875,782000
1997-05-12,6.125,6.21875,6.09375,6.21875,4.920088768005371,1152400
1997-05-13,6.15625,6.25,6.125,6.1875,4.895363807678223,1054800
1997-05-14,6.25,6.3125,6.0625,6.09375,4.821192264556885,1623600
1997-05-15,6.125,6.1875,6.09375,6.125,4.845916748046875,823200
1997-05-16,6.125,6.21875,6.0625,6.125,4.845916748046875,1352000
1997-05-19,6.125,6.25,6.125,6.25,4.944812774658203,1662800
1997-05-20,6.25,6.4375,6.25,6.375,5.0437092781066895,3496800
1997-05-21,6.4375,7.0,6.4375,6.96875,5.513466835021973,9530000
1997-05-22,7.0,7.3125,7.0,7.21875,5.711258411407471,7747600
1997-05-23,7.21875,7.375,7.21875,7.28125,5.760707378387451,2694800
1997-05-27,7.25,7.25,7.0625,7.0625,5.587638854980469,1409600
1997-05-28,7.03125,7.0625,6.875,6.90625,5.464017868041992,2708800
1997-05-29,6.96875,7.21875,6.9375,7.15625,5.661811351776123,1525600
1997-05-30,7.0625,7.1875,7.0625,7.15625,5.661811351776123,531200
1997-06-02,7.1875,7.40625,7.125,7.40625,5.859602928161621,834400
1997-06-03,7.40625,7.59375,7.3125,7.34375,5.810154914855957,2954800
1997-06-04,7.3125,7.5,7.3125,7.40625,5.859602928161621,1750000
1997-06-05,7.46875,7.46875,7.3125,7.375,5.834878444671631,1422400
1997-06-06,7.40625,7.40625,7.3125,7.34375,5.810154914855957,1542400
1997-06-09,7.375,7.40625,7.21875,7.21875,5.711258411407471,463600
1997-06-10,7.25,7.3125,7.0,7.1875,5.686535835266113,2168800
1997-06-11,7.125,7.21875,7.125,7.21875,5.711258411407471,1374000
1997-06-12,7.1875,7.3125,7.1875,7.25,5.735982418060303,1739600
1997-06-13,7.28125,7.4375,7.28125,7.40625,5.859602928161621,1846400
1997-06-16,7.4375,7.4375,7.375,7.40625,5.859602928161621,364400
1997-06-17,7.375,7.40625,7.1875,7.40625,5.859602928161621,1206400
1997-06-18,7.375,7.53125,7.3125,7.53125,5.958499431610107,1656800
1997-06-19,7.53125,7.65625,7.5,7.625,6.032670974731445,2708000
1997-06-20,7.625,7.84375,7.59375,7.75,6.131568431854248,5254800
1997-06-23,7.71875,7.71875,7.53125,7.59375,6.00794792175293,1027600
1997-06-24,7.625,7.71875,7.625,7.71875,6.106843948364258,1496400
1997-06-25,7.703125,7.734375,7.609375,7.734375,6.119205474853516,1426400
1997-06-26,7.625,7.78125,7.53125,7.625,6.032670974731445,2097600
1997-06-27,7.625,7.625,7.53125,7.5625,5.983223915100098,1033600
1997-06-30,7.59375,7.59375,7.46875,7.59375,6.00794792175293,700400
1997-07-01,7.59375,7.6875,7.5625,7.6875,6.082120418548584,1641600
1997-07-02,7.6875,7.8125,7.6875,7.71875,6.106843948364258,2582000
1997-07-03,7.75,7.84375,7.734375,7.8125,6.181016445159912,926000
1997-07-07,7.8125,7.9375,7.78125,7.90625,6.255188465118408,1560800
1997-07-08,7.90625,7.9375,7.84375,7.9375,6.279911518096924,2516400
1997-07-09,7.9375,8.03125,7.890625,8.0,6.3293609619140625,1592000
1997-07-10,8.015625,8.03125,7.90625,8.015625,6.3417229652404785,1020000
1997-07-11,8.015625,8.0625,7.796875,7.796875,6.168653964996338,1070800
1997-07-14,7.78125,7.78125,7.5,7.5625,5.983223915100098,1038000
1997-07-15,7.5625,7.5625,7.359375,7.421875,5.8719658851623535,1494000
1997-07-16,7.5,7.53125,7.375,7.375,5.834878444671631,1396400
1997-07-17,7.421875,7.4375,7.265625,7.28125,5.760707378387451,1622000
1997-07-18,7.25,7.25,6.96875,7.125,5.637086868286133,1208800
1997-07-21,7.0625,7.0625,6.609375,6.75,5.34039831161499,2298000
1997-07-22,6.75,6.90625,6.75,6.875,5.439295291900635,2461200
1997-07-23,7.0625,7.203125,6.96875,7.203125,5.698897361755371,2067600
1997-07-24,7.46875,7.578125,7.40625,7.46875,5.909051895141602,6183200
1997-07-25,7.5,7.59375,7.375,7.375,5.834878444671631,3453200
1997-07-28,7.40625,7.53125,7.125,7.28125,5.760707378387451,1682800
1997-07-29,7.15625,7.234375,7.15625,7.234375,5.723621845245361,1782000
1997-07-30,7.28125,7.46875,7.265625,7.453125,5.896689414978027,2736000
1997-07-31,7.5,7.84375,7.5,7.671875,6.06975793838501,3004800
1997-08-01,7.65625,7.703125,7.5625,7.6875,6.082120418548584,2408400
1997-08-04,7.734375,7.8125,7.671875,7.8125,6.181016445159912,1607600
1997-08-05,7.75,7.96875,7.75,7.875,6.23046350479126,1102400
1997-08-06,7.84375,8.3125,7.84375,8.140625,6.440619468688965,2900800
1997-08-07,8.25,8.25,8.140625,8.171875,6.465344429016113,2454400
1997-08-08,8.125,8.140625,7.875,8.140625,6.440619468688965,2698000
1997-08-11,8.140625,8.421875,8.0625,8.421875,6.663135051727295,2569600
1997-08-12,8.421875,8.765625,8.421875,8.640625,6.836203098297119,4216000
1997-08-13,8.6875,8.8125,8.375,8.484375,6.712584972381592,2114000
1997-08-14,8.5625,8.6875,8.5625,8.609375,6.811479568481445,2029200
1997-08-15,8.609375,8.609375,8.203125,8.21875,6.502429485321045,2102400
1997-08-18,8.21875,8.234375,7.703125,7.875,6.23046350479126,2796400
1997-08-19,7.9375,8.15625,7.9375,8.125,6.428258419036865,1649200
1997-08-20,8.125,8.59375,8.125,8.59375,6.799118518829346,2815200
1997-08-21,8.5625,8.578125,8.40625,8.421875,6.663135051727295,2501200
1997-08-22,8.359375,8.359375,8.1875,8.3125,6.576601505279541,1964400
1997-08-25,8.28125,8.40625,8.25,8.34375,6.601325511932373,682800
1997-08-26,8.28125,8.328125,8.1875,8.1875,6.4777045249938965,596800
1997-08-27,8.171875,8.3125,8.09375,8.3125,6.576601505279541,673200
1997-08-28,8.3125,8.46875,8.25,8.40625,6.650773525238037,2200800
1997-08-29,8.375,8.375,8.09375,8.15625,6.452980995178223,3412000
1997-09-02,8.34375,8.53125,8.34375,8.453125,6.687859535217285,1112000
1997-09-03,8.453125,8.6875,8.453125,8.625,6.823842525482178,2364800
1997-09-04,8.65625,9.0625,8.53125,8.96875,7.09580659866333,5181200
1997-09-05,9.15625,9.5625,9.125,9.34375,7.392496109008789,3780800
1997-09-08,9.34375,9.375,9.125,9.375,7.417219638824463,1330800
1997-09-09,9.34375,9.375,9.28125,9.328125,7.380132675170898,2300000
1997-09-10,9.265625,9.28125,9.21875,9.25,7.318323612213135,1664400
1997-09-11,9.1875,9.21875,9.046875,9.109375,7.207065105438232,882400
1997-09-12,9.1875,9.375,9.03125,9.265625,7.330685615539551,1154000
1997-09-15,9.28125,9.28125,9.125,9.1875,7.268874645233154,816000
1997-09-16,9.1875,9.46875,9.171875,9.4375,7.466667175292969,1341600
1997-09-17,9.609375,9.609375,9.390625,9.40625,7.441944122314453,962400
1997-09-18,9.390625,9.515625,9.390625,9.4375,7.466667175292969,1060400
1997-09-19,9.40625,9.625,9.40625,9.484375,7.503752708435059,1068000
1997-09-22,9.5625,9.59375,9.46875,9.59375,7.590290546417236,1166400
1997-09-23,9.53125,9.59375,9.40625,9.5,7.516114711761475,749600
1997-09-24,9.46875,9.5,9.34375,9.34375,7.392496109008789,612400
1997-09-25,9.40625,9.40625,9.28125,9.28125,7.34304666519165,819600
1997-09-26,9.3125,9.40625,9.1875,9.1875,7.268874645233154,225600
1997-09-29,9.1875,9.203125,9.015625,9.03125,7.1452555656433105,1350800
1997-09-30,9.03125,9.03125,8.875,8.953125,7.083444595336914,2663600
1997-10-01,9.03125,9.5,9.0,9.46875,7.491391658782959,2172400
1997-10-02,9.484375,9.9375,9.3125,9.8125,7.763356685638428,1846400
1997-10-03,10.0,10.125,9.59375,9.71875,7.68918514251709,783600
1997-10-06,9.8125,9.875,9.75,9.8125,7.763356685638428,350000
1997-10-07,9.75,9.96875,9.71875,9.953125,7.874614715576172,1047200
1997-10-08,9.96875,10.0625,9.75,9.828125,7.775718688964844,826000
1997-10-09,9.71875,9.828125,9.59375,9.828125,7.775718688964844,708800
1997-10-10,9.765625,9.828125,9.71875,9.796875,7.750994682312012,694400
1997-10-13,9.6875,9.75,9.5625,9.75,7.713909149169922,831200
1997-10-14,9.75,9.8125,9.65625,9.8125,7.763356685638428,697200
1997-10-15,9.75,9.8125,9.6875,9.75,7.713909149169922,266000
1997-10-16,9.9375,9.9375,9.640625,9.640625,7.627375602722168,899200
1997-10-17,9.609375,9.640625,9.25,9.296875,7.355411529541016,934400
1997-10-20,9.25,9.546875,9.1875,9.5,7.516114711761475,980400
1997-10-21,9.546875,9.890625,9.546875,9.890625,7.825166702270508,1036000
1997-10-22,9.90625,10.0625,9.8125,10.0,7.911699295043945,2856400
1997-10-23,9.53125,9.6875,9.375,9.53125,7.540840148925781,4252000
1997-10-24,9.59375,9.8125,8.75,8.8125,6.972187042236328,4690800
1997-10-27,8.0625,8.46875,7.46875,7.46875,5.909051895141602,4613600
1997-10-28,6.375,8.3125,6.375,8.125,6.428258419036865,7654000
1997-10-29,8.125,8.625,7.9375,7.96875,6.304636478424072,5066800
1997-10-30,7.6875,7.96875,7.5,7.5625,5.983223915100098,2105600
1997-10-31,7.84375,7.96875,7.703125,7.75,6.131568431854248,2750800
1997-11-03,7.875,8.59375,7.875,8.484375,6.712584972381592,3863200
1997-11-04,8.421875,8.6875,8.25,8.671875,6.860928058624268,1905600
1997-11-05,8.671875,8.90625,8.671875,8.71875,6.898014068603516,2099600
1997-11-06,8.703125,9.1875,8.578125,9.125,7.219427108764648,2536400
1997-11-07,8.71875,8.8125,8.4375,8.53125,6.749670505523682,3787600
1997-11-10,8.625,8.78125,8.3125,8.3125,6.576601505279541,1670000
1997-11-11,8.3125,8.40625,8.15625,8.25,6.527153968811035,956000
1997-11-12,7.9375,8.0625,7.625,7.734375,6.119205474853516,2186000
1997-11-13,7.984375,8.375,7.75,8.34375,6.601325511932373,1662000
1997-11-14,8.375,8.5625,8.21875,8.53125,6.749670505523682,652800
1997-11-17,8.6875,8.734375,8.53125,8.53125,6.749670505523682,1315600
1997-11-18,8.5,8.625,8.375,8.625,6.823842525482178,592800
1997-11-19,8.5625,8.734375,8.53125,8.71875,6.898014068603516,512800
1997-11-20,8.8125,8.875,8.75,8.8125,6.972187042236328,753600
1997-11-21,8.875,9.3125,8.875,9.09375,7.1947021484375,2734000
1997-11-24,8.8125,9.03125,8.75,8.8125,6.972187042236328,1401200
1997-11-25,8.875,9.0625,8.78125,9.03125,7.1452555656433105,920800
1997-11-26,9.125,9.3125,9.125,9.25,7.318323612213135,1540400
1997-11-28,9.234375,9.375,9.234375,9.25,7.318323612213135,856000
1997-12-01,9.3125,9.625,9.28125,9.59375,7.590290546417236,3007200
1997-12-02,9.609375,9.78125,9.578125,9.71875,7.68918514251709,1598800
1997-12-03,9.734375,9.796875,9.703125,9.796875,7.750994682312012,2277200
1997-12-04,9.84375,10.0,9.84375,10.0,7.911699295043945,1947600
1997-12-05,9.9375,10.015625,9.890625,9.984375,7.899340629577637,1118800
1997-12-08,9.96875,9.96875,9.625,9.625,7.615011692047119,970800
1997-12-09,9.609375,9.75,9.46875,9.6875,7.664459705352783,1120800
1997-12-10,9.65625,9.671875,9.40625,9.5,7.516114711761475,1418000
1997-12-11,9.4375,9.4375,8.96875,8.96875,7.09580659866333,2764400
1997-12-12,9.046875,9.109375,8.84375,8.984375,7.108168601989746,1348400
1997-12-15,8.96875,9.53125,8.96875,9.4375,7.466667175292969,1856400
1997-12-16,9.515625,9.671875,9.5,9.671875,7.652098655700684,2380000
1997-12-17,9.796875,9.796875,9.59375,9.609375,7.602649688720703,1978000
1997-12-18,9.578125,9.75,9.375,9.375,7.417219638824463,1632800
1997-12-19,9.375,9.375,9.09375,9.28125,7.34304666519165,635600
1997-12-22,9.3125,9.40625,9.1875,9.3125,7.367772579193115,988800
1997-12-23,9.296875,9.296875,8.96875,8.96875,7.09580659866333,973600
1997-12-24,9.0,9.0625,9.0,9.0625,7.169979095458984,374400
1997-12-26,9.125,9.15625,9.09375,9.15625,7.2441511154174805,209200
1997-12-29,9.15625,9.421875,9.140625,9.359375,7.404858589172363,1452400
1997-12-30,9.46875,9.765625,9.421875,9.6875,7.664459705352783,1872800
1997-12-31,9.625,9.6875,9.5625,9.671875,7.652098655700684,612000
1998-01-02,9.65625,9.734375,9.5625,9.703125,7.676823616027832,338400
1998-01-05,9.65625,9.75,9.5625,9.6875,7.664459705352783,1935600
1998-01-06,9.625,9.625,9.375,9.390625,7.429581165313721,1668000
1998-01-07,9.28125,9.328125,9.109375,9.234375,7.305962085723877,1282000
1998-01-08,9.09375,9.109375,8.84375,8.890625,7.033996105194092,1214000
1998-01-09,8.9375,9.0,8.53125,8.578125,6.78675651550293,2712000
1998-01-12,8.21875,8.59375,8.21875,8.546875,6.7620320320129395,4420000
1998-01-13,8.6875,8.796875,8.609375,8.65625,6.848566055297852,2370800
1998-01-14,8.625,8.6875,7.9375,8.15625,6.452980995178223,5144800
1998-01-15,8.15625,8.546875,8.03125,8.296875,6.564240455627441,2583200
1998-01-16,8.40625,8.5625,8.40625,8.546875,6.7620320320129395,1120800
1998-01-20,8.796875,8.84375,8.734375,8.796875,6.959824085235596,1114800
1998-01-21,8.734375,8.734375,8.546875,8.546875,6.7620320320129395,1079200
1998-01-22,8.515625,8.5625,8.40625,8.40625,6.650773525238037,795600
1998-01-23,8.375,8.53125,8.21875,8.25,6.527153968811035,1082000
1998-01-26,8.3125,8.375,8.28125,8.328125,6.588963031768799,1210000
1998-01-27,8.328125,8.328125,8.140625,8.15625,6.452980995178223,2309600
1998-01-28,8.140625,8.3125,8.09375,8.1875,6.4777045249938965,1923200
1998-01-29,8.1875,8.1875,7.6875,7.84375,6.205740451812744,3278000
1998-01-30,7.9375,8.0625,7.8125,8.046875,6.366447448730469,4490800
1998-02-02,8.28125,8.59375,8.265625,8.453125,6.687859535217285,4168000
1998-02-03,8.4375,8.84375,8.40625,8.84375,6.99691104888916,2894000
1998-02-04,8.734375,8.9375,8.671875,8.78125,6.947463035583496,2876800
1998-02-05,8.765625,9.03125,8.75,8.859375,7.00927209854126,2151600
1998-02-06,8.90625,8.96875,8.6875,8.765625,6.935099124908447,947600
1998-02-09,8.796875,8.796875,8.484375,8.484375,6.712584972381592,841200
1998-02-10,8.484375,8.671875,8.484375,8.625,6.823842525482178,777200
1998-02-11,8.625,9.0,8.625,8.953125,7.083444595336914,1238000
1998-02-12,8.9375,8.9375,8.8125,8.8125,6.972187042236328,826400
1998-02-13,8.78125,8.84375,8.75,8.828125,6.984548091888428,658400
1998-02-17,8.875,8.890625,8.703125,8.703125,6.8856520652771,1032800
1998-02-18,8.671875,8.6875,8.5625,8.6875,6.873290061950684,1477200
1998-02-19,8.625,8.875,8.625,8.84375,6.99691104888916,1373200
1998-02-20,8.75,8.75,8.59375,8.65625,6.848566055297852,550400
1998-02-23,8.65625,8.65625,8.421875,8.453125,6.687859535217285,1107200
1998-02-24,8.40625,8.546875,8.25,8.34375,6.601325511932373,1699600
1998-02-25,8.40625,8.65625,8.375,8.640625,6.836203098297119,3600000
1998-02-26,8.625,8.8125,8.625,8.734375,6.910377025604248,701600
1998-02-27,8.78125,8.78125,8.6875,8.75,6.922739505767822,499600
1998-03-02,8.71875,9.0,8.71875,8.9375,7.0710835456848145,1277200
1998-03-03,8.90625,9.0625,8.84375,8.875,7.021635055541992,1915200
1998-03-04,8.75,8.75,8.578125,8.609375,6.811479568481445,1463600
1998-03-05,8.53125,8.703125,8.5,8.703125,6.8856520652771,1272400
1998-03-06,8.71875,8.75,8.625,8.625,6.823842525482178,1435600
1998-03-09,8.59375,8.71875,8.484375,8.5,6.724946022033691,1510800
1998-03-10,8.5,8.546875,8.265625,8.296875,6.564240455627441,2691600
1998-03-11,8.3125,8.421875,8.109375,8.421875,6.663135051727295,2528400
1998-03-12,8.4375,8.46875,8.25,8.375,6.626048564910889,1838800
1998-03-13,8.40625,8.484375,8.390625,8.390625,6.6384124755859375,1936400
1998-03-16,8.421875,8.421875,8.296875,8.359375,6.6136884689331055,2072000
1998-03-17,8.296875,8.46875,8.25,8.40625,6.650773525238037,1583200
1998-03-18,8.375,8.609375,8.3125,8.53125,6.749670505523682,1339600
1998-03-19,8.578125,8.734375,8.5625,8.65625,6.848566055297852,1733200
1998-03-20,8.59375,8.984375,8.59375,8.96875,7.09580659866333,3360400
1998-03-23,9.03125,9.484375,9.03125,9.375,7.417219638824463,3226800
1998-03-24,9.21875,9.46875,9.140625,9.359375,7.404858589172363,2984000
1998-03-25,9.34375,9.4375,9.15625,9.265625,7.330685615539551,1055600
1998-03-26,9.25,9.28125,9.140625,9.1875,7.268874645233154,892400
1998-03-27,9.25,9.3125,9.15625,9.21875,7.293600082397461,1202400
1998-03-30,9.21875,9.21875,9.03125,9.09375,7.1947021484375,763200
1998-03-31,9.125,9.1875,9.09375,9.15625,7.2441511154174805,738800
1998-04-01,9.125,9.1875,9.125,9.1875,7.268874645233154,499600
1998-04-02,9.15625,9.203125,9.09375,9.1875,7.268874645233154,316000
1998-04-03,9.234375,9.234375,9.03125,9.0625,7.169979095458984,1433200
1998-04-06,9.078125,9.109375,9.046875,9.078125,7.182341575622559,787200
1998-04-07,9.046875,9.046875,8.828125,8.84375,6.99691104888916,1073200
1998-04-08,8.90625,9.0,8.8125,8.9375,7.0710835456848145,1005200
1998-04-09,9.0,9.140625,8.953125,9.140625,7.231789588928223,626400
1998-04-13,9.1875,9.1875,9.03125,9.15625,7.2441511154174805,714400
1998-04-14,9.21875,9.34375,9.140625,9.3125,7.367772579193115,1395600
1998-04-15,9.3125,9.4375,9.265625,9.40625,7.441944122314453,1126000
1998-04-16,9.5,9.5,9.25,9.359375,7.404858589172363,1509600
1998-04-17,9.40625,9.59375,9.3125,9.546875,7.5532026290893555,1618000
1998-04-20,9.5,9.671875,9.5,9.609375,7.602649688720703,1788400
1998-04-21,9.65625,9.875,9.65625,9.78125,7.738633632659912,2947600
1998-04-22,9.8125,9.9375,9.78125,9.9375,7.862252712249756,1789600
1998-04-23,9.8125,9.828125,9.65625,9.65625,7.639735221862793,1736000
1998-04-24,9.671875,9.71875,9.53125,9.59375,7.590290546417236,1016000
1998-04-27,9.28125,9.40625,9.25,9.34375,7.392496109008789,1658000
1998-04-28,9.46875,9.6875,9.40625,9.671875,7.652098655700684,732400
1998-04-29,9.65625,9.859375,9.5625,9.796875,7.750994682312012,956400
1998-04-30,9.859375,10.28125,9.75,10.25,8.109493255615234,1994400
1998-05-01,10.3125,10.4375,10.1875,10.390625,8.220751762390137,2590400
1998-05-04,10.71875,10.8125,10.59375,10.671875,8.443268775939941,2725200
1998-05-05,10.6875,10.6875,10.40625,10.515625,8.319647789001465,1629200
1998-05-06,10.5,10.515625,10.234375,10.515625,8.319647789001465,1680800
1998-05-07,10.21875,10.375,10.1875,10.265625,8.121856689453125,798400
1998-05-08,10.296875,10.40625,10.234375,10.25,8.109493255615234,1105200
1998-05-11,10.25,10.28125,10.015625,10.015625,7.924062252044678,1568800
1998-05-12,10.015625,10.015625,9.8125,9.9375,7.862252712249756,2142800
1998-05-13,9.90625,9.96875,9.84375,9.859375,7.800442695617676,1424400
1998-05-14,9.796875,10.03125,9.796875,9.8125,7.763356685638428,2118400
1998-05-15,9.859375,9.96875,9.8125,9.875,7.812806129455566,1010000
1998-05-18,9.875,9.875,9.4375,9.453125,7.479029178619385,1104000
1998-05-19,9.46875,9.640625,9.46875,9.640625,7.627375602722168,1430400
1998-05-20,9.765625,9.859375,9.53125,9.640625,7.627375602722168,1306400
1998-05-21,9.765625,10.265625,9.765625,10.15625,8.035324096679688,4684400
1998-05-22,10.171875,10.359375,10.140625,10.171875,8.047682762145996,1221600
1998-05-26,10.140625,10.140625,9.828125,9.828125,7.775718688964844,2430800
1998-05-27,9.5625,9.90625,9.5,9.90625,7.837528705596924,5722000
1998-05-28,9.90625,9.90625,9.71875,9.75,7.713909149169922,3258400
1998-05-29,9.75,9.90625,9.75,9.765625,7.72627067565918,984000
1998-06-01,9.71875,9.71875,9.578125,9.59375,7.590290546417236,922800
1998-06-02,9.65625,9.8125,9.65625,9.78125,7.738633632659912,1908000
1998-06-03,9.8125,9.875,9.6875,9.75,7.713909149169922,2103200
1998-06-04,9.75,9.984375,9.6875,9.90625,7.837528705596924,2528000
1998-06-05,9.90625,10.125,9.90625,10.015625,7.924062252044678,1788800
1998-06-08,10.015625,10.171875,9.953125,10.15625,8.035324096679688,1712000
1998-06-09,10.09375,10.234375,10.09375,10.21875,8.084769248962402,1474400
1998-06-10,10.0625,10.09375,9.796875,9.796875,7.750994682312012,2502800
1998-06-11,9.75,9.8125,9.46875,9.46875,7.491391658782959,1883200
1998-06-12,9.5,9.5,8.984375,9.28125,7.34304666519165,3756800
1998-06-15,9.078125,9.125,8.953125,8.953125,7.083444595336914,1086000
1998-06-16,9.03125,9.25,9.03125,9.203125,7.2812371253967285,1174800
1998-06-17,9.46875,9.75,9.40625,9.640625,7.627375602722168,2284000
1998-06-18,9.640625,9.640625,9.15625,9.203125,7.2812371253967285,4970800
1998-06-19,9.203125,9.359375,9.203125,9.28125,7.34304666519165,1553200
1998-06-22,9.28125,9.28125,9.203125,9.21875,7.293600082397461,462400
1998-06-23,9.28125,9.453125,9.28125,9.453125,7.479029178619385,602800
1998-06-24,9.484375,9.546875,9.4375,9.546875,7.5532026290893555,757600
1998-06-25,9.53125,9.53125,9.3125,9.34375,7.392496109008789,942800
1998-06-26,9.40625,9.40625,9.25,9.265625,7.330685615539551,808000
1998-06-29,9.203125,9.375,9.203125,9.328125,7.380132675170898,175600
1998-06-30,9.375,9.546875,9.234375,9.40625,7.441944122314453,680800
1998-07-01,9.515625,9.859375,9.5,9.796875,7.750994682312012,1679600
1998-07-02,9.859375,9.859375,9.71875,9.78125,7.738633632659912,986400
1998-07-06,9.84375,9.890625,9.625,9.640625,7.627375602722168,1299600
1998-07-07,9.6875,9.890625,9.65625,9.875,7.812806129455566,1038800
1998-07-08,9.875,10.078125,9.875,10.0625,7.961149215698242,1658000
1998-07-09,10.015625,10.15625,10.015625,10.078125,7.9735107421875,1371200
1998-07-10,10.140625,10.25,10.140625,10.140625,8.02295970916748,1219200
1998-07-13,10.09375,10.359375,10.09375,10.34375,8.183666229248047,1394400
1998-07-14,10.40625,10.5,10.375,10.40625,8.233115196228027,1956400
1998-07-15,10.4375,10.46875,10.375,10.46875,8.282561302185059,1909200
1998-07-16,10.4375,10.609375,10.4375,10.5625,8.356732368469238,2308800
1998-07-17,10.65625,10.65625,10.546875,10.640625,8.418545722961426,1865600
1998-07-20,10.609375,10.65625,10.5,10.640625,8.418545722961426,1531600
1998-07-21,10.609375,10.640625,10.59375,10.609375,8.393820762634277,1537200
1998-07-22,10.609375,10.609375,10.40625,10.5,8.307286262512207,1335600
1998-07-23,10.546875,10.546875,10.40625,10.4375,8.257837295532227,2202000
1998-07-24,10.4375,10.59375,10.28125,10.421875,8.245474815368652,2000400
1998-07-27,10.21875,10.296875,10.1875,10.25,8.109493255615234,1152400
1998-07-28,9.625,9.625,8.3125,8.484375,6.712584972381592,16140000
1998-07-29,8.484375,8.78125,8.4375,8.5625,6.774393558502197,6112000
1998-07-30,8.625,8.71875,8.59375,8.671875,6.860928058624268,972400
1998-07-31,8.65625,8.8125,8.625,8.8125,6.972187042236328,1102000
1998-08-03,8.78125,8.78125,8.625,8.703125,6.8856520652771,1916800
1998-08-04,8.75,8.75,8.28125,8.28125,6.551876544952393,2313200
1998-08-05,8.296875,8.359375,7.65625,7.890625,6.242825984954834,2561200
1998-08-06,7.84375,7.890625,7.6875,7.71875,6.106843948364258,2635200
1998-08-07,7.75,7.75,7.1875,7.203125,5.698897361755371,1562000
1998-08-10,7.203125,7.203125,6.859375,6.90625,5.464017868041992,2740800
1998-08-11,6.5,6.515625,6.3125,6.421875,5.0807952880859375,3599600
1998-08-12,6.484375,6.828125,6.40625,6.828125,5.4022088050842285,4504400
1998-08-13,6.65625,6.875,6.625,6.640625,5.25386381149292,2600400
1998-08-14,6.8125,6.90625,6.6875,6.734375,5.328036785125732,1384000
1998-08-17,6.625,6.640625,6.5,6.515625,5.15496826171875,1052400
1998-08-18,6.5625,6.6875,6.109375,6.65625,5.266225814819336,6010400
1998-08-19,6.6875,6.984375,6.53125,6.609375,5.229139804840088,4841600
1998-08-20,6.578125,6.71875,6.34375,6.5,5.142605304718018,3221200
1998-08-21,6.28125,6.28125,5.5,5.984375,4.734658241271973,5428000
1998-08-24,6.046875,6.15625,5.734375,5.96875,4.722296714782715,1914800
1998-08-25,6.078125,6.140625,5.59375,5.625,4.450331687927246,2569200
1998-08-26,5.15625,5.40625,5.0,5.375,4.25253963470459,5318000
1998-08-27,5.3125,5.3125,4.71875,4.71875,3.7333335876464844,4539600
1998-08-28,4.78125,4.875,4.46875,4.6875,3.7086098194122314,3498400
1998-08-31,4.84375,4.90625,4.3125,4.3125,3.411921262741089,2035200
1998-09-01,4.34375,4.671875,4.28125,4.46875,3.5355417728424072,3750400
1998-09-02,4.53125,4.96875,4.5,4.8125,3.8075058460235596,3561600
1998-09-03,4.65625,4.953125,4.5625,4.875,3.856954574584961,2959600
1998-09-04,4.9375,4.9375,4.578125,4.59375,3.634437322616577,3846800
1998-09-08,4.875,4.9375,4.578125,4.8125,3.8075058460235596,3835600
1998-09-09,4.75,4.8125,4.6875,4.6875,3.7086098194122314,2876000
1998-09-10,4.0625,4.09375,3.78125,3.78125,2.991611957550049,5207600
1998-09-11,3.8125,4.3125,3.8125,4.09375,3.2388522624969482,6640800
1998-09-14,4.234375,4.25,3.71875,3.90625,3.090508222579956,4902400
1998-09-15,3.875,4.8125,3.78125,4.65625,3.6838862895965576,7534400
1998-09-16,4.71875,5.21875,4.53125,4.625,3.6591618061065674,5704000
1998-09-17,4.4375,4.703125,4.125,4.6875,3.7086098194122314,4744000
1998-09-18,4.6875,4.8125,4.625,4.671875,3.6962480545043945,2320000
1998-09-21,4.375,5.109375,4.3125,5.09375,4.030022144317627,3014000
1998-09-22,5.1875,5.4375,4.96875,4.984375,3.9434874057769775,2680800
1998-09-23,5.21875,5.71875,5.15625,5.71875,4.5245041847229,4906800
1998-09-24,5.65625,5.90625,5.0,5.0,3.9558496475219727,3064800
1998-09-25,5.046875,5.3125,4.8125,5.109375,4.042384624481201,1361600
1998-09-28,5.21875,5.40625,5.078125,5.125,4.054746627807617,1582800
1998-09-29,5.109375,5.109375,4.875,5.0625,4.005298137664795,832800
1998-09-30,5.0625,5.0625,4.78125,4.828125,3.8198676109313965,1946400
1998-10-01,4.796875,4.796875,4.375,4.375,3.461369752883911,2228400
1998-10-02,4.46875,4.5625,4.15625,4.421875,3.49845552444458,3403200
1998-10-05,4.265625,4.3125,4.0625,4.3125,3.411921262741089,1398800
1998-10-06,4.5625,4.609375,4.15625,4.21875,3.3377487659454346,1196800
1998-10-07,4.1875,4.765625,4.125,4.140625,3.2759382724761963,2777200
1998-10-08,4.015625,4.4375,3.90625,4.40625,3.486093521118164,2215600
1998-10-09,4.78125,4.78125,4.34375,4.5,3.5602643489837646,2413200
1998-10-12,4.65625,4.765625,4.625,4.703125,3.7209720611572266,760800
1998-10-13,4.65625,4.8125,4.59375,4.8125,3.8075058460235596,1376000
1998-10-14,4.75,4.890625,4.75,4.84375,3.8322298526763916,940800
1998-10-15,4.875,5.8125,4.875,5.75,4.549228668212891,4685600
1998-10-16,5.8125,6.5,5.75,6.4375,5.0931572914123535,7718000
1998-10-19,6.25,6.5,6.25,6.390625,5.05607271194458,2396800
1998-10-20,6.328125,6.671875,6.296875,6.484375,5.13024377822876,3512400
1998-10-21,6.4375,6.4375,6.25,6.375,5.0437092781066895,1519600
1998-10-22,6.328125,7.0,6.328125,6.859375,5.426932334899902,2283600
1998-10-23,6.84375,6.859375,6.609375,6.671875,5.27858829498291,1272800
1998-10-26,6.671875,6.84375,6.625,6.78125,5.365122318267822,991200
1998-10-27,6.75,6.859375,6.703125,6.703125,5.303311824798584,1455600
1998-10-28,6.6875,6.78125,6.609375,6.703125,5.303311824798584,1330800
1998-10-29,6.6875,6.6875,6.3125,6.4375,5.0931572914123535,3115600
1998-10-30,6.5,6.859375,6.5,6.78125,5.365122318267822,1109200
1998-11-02,6.71875,7.03125,6.71875,6.984375,5.525829315185547,1223200
1998-11-03,7.0,7.0,6.890625,6.9375,5.488742828369141,1053600
1998-11-04,7.1875,7.359375,7.1875,7.359375,5.8225178718566895,2246400
1998-11-05,7.3125,7.3125,7.140625,7.1875,5.686535835266113,1489200
1998-11-06,7.15625,7.234375,7.09375,7.234375,5.723621845245361,626800
1998-11-09,7.234375,7.234375,7.0,7.109375,5.624725341796875,512800
1998-11-10,7.109375,7.109375,7.03125,7.046875,5.575277328491211,802400
1998-11-11,7.109375,7.25,6.953125,6.984375,5.525829315185547,1296800
1998-11-12,6.921875,7.03125,6.6875,6.796875,5.3774847984313965,633600
1998-11-13,6.8125,6.8125,6.65625,6.6875,5.29094934463501,864000
1998-11-16,6.75,6.8125,6.609375,6.65625,5.266225814819336,654000
1998-11-17,6.640625,6.640625,6.46875,6.5,5.142605304718018,1134800
1998-11-18,6.4375,6.640625,6.40625,6.5625,5.19205379486084,942400
1998-11-19,6.625,6.84375,6.625,6.78125,5.365122318267822,1407200
1998-11-20,6.75,6.8125,6.75,6.796875,5.3774847984313965,678000
1998-11-23,6.96875,7.234375,6.953125,7.21875,5.711258411407471,1374400
1998-11-24,7.03125,7.21875,7.0,7.015625,5.550552845001221,1544400
1998-11-25,7.046875,7.046875,6.953125,6.96875,5.513466835021973,814800
1998-11-27,6.9375,6.9375,6.6875,6.75,5.34039831161499,520400
1998-11-30,6.65625,6.65625,6.359375,6.359375,5.031347274780273,1754400
1998-12-01,6.21875,6.359375,6.171875,6.28125,4.969537258148193,2189200
1998-12-02,6.21875,6.3125,6.140625,6.25,4.944812774658203,1643600
1998-12-03,6.21875,6.21875,6.03125,6.046875,4.784107685089111,982000
1998-12-04,6.078125,6.21875,6.078125,6.21875,4.920088768005371,404000
1998-12-07,6.28125,6.46875,6.28125,6.453125,5.105519771575928,880800
1998-12-08,6.421875,6.5625,6.265625,6.28125,4.969537258148193,1922400
1998-12-09,6.375,6.5,6.28125,6.359375,5.031347274780273,746400
1998-12-10,6.359375,6.53125,6.296875,6.3125,4.994260787963867,1014400
1998-12-11,6.3125,6.3125,6.140625,6.1875,4.895363807678223,1130800
1998-12-14,6.21875,6.28125,5.875,5.890625,4.660487174987793,1506800
1998-12-15,5.9375,5.96875,5.65625,5.78125,4.5739521980285645,1464000
1998-12-16,5.75,6.0,5.75,6.0,4.747020244598389,548400
1998-12-17,6.03125,6.21875,6.03125,6.0625,4.796469211578369,890000
1998-12-18,6.1875,6.3125,6.15625,6.265625,4.957175254821777,756000
1998-12-21,6.25,6.6875,6.25,6.53125,5.16732931137085,776400
1998-12-22,6.5,6.546875,6.40625,6.46875,5.117881774902344,670000
1998-12-23,6.484375,6.5,6.4375,6.46875,5.117881774902344,954400
1998-12-24,6.34375,6.390625,6.28125,6.390625,5.05607271194458,411200
1998-12-28,6.34375,6.34375,6.21875,6.25,4.944812774658203,441600
1998-12-29,6.21875,6.3125,6.125,6.171875,4.883003234863281,826800
1998-12-30,6.125,6.25,6.09375,6.234375,4.932450294494629,409200
1998-12-31,6.203125,6.25,6.171875,6.171875,4.883003234863281,132800
1999-01-04,6.1875,6.296875,6.15625,6.203125,4.90772819519043,713600
1999-01-05,6.21875,6.21875,6.125,6.125,4.845916748046875,1427200
1999-01-06,5.9375,6.03125,5.875,5.890625,4.660487174987793,2020000
1999-01-07,5.84375,5.84375,5.71875,5.75,4.549228668212891,826800
1999-01-08,5.78125,5.90625,5.734375,5.75,4.549228668212891,2116000
1999-01-11,5.75,5.75,5.4375,5.5,4.351435661315918,1166800
1999-01-12,5.421875,5.421875,5.15625,5.15625,4.079470157623291,1689600
1999-01-13,4.75,4.8125,4.5625,4.65625,3.6838862895965576,6748400
1999-01-14,4.6875,4.796875,4.59375,4.625,3.6591618061065674,3537200
1999-01-15,4.8125,5.734375,4.78125,5.578125,4.413245677947998,8878000
1999-01-19,5.515625,5.71875,5.421875,5.71875,4.5245041847229,2216000
1999-01-20,5.84375,6.140625,5.8125,6.078125,4.808831214904785,2735200
1999-01-21,6.078125,6.078125,5.875,5.9375,4.697572231292725,1456800
1999-01-22,5.890625,5.90625,5.6875,5.734375,4.536866664886475,955200
1999-01-25,5.828125,5.875,5.78125,5.875,4.648124694824219,708400
1999-01-26,5.90625,5.90625,5.796875,5.890625,4.660487174987793,1728000
1999-01-27,6.0625,6.125,5.90625,6.03125,4.771745204925537,2352400
1999-01-28,6.125,6.3125,6.125,6.28125,4.969537258148193,4393200
1999-01-29,6.265625,6.46875,6.1875,6.40625,5.0684332847595215,7984800
1999-02-01,6.875,6.875,6.5,6.515625,5.15496826171875,2790400
1999-02-02,6.578125,6.71875,6.375,6.421875,5.0807952880859375,2495600
1999-02-03,6.5,6.65625,6.4375,6.53125,5.16732931137085,2080400
1999-02-04,6.53125,6.703125,6.453125,6.53125,5.16732931137085,3136000
1999-02-05,6.515625,6.6875,6.515625,6.65625,5.266225814819336,982000
1999-02-08,6.625,6.65625,6.546875,6.609375,5.229139804840088,1177200
1999-02-09,6.546875,6.5625,6.421875,6.453125,5.105519771575928,1487600
1999-02-10,6.4375,6.4375,6.15625,6.203125,4.90772819519043,1430000
1999-02-11,6.21875,6.59375,6.21875,6.578125,5.204416275024414,2386800
1999-02-12,6.515625,6.546875,6.40625,6.484375,5.13024377822876,1682800
1999-02-16,6.46875,6.625,6.46875,6.578125,5.204416275024414,1626400
1999-02-17,6.53125,6.75,6.5,6.625,5.24150276184082,1759600
1999-02-18,6.6875,6.828125,6.625,6.828125,5.4022088050842285,1380000
1999-02-19,6.78125,6.859375,6.71875,6.75,5.34039831161499,1153200
1999-02-22,6.75,6.828125,6.75,6.78125,5.365122318267822,1044400
1999-02-23,6.78125,6.84375,6.75,6.84375,5.414570331573486,1071200
1999-02-24,6.875,7.0,6.828125,6.875,5.439295291900635,977600
1999-02-25,6.8125,6.90625,6.765625,6.90625,5.464017868041992,1223200
1999-02-26,6.921875,7.09375,6.90625,7.03125,5.5629143714904785,2080000
1999-03-01,7.0,7.0,6.90625,6.984375,5.525829315185547,974800
1999-03-02,7.15625,7.15625,6.8125,6.875,5.439295291900635,1399600
1999-03-03,6.890625,6.890625,6.75,6.765625,5.352759838104248,989200
1999-03-04,6.734375,6.875,6.734375,6.859375,5.426932334899902,925600
1999-03-05,7.0,7.171875,6.953125,7.125,5.637086868286133,1522400
1999-03-08,7.125,7.6875,7.078125,7.65625,6.057395935058594,1990800
1999-03-09,7.859375,7.859375,7.625,7.734375,6.119205474853516,3146400
1999-03-10,7.765625,7.9375,7.6875,7.9375,6.279911518096924,4297600
1999-03-11,7.9375,8.46875,7.9375,8.28125,6.551876544952393,5197200
1999-03-12,8.3125,8.40625,8.28125,8.3125,6.576601505279541,1877600
1999-03-15,8.25,8.34375,8.140625,8.15625,6.452980995178223,1216800
1999-03-16,8.15625,8.234375,8.09375,8.125,6.428258419036865,1332400
1999-03-17,8.125,8.125,7.9375,7.96875,6.304636478424072,1711200
1999-03-18,7.90625,8.03125,7.84375,8.015625,6.3417229652404785,559200
1999-03-19,8.046875,8.1875,7.96875,8.125,6.428258419036865,1474400
1999-03-22,8.09375,8.09375,7.75,7.890625,6.242825984954834,416400
1999-03-23,7.890625,7.890625,7.75,7.8125,6.181016445159912,1615200
1999-03-24,7.875,8.0625,7.84375,8.03125,6.354085445404053,1833600
1999-03-25,8.0625,8.21875,8.0625,8.125,6.428258419036865,1816400
1999-03-26,8.0,8.109375,8.0,8.03125,6.354085445404053,1179600
1999-03-29,8.0,8.0625,7.90625,7.921875,6.267550468444824,8148000
1999-03-30,7.9375,7.96875,7.75,7.828125,6.193378448486328,2202400
1999-03-31,7.890625,7.9375,7.765625,7.84375,6.205740451812744,780800
1999-04-01,7.90625,7.96875,7.84375,7.90625,6.255188465118408,413200
1999-04-05,7.96875,8.1875,7.921875,8.15625,6.452980995178223,2145600
1999-04-06,8.171875,8.4375,8.171875,8.265625,6.539516925811768,2907200
1999-04-07,8.328125,8.421875,8.125,8.125,6.428258419036865,1204400
1999-04-08,8.25,8.5,8.15625,8.46875,6.700222015380859,2180800
1999-04-09,8.46875,8.8125,8.46875,8.640625,6.836203098297119,2606400
1999-04-12,8.40625,9.03125,8.40625,8.953125,7.083444595336914,1459200
1999-04-13,9.21875,9.53125,9.078125,9.53125,7.540840148925781,4252000
1999-04-14,9.53125,9.65625,9.328125,9.34375,7.392496109008789,2583600
1999-04-15,9.296875,9.5,9.21875,9.40625,7.441944122314453,1607600
1999-04-16,9.46875,9.59375,9.375,9.515625,7.528477668762207,1170000
1999-04-19,9.59375,9.796875,9.40625,9.484375,7.503752708435059,3843600
1999-04-20,9.484375,9.5625,9.078125,9.140625,7.231789588928223,2492000
1999-04-21,9.140625,9.21875,8.765625,8.84375,6.99691104888916,1918000
1999-04-22,8.96875,9.3125,8.921875,9.25,7.318323612213135,2670400
1999-04-23,9.3125,9.625,9.203125,9.578125,7.577926158905029,1980000
1999-04-26,9.5625,9.59375,9.46875,9.46875,7.491391658782959,1320400
1999-04-27,9.484375,9.65625,9.484375,9.609375,7.602649688720703,1955600
1999-04-28,9.65625,9.90625,9.609375,9.71875,7.68918514251709,3924400
1999-04-29,10.1875,10.65625,9.984375,10.40625,8.233115196228027,6799200
1999-04-30,10.453125,10.84375,10.1875,10.25,8.109493255615234,4779600
1999-05-03,10.28125,10.484375,10.25,10.40625,8.233115196228027,2038400
1999-05-04,10.4375,10.5625,10.3125,10.453125,8.2701997756958,2527200
1999-05-05,10.5,10.71875,10.5,10.6875,8.455629348754883,1712800
1999-05-06,10.96875,11.9375,10.84375,11.9375,9.44459342956543,8468000
1999-05-07,11.875,12.375,11.6875,12.21875,9.66711139678955,6331600
1999-05-10,12.1875,12.53125,12.109375,12.125,9.592938423156738,4737600
1999-05-11,12.125,12.125,11.65625,11.703125,9.259163856506348,3728400
1999-05-12,11.828125,11.828125,11.125,11.3125,8.950111389160156,2817200
1999-05-13,11.53125,12.0625,11.4375,11.875,9.39514446258545,4467200
1999-05-14,11.40625,11.671875,11.375,11.671875,9.234437942504883,2108000
1999-05-17,11.609375,11.609375,11.15625,11.296875,8.937749862670898,1671200
1999-05-18,11.359375,11.578125,11.3125,11.375,8.99955940246582,2203200
1999-05-19,11.40625,11.484375,10.953125,10.953125,8.665783882141113,2593200
1999-05-20,10.953125,11.484375,10.953125,11.390625,9.011919975280762,2188000
1999-05-21,11.453125,11.453125,11.0,11.03125,8.727595329284668,1338000
1999-05-24,11.03125,11.15625,10.46875,10.53125,8.332010269165039,1994000
1999-05-25,10.28125,10.421875,10.03125,10.15625,8.035324096679688,3940000
1999-05-26,10.3125,10.609375,10.265625,10.515625,8.319647789001465,3627600
1999-05-27,10.484375,10.625,10.34375,10.4375,8.257837295532227,1834000
1999-05-28,10.4375,10.5,10.40625,10.453125,8.2701997756958,588800
1999-06-01,10.5,10.5,9.625,10.0625,7.961149215698242,3418000
1999-06-02,10.0625,10.265625,9.96875,10.265625,8.121856689453125,1720400
1999-06-03,10.6875,10.6875,10.265625,10.265625,8.121856689453125,1348400
1999-06-04,10.328125,10.421875,10.28125,10.296875,8.14657974243164,566400
1999-06-07,10.34375,10.5625,10.328125,10.453125,8.2701997756958,918000
1999-06-08,10.453125,10.6875,10.453125,10.484375,8.294922828674316,1548400
1999-06-09,10.53125,10.53125,10.078125,10.15625,8.035324096679688,925600
1999-06-10,10.15625,10.171875,9.96875,10.09375,7.985873699188232,2014400
1999-06-11,10.015625,10.15625,10.0,10.125,8.01059627532959,1445600
1999-06-14,10.125,10.296875,10.09375,10.15625,8.035324096679688,1081200
1999-06-15,10.15625,10.609375,10.15625,10.5625,8.356732368469238,1844400
1999-06-16,10.78125,11.1875,10.78125,11.03515625,8.730685234069824,3231600
1999-06-17,11.09375,11.4375,10.78125,11.359375,8.987198829650879,2953200
1999-06-18,11.359375,11.546875,11.3125,11.4375,9.0490083694458,2115200
1999-06-21,11.46875,11.71875,11.46875,11.703125,9.259163856506348,3182000
1999-06-22,11.6875,11.8125,11.625,11.671875,9.234437942504883,1489600
1999-06-23,11.28125,11.421875,11.28125,11.421875,9.03664493560791,2861600
1999-06-24,11.390625,11.390625,11.1875,11.25,8.900663375854492,1899200
1999-06-25,11.25,11.34375,10.96875,10.96875,8.678147315979004,1377600
1999-06-28,10.90625,11.125,10.6875,10.765625,8.517440795898438,2642800
1999-06-29,10.859375,10.96875,10.75,10.796875,8.542165756225586,1626800
1999-06-30,10.796875,11.265625,10.6875,11.203125,8.863576889038086,1897600
1999-07-01,11.203125,11.71875,11.1875,11.65625,9.222077369689941,2374400
1999-07-02,11.6875,11.875,11.53125,11.859375,9.382781982421875,1534800
1999-07-06,11.796875,12.078125,11.65625,11.65625,9.222077369689941,1312400
1999-07-07,11.59375,11.640625,11.4375,11.59375,9.172629356384277,1472000
1999-07-08,11.65625,11.875,11.4375,11.453125,9.061369895935059,2419600
1999-07-09,11.453125,11.640625,11.453125,11.58984375,9.169539451599121,1521200
1999-07-12,11.46875,11.46875,10.96875,11.046875,8.73995590209961,962800
1999-07-13,10.75,10.8125,10.484375,10.8125,8.554526329040527,6363200
1999-07-14,10.875,11.0625,10.734375,10.953125,8.665783882141113,2231600
1999-07-15,11.015625,11.21875,11.0,11.046875,8.73995590209961,1984000
1999-07-16,11.078125,11.15625,10.921875,11.125,8.80176830291748,1553200
1999-07-19,11.09375,11.34375,11.09375,11.140625,8.814127922058105,1279600
1999-07-20,11.140625,11.140625,10.84375,10.875,8.603974342346191,1377200
1999-07-21,10.90625,11.0,10.71875,10.890625,8.616338729858398,1870400
1999-07-22,10.859375,10.859375,10.578125,10.6875,8.455629348754883,1932800
1999-07-23,10.734375,10.796875,10.015625,10.09375,7.985873699188232,2327200
1999-07-26,9.84375,9.84375,9.5625,9.65625,7.639735221862793,1688000
1999-07-27,9.890625,10.0625,9.65625,9.921875,7.849889755249023,1930800
1999-07-28,10.0,10.40625,9.96875,10.25,8.109493255615234,1016400
1999-07-29,10.28125,10.28125,9.71875,9.765625,7.72627067565918,1940000
1999-07-30,9.859375,10.0,9.53125,9.59375,7.590290546417236,1039200
1999-08-02,9.546875,9.6875,9.0,9.140625,7.231789588928223,3374800
1999-08-03,9.25,9.5,9.140625,9.484375,7.503752708435059,4174400
1999-08-04,9.5,9.625,9.125,9.15625,7.2441511154174805,4905200
1999-08-05,9.203125,9.234375,8.75,9.015625,7.13289213180542,2818000
1999-08-06,8.9375,9.1875,8.8125,9.078125,7.182341575622559,1598000
1999-08-09,9.21875,9.3125,9.125,9.25,7.318323612213135,1234400
1999-08-10,9.125,9.359375,8.859375,9.359375,7.404858589172363,2809600
1999-08-11,9.609375,9.640625,9.234375,9.5,7.516114711761475,2262000
1999-08-12,9.5625,9.734375,9.375,9.5,7.516114711761475,2775200
1999-08-13,9.640625,10.125,9.625,10.125,8.01059627532959,2156400
1999-08-16,10.125,10.125,9.90625,9.96875,7.886974811553955,626800
1999-08-17,10.03125,10.15625,9.75,9.984375,7.899340629577637,1685200
1999-08-18,10.0,10.03125,9.515625,9.64453125,7.63046407699585,2438800
1999-08-19,9.421875,9.59375,9.265625,9.515625,7.528477668762207,2230400
1999-08-20,9.65625,9.828125,9.546875,9.65625,7.639735221862793,1672000
1999-08-23,9.75,9.9375,9.375,9.640625,7.627375602722168,3061200
1999-08-24,9.59375,9.640625,9.328125,9.390625,7.429581165313721,2980400
1999-08-25,9.453125,9.71875,9.3125,9.703125,7.676823616027832,4705200
1999-08-26,9.703125,10.0,9.671875,9.71875,7.68918514251709,2474000
1999-08-27,9.75,9.8125,9.5625,9.640625,7.627375602722168,897200
1999-08-30,9.625,9.625,9.40625,9.4375,7.466667175292969,478400
1999-08-31,9.5625,9.5625,9.03125,9.03125,7.1452555656433105,2634400
1999-09-01,9.03125,9.171875,9.03125,9.140625,7.231789588928223,1242800
1999-09-02,9.015625,9.09375,8.75,9.0625,7.169979095458984,3466800
1999-09-03,9.25,9.28125,8.890625,9.125,7.219427108764648,2346400
1999-09-07,9.09375,9.09375,8.765625,8.96875,7.09580659866333,4900400
1999-09-08,8.96875,9.03125,8.59375,8.625,6.823842525482178,3072800
1999-09-09,8.625,8.6875,8.390625,8.484375,6.712584972381592,3854000
1999-09-10,8.5,9.03125,8.4375,9.03125,7.1452555656433105,3930400
1999-09-13,8.875,9.21875,8.8125,9.203125,7.2812371253967285,2165200
1999-09-14,9.109375,9.21875,9.0,9.0625,7.169979095458984,3158000
1999-09-15,9.21875,9.21875,8.90625,8.953125,7.083444595336914,1113200
1999-09-16,8.953125,8.984375,8.65625,8.71875,6.898014068603516,768000
1999-09-17,8.75,8.96875,8.75,8.875,7.021635055541992,1056800
1999-09-20,8.875,9.046875,8.875,9.015625,7.13289213180542,1355600
1999-09-21,9.0,9.078125,8.875,8.9375,7.0710835456848145,1190000
1999-09-22,8.9375,9.28125,8.875,9.28125,7.34304666519165,2417200
1999-09-23,9.484375,9.734375,9.4375,9.515625,7.528477668762207,3684800
1999-09-24,9.46875,9.8125,9.375,9.703125,7.676823616027832,2724400
1999-09-27,10.0,10.046875,9.875,9.921875,7.849889755249023,3486400
1999-09-28,9.921875,10.109375,9.84375,10.03125,7.93642520904541,3937600
1999-09-29,10.0,10.046875,9.9375,9.96875,7.886974811553955,1832000
1999-09-30,10.0,10.09375,9.765625,9.984375,7.899340629577637,2830800
1999-10-01,9.921875,10.09375,9.875,10.0,7.911699295043945,2174800
1999-10-04,10.0625,10.25,10.0625,10.1875,8.060044288635254,1310000
1999-10-05,10.1875,10.359375,10.09375,10.15625,8.035324096679688,2193600
1999-10-06,10.15625,10.421875,10.15625,10.34375,8.183666229248047,1820000
1999-10-07,10.375,10.5,10.15625,10.203125,8.072407722473145,2032000
1999-10-08,10.234375,10.4375,10.140625,10.390625,8.220751762390137,2670800
1999-10-11,10.421875,10.46875,10.375,10.421875,8.245474815368652,1390800
1999-10-12,10.40625,10.40625,10.234375,10.25,8.109493255615234,982000
1999-10-13,10.1875,10.234375,10.015625,10.09375,7.985873699188232,1481200
1999-10-14,10.109375,10.109375,9.71875,9.75,7.713909149169922,4062800
1999-10-15,9.25,9.53125,9.21875,9.21875,7.293600082397461,3347600
1999-10-18,9.28125,9.53125,9.28125,9.484375,7.503752708435059,1052800
1999-10-19,9.671875,10.015625,9.671875,10.0,7.911699295043945,1819200
1999-10-20,10.125,10.203125,9.984375,10.109375,7.99823522567749,568000
1999-10-21,10.140625,10.328125,9.984375,10.25,8.109493255615234,1912800
1999-10-22,10.375,10.546875,10.359375,10.375,8.208390235900879,1101200
1999-10-25,10.390625,10.40625,10.25,10.28125,8.134218215942383,1260000
1999-10-26,10.25,10.296875,10.0,10.0,7.911699295043945,694000
1999-10-27,10.0,10.078125,9.9375,10.03125,7.93642520904541,1255600
1999-10-28,10.09375,10.359375,10.09375,10.234375,8.097131729125977,2926400
1999-10-29,10.28125,10.625,10.28125,10.625,8.406182289123535,2026400
1999-11-01,10.625,10.625,10.515625,10.59375,8.381457328796387,707600
1999-11-02,10.59375,11.15625,10.59375,11.109375,8.789406776428223,1796000
1999-11-03,11.078125,11.59375,11.078125,11.40625,9.024282455444336,2911600
1999-11-04,11.40625,11.75,11.375,11.59375,9.172629356384277,3281200
1999-11-05,11.625,11.75,11.3125,11.484375,9.086094856262207,2688800
1999-11-08,11.484375,11.84375,11.359375,11.734375,9.28388786315918,2280000
1999-11-09,11.875,11.875,11.5,11.5,9.098457336425781,2222400
1999-11-10,11.5625,11.75,11.5,11.703125,9.259163856506348,2735200
1999-11-11,11.640625,11.953125,11.640625,11.84375,9.370421409606934,2163200
1999-11-12,11.90625,11.90625,11.59375,11.859375,9.382781982421875,1076400
1999-11-15,11.859375,12.15625,11.859375,12.0625,9.543490409851074,2367600
1999-11-16,12.171875,12.203125,11.921875,12.078125,9.5558500289917,1317600
1999-11-17,12.015625,12.171875,11.9375,11.953125,9.456955909729004,918000
1999-11-18,11.9375,12.390625,11.9375,12.21875,9.66711139678955,2054400
1999-11-19,12.25,13.484375,12.25,13.453125,10.643709182739258,4044800
1999-11-22,13.453125,13.453125,12.78125,12.78125,10.11214542388916,3264000
1999-11-23,12.78125,12.9375,12.5,12.59375,9.963798522949219,11746800
1999-11-24,12.5625,12.609375,12.34375,12.5,9.889625549316406,1536800
1999-11-26,12.625,12.6875,12.4375,12.4375,9.840177536010742,1139600
1999-11-29,12.421875,12.5625,12.390625,12.5,9.889625549316406,1162400
1999-11-30,12.53125,12.53125,12.109375,12.203125,9.65474796295166,1154800
1999-12-01,12.203125,12.359375,12.203125,12.25,9.69183349609375,768800
1999-12-02,12.28125,12.671875,12.28125,12.609375,9.976161003112793,1808000
1999-12-03,12.75,13.4375,12.75,13.109375,10.371747016906738,3001600
1999-12-06,13.25,13.65625,13.1875,13.5625,10.730244636535645,3082400
1999-12-07,13.640625,13.90625,13.59375,13.59375,10.754969596862793,2259200
1999-12-08,13.59375,15.734375,13.59375,15.5,12.263136863708496,7374800
1999-12-09,15.5,15.984375,15.109375,15.109375,11.954086303710938,6142800
1999-12-10,15.09375,15.5,15.09375,15.375,12.164240837097168,12317600
1999-12-13,15.375,15.375,15.1875,15.34375,12.13951587677002,1024400
1999-12-14,15.28125,15.359375,14.984375,15.0625,11.916998863220215,2352400
1999-12-15,15.0,15.359375,14.96875,15.0625,11.916998863220215,1505600
1999-12-16,15.09375,15.984375,15.0625,15.953125,12.621637344360352,3190400
1999-12-17,16.25,16.75,16.03125,16.75,13.252097129821777,2960800
1999-12-20,16.84375,17.9375,16.84375,17.84375,14.117441177368164,4046000
1999-12-21,17.84375,18.0625,17.625,17.75,14.043270111083984,1659600
1999-12-22,17.75,17.75,16.78125,17.09375,13.524064064025879,2014400
1999-12-23,17.15625,17.34375,16.953125,16.96875,13.425169944763184,566800
1999-12-27,16.9375,16.9375,16.296875,16.359375,12.943045616149902,1321600
1999-12-28,16.296875,16.578125,16.0625,16.09375,12.732894897460938,1284800
1999-12-29,16.09375,16.859375,16.09375,16.6875,13.202651023864746,1334400
1999-12-30,16.75,16.984375,16.71875,16.984375,13.437528610229492,478800
1999-12-31,16.953125,17.171875,16.953125,17.0625,13.499341011047363,415200
2000-01-03,17.25,17.3125,16.15625,16.171875,12.79470443725586,1904800
2000-01-04,14.5,14.703125,14.1875,14.28125,11.298896789550781,5932800
2000-01-05,14.21875,14.359375,13.75,14.28125,11.298896789550781,10888400
2000-01-06,14.53125,14.578125,14.0625,14.078125,11.138193130493164,3163200
2000-01-07,14.09375,14.78125,14.0,14.734375,11.657397270202637,3051600
2000-01-10,15.1875,16.6875,15.125,16.625,13.153203010559082,4041200
2000-01-11,16.25,16.53125,15.40625,15.671875,12.399118423461914,4046800
2000-01-12,15.640625,15.8125,15.421875,15.6875,12.411480903625488,2269600
2000-01-13,16.75,17.0,16.125,16.6875,13.202651023864746,4108800
2000-01-14,16.9375,17.234375,16.78125,16.8125,13.301547050476074,1501200
2000-01-18,16.625,17.09375,16.5,17.03125,13.474613189697266,7331200
2000-01-19,17.09375,17.09375,16.875,16.875,13.350995063781738,34000400
2000-01-20,16.921875,16.9375,16.375,16.546875,13.091390609741211,9898800
2000-01-21,16.484375,16.796875,16.25,16.25,12.85651683807373,3064400
2000-01-24,16.28125,16.5,15.875,15.875,12.559823036193848,3841600
2000-01-25,16.03125,16.046875,15.4375,15.625,12.362032890319824,3262000
2000-01-26,15.625,15.96875,15.125,15.671875,12.399118423461914,3714800
2000-01-27,15.6875,16.09375,15.59375,15.6875,12.411480903625488,3707600
2000-01-28,15.625,15.734375,14.6875,14.703125,11.632674217224121,2515200
2000-01-31,14.5625,14.5625,13.765625,13.875,10.977485656738281,4697600
2000-02-01,13.84375,15.0625,13.84375,14.828125,11.73157024383545,5896400
2000-02-02,14.875,15.875,14.875,15.6875,12.411480903625488,6976000
2000-02-03,16.6875,16.6875,15.75,16.25,12.85651683807373,8091200
2000-02-04,16.3125,16.875,16.3125,16.625,13.153203010559082,4598000
2000-02-07,17.203125,17.8125,16.78125,17.765625,14.055630683898926,8179600
2000-02-08,18.5,18.5,17.265625,17.8125,14.092717170715332,7390800
2000-02-09,17.8125,18.5625,17.671875,18.046875,14.278148651123047,5592800
2000-02-10,18.375,21.75,18.21875,21.46875,16.98543357849121,8506400
2000-02-11,21.125,21.5,18.953125,20.75,16.416780471801758,8419200
2000-02-14,20.6875,20.6875,19.375,19.796875,15.662694931030273,3088400
2000-02-15,19.78125,19.78125,18.390625,19.046875,15.069319725036621,5391600
2000-02-16,19.296875,20.609375,19.25,20.203125,15.984109878540039,5036400
2000-02-17,20.03125,20.15625,19.234375,19.703125,15.588519096374512,2787600
2000-02-18,19.59375,19.59375,18.1875,18.203125,14.401769638061523,2170000
2000-02-22,18.1875,18.34375,17.875,18.1875,14.389404296875,2514400
2000-02-23,18.375,19.375,18.375,19.375,15.328919410705566,2817200
2000-02-24,19.75,20.25,18.84375,19.15625,15.155852317810059,5192800
2000-02-25,19.15625,19.46875,19.0,19.015625,15.044595718383789,1832000
2000-02-28,19.125,19.375,18.46875,18.9375,14.982783317565918,1305200
2000-02-29,19.09375,19.375,19.0625,19.203125,15.192940711975098,1228800
2000-03-01,19.34375,20.484375,19.21875,20.421875,16.157176971435547,2645600
2000-03-02,20.4375,21.6875,19.875,21.5625,17.059602737426758,3220800
2000-03-03,21.546875,21.71875,20.625,21.015625,16.626934051513672,2848400
2000-03-06,20.953125,20.984375,20.109375,20.203125,15.984109878540039,2109200
2000-03-07,20.25,21.25,19.40625,19.65625,15.551437377929688,5323600
2000-03-08,20.28125,20.5625,19.890625,20.03125,15.848124504089355,1905200
2000-03-09,20.09375,20.671875,20.03125,20.265625,16.033554077148438,1266000
2000-03-10,20.25,20.734375,19.96875,20.125,15.922298431396484,1479600
2000-03-13,19.5,19.5,18.625,18.625,14.73554515838623,3511200
2000-03-14,18.96875,19.359375,17.765625,17.9375,14.19161319732666,3304800
2000-03-15,17.875,18.421875,17.390625,18.15625,14.364683151245117,3824000
2000-03-16,19.0,19.0,17.375,18.25,14.438854217529297,3304000
2000-03-17,18.1875,18.6875,18.15625,18.484375,14.624279975891113,1636800
2000-03-20,18.6875,18.90625,17.8125,17.96875,14.216337203979492,2228800
2000-03-21,17.984375,17.984375,17.21875,17.578125,13.907286643981934,2874800
2000-03-22,17.734375,17.796875,17.203125,17.421875,13.783668518066406,3015600
2000-03-23,17.359375,18.421875,17.359375,18.140625,14.352319717407227,3729600
2000-03-24,18.203125,19.046875,18.1875,19.0,15.03222942352295,3323200
2000-03-27,19.25,19.59375,18.71875,18.84375,14.908616065979004,2410000
2000-03-28,18.6875,18.71875,17.46875,17.46875,13.820754051208496,2292400
2000-03-29,17.90625,18.40625,17.5,18.125,14.339958190917969,2141200
2000-03-30,18.0625,18.0625,16.9375,17.25,13.647685050964355,2790400
2000-03-31,17.3125,17.5625,16.9375,17.0,13.449892044067383,2518000
2000-04-03,17.0,17.0,16.40625,16.484375,13.041945457458496,1502000
2000-04-04,16.5,16.71875,15.0,15.84375,12.535100936889648,3184400
2000-04-05,15.125,16.34375,15.125,15.921875,12.596909523010254,2914400
2000-04-06,15.921875,16.6875,15.921875,16.40625,12.980134963989258,2204400
2000-04-07,17.0,17.3125,16.78125,17.109375,13.536426544189453,2480000
2000-04-10,17.25,17.25,16.53125,16.53125,13.079033851623535,1854000
2000-04-11,16.515625,16.5625,16.078125,16.234375,12.844151496887207,2273600
2000-04-12,16.25,16.34375,15.390625,15.4375,12.213687896728516,1911600
2000-04-13,15.4375,15.484375,14.375,14.4375,11.422516822814941,3553200
2000-04-14,13.9375,14.125,12.875,12.875,10.186314582824707,5638400
2000-04-17,12.84375,13.421875,12.5,13.390625,10.594261169433594,2870800
2000-04-18,13.40625,15.375,13.40625,15.375,12.164240837097168,4347200
2000-04-19,15.3125,15.3125,14.46875,14.46875,11.447243690490723,3625600
2000-04-20,14.53125,14.9375,14.53125,14.890625,11.781018257141113,911600
2000-04-24,14.75,14.84375,14.453125,14.75,11.669756889343262,1940800
2000-04-25,15.0625,16.265625,15.0625,15.890625,12.572187423706055,2490000
2000-04-26,15.828125,16.46875,15.828125,15.90625,12.584548950195312,2492000
2000-04-27,15.4375,15.890625,15.21875,15.75,12.46092700958252,1982800
2000-04-28,15.875,16.59375,15.75,15.859375,12.547464370727539,2623600
2000-05-01,15.984375,16.46875,15.9375,16.4375,13.00485897064209,856800
2000-05-02,16.3125,16.5625,15.78125,15.84375,12.535100936889648,2088000
2000-05-03,15.796875,15.8125,14.9375,15.015625,11.879913330078125,3054800
2000-05-04,15.140625,15.140625,14.875,15.0,11.867551803588867,2738800
2000-05-05,15.0,15.0,14.59375,14.953125,11.830466270446777,1130000
2000-05-08,14.953125,14.953125,13.890625,14.03125,11.101105690002441,1472400
2000-05-09,14.015625,14.15625,13.515625,13.703125,10.841504096984863,1945600
2000-05-10,13.6875,14.0625,13.453125,13.5,10.68079662322998,4179200
2000-05-11,13.625,13.9375,13.453125,13.875,10.977485656738281,2283200
2000-05-12,13.90625,14.625,13.90625,14.5625,11.521414756774902,2254000
2000-05-15,14.5625,14.8125,14.5,14.75,11.669756889343262,1182800
2000-05-16,14.875,15.140625,14.75,14.84375,11.743931770324707,1690000
2000-05-17,14.78125,14.78125,14.375,14.515625,11.484328269958496,887200
2000-05-18,14.546875,14.546875,14.203125,14.265625,11.28653621673584,518800
2000-05-19,14.125,14.125,13.421875,13.46875,10.656073570251465,2488800
2000-05-22,13.46875,13.75,13.0,13.671875,10.816776275634766,4531200
2000-05-23,13.65625,13.671875,13.28125,13.4375,10.63134765625,3484800
2000-05-24,13.484375,13.484375,12.9375,13.390625,10.594261169433594,3014000
2000-05-25,13.40625,13.46875,12.90625,12.953125,10.248124122619629,1846800
2000-05-26,13.015625,13.09375,12.65625,12.921875,10.223400115966797,1497600
2000-05-30,13.140625,13.890625,13.140625,13.78125,10.903312683105469,2334400
2000-05-31,13.5,14.078125,13.5,13.921875,11.014571189880371,1568000
2000-06-01,13.90625,15.0625,13.90625,14.984375,11.855188369750977,2591200
2000-06-02,16.75,16.984375,16.171875,16.65625,13.177926063537598,3900000
2000-06-05,16.671875,16.84375,16.140625,16.3125,12.905961990356445,1413200
2000-06-06,16.40625,16.46875,15.109375,15.109375,11.954086303710938,2242800
2000-06-07,15.125,15.15625,14.3125,14.75,11.669756889343262,4188800
2000-06-08,14.8125,15.0625,14.671875,14.890625,11.781018257141113,2112400
2000-06-09,15.15625,15.5625,15.140625,15.421875,12.201327323913574,1585600
2000-06-12,15.625,15.65625,15.25,15.328125,12.127154350280762,1252000
2000-06-13,15.25,15.53125,15.109375,15.2578125,12.071523666381836,1661200
2000-06-14,15.40625,15.67578125,15.34375,15.54296875,12.297131538391113,2911200
2000-06-15,15.65625,15.6875,15.375,15.53125,12.287859916687012,1454000
2000-06-16,15.578125,15.578125,15.046875,15.296875,12.102429389953613,1981200
2000-06-19,15.265625,15.6875,15.171875,15.625,12.362032890319824,1475200
2000-06-20,15.609375,16.140625,15.609375,16.0625,12.708170890808105,1806000
2000-06-21,16.0,16.78125,15.9375,16.65625,13.177926063537598,2507600
2000-06-22,16.71875,17.0625,15.828125,15.9375,12.609272956848145,2051200
2000-06-23,15.9375,15.953125,15.21875,15.34375,12.13951587677002,1522000
2000-06-26,15.40625,15.734375,15.390625,15.421875,12.201327323913574,777600
2000-06-27,15.421875,16.1875,15.421875,16.0625,12.708170890808105,1547200
2000-06-28,16.0625,16.53125,16.0625,16.234375,12.844151496887207,1140000
2000-06-29,16.203125,16.53125,15.859375,16.53125,13.079033851623535,1929600
2000-06-30,17.03125,17.25,16.84375,17.234375,13.635319709777832,2351600
2000-07-03,18.875,18.875,18.34375,18.640625,14.747907638549805,3925200
2000-07-05,18.640625,19.09375,18.640625,18.90625,14.95805835723877,4551600
2000-07-06,18.8125,18.875,18.25,18.453125,14.599562644958496,6154400
2000-07-07,18.25,18.34375,17.890625,18.046875,14.278148651123047,2858400
2000-07-10,18.046875,18.09375,17.671875,17.78125,14.067992210388184,1973600
2000-07-11,17.25,17.6875,17.25,17.5,13.845479011535645,1753600
2000-07-12,17.5,18.125,17.390625,18.0625,14.290511131286621,4177600
2000-07-13,17.875,18.109375,17.5,17.5625,13.894926071166992,3259200
2000-07-14,17.578125,17.734375,17.328125,17.46875,13.820754051208496,2349200
2000-07-17,17.5,17.5,16.765625,17.0,13.449892044067383,3056000
2000-07-18,17.0,17.171875,16.65625,17.0,13.449892044067383,2326000
2000-07-19,17.0,17.0,15.65625,16.03125,12.683445930480957,5452400
2000-07-20,16.21875,16.625,16.125,16.546875,13.091390609741211,2957600
2000-07-21,16.265625,16.28125,16.015625,16.015625,12.671083450317383,4386400
2000-07-24,16.0625,16.0625,15.4375,15.515625,12.275500297546387,2419200
2000-07-25,15.578125,15.96875,15.5,15.625,12.362032890319824,1388400
2000-07-26,15.6875,15.6875,15.453125,15.46875,12.238410949707031,2013200
2000-07-27,15.5,16.125,15.453125,16.125,12.75761890411377,3280000
2000-07-28,16.09375,16.09375,15.1875,15.359375,12.151877403259277,1808800
2000-07-31,15.359375,16.34375,15.359375,16.15625,12.782342910766602,2438000
2000-08-01,16.109375,16.640625,16.078125,16.5625,13.103753089904785,3111200
2000-08-02,16.5625,17.0,16.5625,16.59375,13.128480911254883,1829200
2000-08-03,16.0,16.609375,15.9375,16.546875,13.091390609741211,2189600
2000-08-04,16.578125,16.859375,16.578125,16.6875,13.202651023864746,2028800
2000-08-07,16.6875,16.8125,16.546875,16.75,13.252097129821777,1575600
2000-08-08,16.6875,16.8125,16.25,16.25,12.85651683807373,2152800
2000-08-09,16.3125,16.421875,15.59375,15.671875,12.399118423461914,3021600
2000-08-10,15.625,15.734375,15.28125,15.734375,12.448566436767578,2639600
2000-08-11,15.625,15.875,15.546875,15.828125,12.52273941040039,2321200
2000-08-14,15.765625,16.03125,15.671875,15.875,12.559823036193848,1250000
2000-08-15,15.875,16.203125,15.703125,16.203125,12.819428443908691,2443200
2000-08-16,16.15625,16.453125,16.15625,16.453125,13.017218589782715,1548400
2000-08-17,16.421875,16.734375,16.421875,16.5625,13.103753089904785,1532800
2000-08-18,16.53125,16.6875,15.8125,15.84375,12.535100936889648,2728800
2000-08-21,15.859375,16.03125,15.625,15.65625,12.386756896972656,1392400
2000-08-22,15.71875,15.875,15.640625,15.734375,12.448566436767578,1134800
2000-08-23,15.796875,15.8125,15.484375,15.734375,12.448566436767578,1497200
2000-08-24,15.796875,15.796875,15.390625,15.515625,12.275500297546387,1318000
2000-08-25,15.578125,15.609375,15.0,15.3125,12.114791870117188,1157600
2000-08-28,15.34375,15.34375,15.171875,15.25,12.06534194946289,2324000
2000-08-29,15.3125,15.5,15.0625,15.484375,12.250775337219238,2082000
2000-08-30,15.4375,16.21875,15.4375,16.171875,12.79470443725586,3067600
2000-08-31,16.375,16.484375,16.171875,16.1875,12.807066917419434,1517200
2000-09-01,16.5,16.984375,16.34375,16.953125,13.41280460357666,3430800
2000-09-05,16.890625,17.015625,16.53125,16.828125,13.313911437988281,2062400
2000-09-06,16.71875,17.3125,16.484375,16.59375,13.128480911254883,2016800
2000-09-07,16.96875,16.984375,16.640625,16.859375,13.338631629943848,1503600
2000-09-08,16.921875,16.96875,16.609375,16.8125,13.301547050476074,1048000
2000-09-11,16.78125,16.8125,16.34375,16.34375,12.930688858032227,1246800
2000-09-12,16.359375,16.359375,15.875,15.921875,12.596909523010254,2071600
2000-09-13,16.03125,16.484375,15.6875,16.40625,12.980134963989258,1945600
2000-09-14,16.5625,16.703125,16.265625,16.359375,12.943045616149902,995600
2000-09-15,16.359375,16.40625,16.140625,16.3125,12.905961990356445,728800
2000-09-18,16.34375,16.34375,15.578125,15.59375,12.337307929992676,1719200
2000-09-19,15.59375,15.8125,15.390625,15.625,12.362032890319824,2564400
2000-09-20,15.59375,15.78125,15.4375,15.625,12.362032890319824,1630400
2000-09-21,15.5625,15.65625,15.0625,15.125,11.966447830200195,2338400
2000-09-22,14.5,15.125,14.34375,15.109375,11.954086303710938,2437200
2000-09-25,15.140625,15.359375,14.796875,14.890625,11.781018257141113,2072000
2000-09-26,14.875,15.125,14.640625,14.640625,11.583224296569824,1408000
2000-09-27,14.75,14.859375,14.25,14.328125,11.335984230041504,1826800
2000-09-28,14.1875,14.796875,14.125,14.796875,11.706846237182617,2142400
2000-09-29,14.8125,14.8125,14.40625,14.421875,11.410157203674316,1752400
2000-10-02,14.625,14.65625,14.078125,14.140625,11.187642097473145,1515200
2000-10-03,14.125,14.359375,13.625,13.734375,10.866228103637695,2584800
2000-10-04,13.890625,14.171875,13.578125,14.125,11.175277709960938,4369600
2000-10-05,14.09375,14.3125,13.921875,14.0,11.076379776000977,2672400
2000-10-06,14.0,14.0625,13.21875,13.28125,10.50772762298584,3410000
2000-10-09,13.34375,13.34375,12.9375,12.96875,10.26048755645752,2418400
2000-10-10,12.96875,12.984375,12.46875,12.71875,10.062694549560547,4473200
2000-10-11,12.71875,12.71875,11.875,11.984375,9.481678009033203,7480400
2000-10-12,12.09375,12.125,11.21875,11.28125,8.925387382507324,5725600
2000-10-13,11.25,12.59375,11.203125,12.421875,9.827814102172852,5415600
2000-10-16,12.5625,12.5625,11.765625,11.765625,9.308609962463379,2846000
2000-10-17,11.875,11.96875,11.15625,11.375,8.99955940246582,5983200
2000-10-18,10.75,11.9375,10.578125,11.640625,9.209714889526367,6378400
2000-10-19,12.25,13.09375,11.890625,12.921875,10.223400115966797,5510000
2000-10-20,12.8125,13.375,12.75,12.9375,10.235763549804688,2755200
2000-10-23,12.875,12.9375,12.421875,12.515625,9.90198802947998,1560000
2000-10-24,12.6875,13.0625,12.640625,13.0,10.285210609436035,2698000
2000-10-25,12.75,13.09375,12.359375,12.375,9.790727615356445,2976800
2000-10-26,12.46875,12.578125,12.21875,12.515625,9.90198802947998,2950400
2000-10-27,12.53125,13.0,12.515625,12.828125,10.149227142333984,2276000
2000-10-30,12.828125,13.40625,12.609375,13.171875,10.421195030212402,2664000
2000-10-31,13.234375,13.625,13.1875,13.53125,10.705519676208496,2249600
2000-11-01,13.5625,13.5625,13.296875,13.40625,10.606623649597168,1664800
2000-11-02,13.625,13.6875,13.46875,13.515625,10.693159103393555,1104800
2000-11-03,13.515625,13.515625,13.171875,13.234375,10.47064208984375,2156400
2000-11-06,13.46875,13.46875,13.265625,13.359375,10.569538116455078,1162000
2000-11-07,13.3125,13.84375,13.25,13.734375,10.866228103637695,1610400
2000-11-08,13.84375,13.875,13.203125,13.203125,10.445916175842285,2197600
2000-11-09,12.953125,13.0625,12.375,12.78125,10.11214542388916,3989600
2000-11-10,12.625,12.65625,12.421875,12.53125,9.914350509643555,1092400
2000-11-13,12.3125,12.40625,11.78125,12.28125,9.716558456420898,3399200
2000-11-14,12.5,12.90625,12.5,12.890625,10.198677062988281,1602400
2000-11-15,12.890625,13.421875,12.890625,13.140625,10.396468162536621,2838000
2000-11-16,13.09375,13.21875,12.90625,13.015625,10.297572135925293,1124000
2000-11-17,13.125,13.25,12.875,13.1875,10.433554649353027,1425200
2000-11-20,13.0,13.015625,12.71875,12.875,10.186314582824707,504800
2000-11-21,12.84375,13.0,12.609375,12.78125,10.11214542388916,936800
2000-11-22,12.65625,12.8125,12.03125,12.109375,9.580574989318848,2432800
2000-11-24,12.15625,12.40625,12.140625,12.390625,9.803092002868652,762000
2000-11-27,12.5625,12.9375,12.46875,12.9375,10.235763549804688,1978800
2000-11-28,12.875,12.875,12.21875,12.265625,9.704195976257324,1676000
2000-11-29,12.265625,12.4375,11.875,12.09375,9.568215370178223,1438800
2000-11-30,11.96875,11.96875,11.21875,11.640625,9.209714889526367,3193600
2000-12-01,11.734375,11.921875,11.625,11.71875,9.271525382995605,1749600
2000-12-04,11.65625,11.6875,11.4375,11.46875,9.07373332977295,1158000
2000-12-05,11.5,12.28125,11.5,12.203125,9.65474796295166,2007600
2000-12-06,12.234375,12.859375,12.203125,12.75,10.087418556213379,3903200
2000-12-07,12.453125,13.1875,12.4375,12.90625,10.211039543151855,2521200
2000-12-08,12.96875,13.25,12.859375,12.984375,10.272849082946777,2042000
2000-12-11,13.046875,13.109375,12.84375,12.984375,10.272849082946777,1970800
2000-12-12,12.984375,13.0,12.734375,12.921875,10.223400115966797,2763200
2000-12-13,12.921875,13.0,12.65625,12.671875,10.025609016418457,1270400
2000-12-14,12.734375,12.734375,12.375,12.375,9.790727615356445,1364000
2000-12-15,12.375,12.375,11.796875,11.875,9.39514446258545,4309200
2000-12-18,11.890625,12.03125,11.515625,11.53125,9.12317943572998,2607200
2000-12-19,11.25,11.828125,11.25,11.5,9.098457336425781,2750400
2000-12-20,11.125,11.21875,10.5,10.65625,8.43090534210205,3252400
2000-12-21,10.65625,10.875,10.5,10.875,8.603974342346191,2771200
2000-12-22,10.9375,11.15625,10.9375,11.15625,8.826491355895996,966800
2000-12-26,11.125,11.265625,10.875,11.03125,8.727595329284668,684000
2000-12-27,11.03125,11.234375,10.828125,11.1875,8.851215362548828,1727200
2000-12-28,11.25,11.53125,11.234375,11.359375,8.987198829650879,1656400
2000-12-29,11.375,11.390625,11.109375,11.234375,8.88830280303955,700800
2001-01-02,11.25,11.3125,10.5625,10.609375,8.393820762634277,1440400
2001-01-03,10.59375,11.9375,10.296875,11.9375,9.44459342956543,4592800
2001-01-04,11.8125,12.375,11.75,12.25,9.69183349609375,4982000
2001-01-05,12.25,12.25,11.9375,12.0,9.494040489196777,2183200
2001-01-08,11.90625,11.96875,11.75,11.9375,9.44459342956543,2312800
2001-01-09,12.0625,12.359375,11.875,11.953125,9.456955909729004,3841600
2001-01-10,11.9375,11.9375,11.5,11.65625,9.222077369689941,3570400
2001-01-11,11.625,12.203125,11.5,12.109375,9.580574989318848,3084000
2001-01-12,12.171875,12.71875,12.140625,12.5,9.889625549316406,3910800
2001-01-16,12.4375,12.609375,12.28125,12.578125,9.951436042785645,3123200
2001-01-17,12.75,13.234375,12.6875,12.984375,10.272849082946777,4386400
2001-01-18,12.984375,13.234375,12.984375,13.203125,10.445916175842285,3046400
2001-01-19,13.375,13.390625,13.015625,13.078125,10.347021102905273,1842000
2001-01-22,13.015625,13.015625,12.890625,12.90625,10.211039543151855,1662800
2001-01-23,12.90625,13.0,12.75,12.953125,10.248124122619629,2698400
2001-01-24,13.015625,13.28125,12.71875,12.75,10.087418556213379,2603600
2001-01-25,12.640625,12.8125,12.375,12.421875,9.827814102172852,2200400
2001-01-26,12.453125,12.671875,12.28125,12.625,9.988521575927734,3069200
2001-01-29,12.4375,13.225000381469727,12.4375,13.074999809265137,10.344550132751465,2307600
2001-01-30,13.125,13.5,13.100000381469727,13.125,10.38410758972168,2104000
2001-01-31,13.087499618530273,13.5625,13.012499809265137,13.375,10.58189868927002,4376400
2001-02-01,13.375,13.3774995803833,13.180000305175781,13.2524995803833,10.484980583190918,2372800
2001-02-02,13.255000114440918,13.300000190734863,13.0,13.0024995803833,10.287190437316895,3045600
2001-02-05,13.0024995803833,13.0024995803833,12.875,12.987500190734863,10.275321960449219,2604000
2001-02-06,13.050000190734863,13.135000228881836,13.0,13.057499885559082,10.330703735351562,849200
2001-02-07,13.057499885559082,13.057499885559082,12.452500343322754,12.552499771118164,9.931161880493164,2929600
2001-02-08,12.5625,12.850000381469727,12.5625,12.75,10.087418556213379,1845600
2001-02-09,12.625,12.677499771118164,12.539999961853027,12.577500343322754,9.950942039489746,1028800
2001-02-12,12.577500343322754,12.875,12.542499542236328,12.65250015258789,10.01027774810791,2330000
2001-02-13,12.65250015258789,12.662500381469727,12.375,12.3774995803833,9.792708396911621,1987200
2001-02-14,12.380000114440918,12.380000114440918,11.75,11.9975004196167,9.492063522338867,5535600
2001-02-15,12.045000076293945,12.1850004196167,11.920000076293945,11.9975004196167,9.492063522338867,2564800
2001-02-16,11.9350004196167,11.962499618530273,11.692500114440918,11.897500038146973,9.412943840026855,1659200
2001-02-20,11.637499809265137,11.829999923706055,11.350000381469727,11.460000038146973,9.06680965423584,2924800
2001-02-21,10.449999809265137,10.6875,9.274999618530273,9.770000457763672,7.72973108291626,19806400
2001-02-22,9.770000457763672,9.875,8.75,9.375,7.417219638824463,17137200
2001-02-23,9.425000190734863,9.675000190734863,9.125,9.505000114440918,7.5200724601745605,7484000
2001-02-26,9.725000381469727,10.100000381469727,9.625,10.007499694824219,7.9176344871521,4695200
2001-02-27,10.0,10.162500381469727,9.875,10.109999656677246,7.998730659484863,3543200
2001-02-28,10.074999809265137,10.25,9.75,9.975000381469727,7.891923427581787,4044400
2001-03-01,9.75,10.287500381469727,9.7475004196167,10.225000381469727,8.089714050292969,3245200
2001-03-02,10.227499961853027,10.300000190734863,10.005000114440918,10.300000190734863,8.149051666259766,5362000
2001-03-05,10.300000190734863,10.399999618530273,10.15250015258789,10.227499961853027,8.091692924499512,1150000
2001-03-06,10.255000114440918,10.425000190734863,10.255000114440918,10.324999809265137,8.168830871582031,2714800
2001-03-07,10.3125,10.412500381469727,10.3125,10.399999618530273,8.228168487548828,2346400
2001-03-08,10.399999618530273,10.399999618530273,10.324999809265137,10.380000114440918,8.212345123291016,1578400
2001-03-09,10.375,10.375,10.1875,10.237500190734863,8.099603652954102,2848400
2001-03-12,9.850000381469727,9.854999542236328,9.375,9.375,7.417219638824463,6165600
2001-03-13,9.5,9.5,9.262499809265137,9.40250015258789,7.438976287841797,4385600
2001-03-14,9.225000381469727,9.4375,9.0649995803833,9.25,7.318323612213135,3518000
2001-03-15,9.3125,9.4375,9.237500190734863,9.25,7.318323612213135,1396800
2001-03-16,9.262499809265137,9.307499885559082,9.1274995803833,9.274999618530273,7.338100910186768,1269600
2001-03-19,9.274999618530273,9.350000381469727,9.132499694824219,9.345000267028809,7.393484115600586,1504800
2001-03-20,9.369999885559082,9.4350004196167,8.75,8.762499809265137,6.932627201080322,1994400
2001-03-21,8.774999618530273,8.824999809265137,8.5625,8.625,6.823842525482178,1938800
2001-03-22,8.399999618530273,8.5,7.947500228881836,8.175000190734863,6.467816352844238,3215600
2001-03-23,8.175000190734863,8.199999809265137,7.882500171661377,8.117500305175781,6.422323703765869,3373600
2001-03-26,8.300000190734863,8.475000381469727,8.300000190734863,8.4399995803833,6.677474498748779,2094800
2001-03-27,8.5,8.755000114440918,8.399999618530273,8.640000343322754,6.8357110023498535,1764000
2001-03-28,8.4375,8.475000381469727,8.364999771118164,8.422499656677246,6.663630485534668,2844800
2001-03-29,8.359999656677246,8.510000228881836,8.225000381469727,8.287500381469727,6.556821823120117,1646400
2001-03-30,8.287500381469727,8.487500190734863,8.164999961853027,8.352499961853027,6.60824728012085,2022000
2001-04-02,8.3149995803833,8.574999809265137,8.3149995803833,8.352499961853027,6.60824728012085,1869200
2001-04-03,8.354999542236328,8.387499809265137,8.024999618530273,8.029999732971191,6.353095531463623,3180800
2001-04-04,8.0,8.175000190734863,7.737500190734863,7.777500152587891,6.153326511383057,3493600
2001-04-05,8.0,8.475000381469727,8.0,8.362500190734863,6.616160869598389,3244400
2001-04-06,8.237500190734863,8.425000190734863,8.119999885559082,8.392499923706055,6.639895439147949,1806000
2001-04-09,8.449999809265137,8.890000343322754,8.449999809265137,8.875,7.021635055541992,3658400
2001-04-10,9.125,9.649999618530273,9.1225004196167,9.335000038146973,7.38557243347168,3518400
2001-04-11,9.335000038146973,9.5625,9.0649995803833,9.170000076293945,7.255031108856201,2899200
2001-04-12,9.175000190734863,9.175000190734863,8.9375,9.15999984741211,7.247116565704346,1323200
2001-04-16,9.149999618530273,9.25,9.050000190734863,9.234999656677246,7.30645751953125,768000
2001-04-17,9.225000381469727,9.487500190734863,9.175000190734863,9.460000038146973,7.484468460083008,2372400
2001-04-18,9.475000381469727,10.3725004196167,9.475000381469727,10.25,8.109493255615234,7255600
2001-04-19,10.225000381469727,10.225000381469727,9.887499809265137,9.9975004196167,7.909722805023193,4325200
2001-04-20,9.949999809265137,9.949999809265137,9.182499885559082,9.225000381469727,7.298544406890869,4836400
2001-04-23,9.192500114440918,9.194999694824219,8.837499618530273,8.912500381469727,7.051304817199707,3215600
2001-04-24,8.912500381469727,9.050000190734863,8.75,8.8100004196167,6.970210075378418,1411200
2001-04-25,8.824999809265137,8.975000381469727,8.40999984741211,8.837499618530273,6.9919657707214355,2109600
2001-04-26,8.949999809265137,9.119999885559082,8.662500381469727,9.012499809265137,7.130419731140137,3744000
2001-04-27,9.012499809265137,9.4350004196167,9.012499809265137,9.350000381469727,7.3974409103393555,3510800
2001-04-30,9.399999618530273,9.510000228881836,9.3125,9.507499694824219,7.522049903869629,2376800
2001-05-01,9.5600004196167,9.587499618530273,9.399999618530273,9.512499809265137,7.526004791259766,506000
2001-05-02,9.75,10.112500190734863,9.4375,9.864999771118164,7.804892539978027,3176000
2001-05-03,9.6875,9.787500381469727,9.574999809265137,9.75,7.713909149169922,1660800
2001-05-04,9.625,9.944999694824219,9.550000190734863,9.925000190734863,7.85236120223999,1336800
2001-05-07,9.862500190734863,10.074999809265137,9.862500190734863,9.9975004196167,7.909722805023193,1466800
2001-05-08,10.0,10.087499618530273,9.649999618530273,9.767499923706055,7.727754592895508,1934800
2001-05-09,9.75,9.8100004196167,9.600000381469727,9.800000190734863,7.7534661293029785,1730400
2001-05-10,9.875,10.085000038146973,9.864999771118164,9.9375,7.862252712249756,2350000
2001-05-11,10.0,10.225000381469727,9.837499618530273,10.082500457763672,7.976975440979004,2230800
2001-05-14,10.125,10.125,9.675000190734863,9.822500228881836,7.771268367767334,1012400
2001-05-15,9.800000190734863,9.824999809265137,9.649999618530273,9.672499656677246,7.65259313583374,858000
2001-05-16,9.672499656677246,9.875,9.5,9.822500228881836,7.771268367767334,2369600
2001-05-17,10.25,11.067500114440918,10.175000190734863,10.9975004196167,8.70089340209961,8546000
2001-05-18,11.0,11.175000190734863,10.862500190734863,10.947500228881836,8.661334037780762,4725600
2001-05-21,11.0,11.170000076293945,10.800000190734863,11.050000190734863,8.74242877960205,2184000
2001-05-22,11.225000381469727,11.449999809265137,11.079999923706055,11.449999809265137,9.058897018432617,2582400
2001-05-23,11.449999809265137,11.75,11.2524995803833,11.335000038146973,8.967912673950195,3932800
2001-05-24,11.574999809265137,11.657500267028809,11.100000381469727,11.397500038146973,9.01736068725586,2365200
2001-05-25,11.350000381469727,11.350000381469727,11.037500381469727,11.055000305175781,8.74638557434082,1003200
2001-05-29,11.055000305175781,11.074999809265137,10.762499809265137,10.850000381469727,8.584197044372559,1074400
2001-05-30,10.850000381469727,10.850000381469727,10.427499771118164,10.484999656677246,8.29542064666748,2125200
2001-05-31,10.529999732971191,10.6225004196167,10.375,10.550000190734863,8.346843719482422,1756400
2001-06-01,10.612500190734863,10.75,10.452500343322754,10.630000114440918,8.410138130187988,1200000
2001-06-04,10.630000114440918,10.649999618530273,10.462499618530273,10.475000381469727,8.287507057189941,1743200
2001-06-05,10.475000381469727,10.725000381469727,10.262499809265137,10.725000381469727,8.485299110412598,2336400
2001-06-06,10.699999809265137,10.875,10.625,10.787500381469727,8.534747123718262,2038800
2001-06-07,10.774999618530273,11.524999618530273,10.762499809265137,11.177499771118164,8.843303680419922,3759200
2001-06-08,11.149999618530273,11.197500228881836,11.112500190734863,11.177499771118164,8.843303680419922,922800
2001-06-11,11.180000305175781,11.197500228881836,11.074999809265137,11.112500190734863,8.791878700256348,1185600
2001-06-12,10.949999809265137,10.949999809265137,10.625,10.725000381469727,8.485299110412598,2614400
2001-06-13,10.7475004196167,10.8125,10.470000267028809,10.47249984741211,8.285529136657715,1994400
2001-06-14,10.449999809265137,10.449999809265137,10.1875,10.212499618530273,8.079825401306152,1306400
2001-06-15,10.212499618530273,10.2475004196167,9.975000381469727,10.050000190734863,7.951258659362793,1006400
2001-06-18,10.0,10.0,9.399999618530273,9.447500228881836,7.474579334259033,3121600
2001-06-19,9.512499809265137,9.7475004196167,9.477499961853027,9.675000190734863,7.654571056365967,4713600
2001-06-20,9.625,9.885000228881836,9.625,9.850000381469727,7.793027877807617,1858000
2001-06-21,9.850000381469727,10.0,9.787500381469727,9.862500190734863,7.802917003631592,1891600
2001-06-22,9.862500190734863,10.0,9.862500190734863,9.917499542236328,7.846429347991943,789600
2001-06-25,9.917499542236328,10.005000114440918,9.899999618530273,9.975000381469727,7.891923427581787,947200
2001-06-26,9.949999809265137,10.095000267028809,9.875,10.0024995803833,7.913679599761963,1690400
2001-06-27,9.949999809265137,10.015000343322754,9.672499656677246,9.975000381469727,7.891923427581787,2139600
2001-06-28,9.975000381469727,10.095000267028809,9.755000114440918,9.772500038146973,7.731711387634277,1537600
2001-06-29,9.835000038146973,10.119999885559082,9.8149995803833,10.0024995803833,7.913679599761963,1176800
2001-07-02,10.024999618530273,10.072500228881836,9.977499961853027,10.020000457763672,7.927525043487549,1662800
2001-07-03,10.050000190734863,10.25,9.987500190734863,10.229999542236328,8.093668937683105,1066800
2001-07-05,10.229999542236328,10.305000305175781,9.824999809265137,9.899999618530273,7.832583904266357,1524000
2001-07-06,9.899999618530273,9.925000190734863,9.612500190734863,9.75,7.713909149169922,1681600
2001-07-09,9.75,10.074999809265137,9.75,10.0024995803833,7.913679599761963,2072800
2001-07-10,10.0024995803833,10.227499961853027,10.0024995803833,10.175000190734863,8.050155639648438,4043200
2001-07-11,9.800000190734863,9.949999809265137,9.425000190734863,9.5,7.516114711761475,4334800
2001-07-12,9.5625,9.5625,8.875,9.109999656677246,7.2075605392456055,8974800
2001-07-13,9.25,9.3100004196167,9.182499885559082,9.287500381469727,7.34799337387085,2214000
2001-07-16,9.28499984741211,9.6225004196167,9.28499984741211,9.52750015258789,7.537874221801758,4342800
2001-07-17,9.529999732971191,9.65999984741211,9.5,9.642499923706055,7.628857612609863,2465200
2001-07-18,9.642499923706055,9.699999809265137,9.5,9.532500267028809,7.541829586029053,2082400
2001-07-19,9.532500267028809,9.6850004196167,9.532500267028809,9.662500381469727,7.644680500030518,830000
2001-07-20,9.662500381469727,9.670000076293945,9.587499618530273,9.670000076293945,7.650614261627197,533200
2001-07-23,9.662500381469727,9.725000381469727,9.662500381469727,9.704999923706055,7.678304672241211,1085200
2001-07-24,9.704999923706055,9.704999923706055,9.305000305175781,9.324999809265137,7.377660274505615,2164400
2001-07-25,9.335000038146973,9.5,9.335000038146973,9.479999542236328,7.500292778015137,710000
2001-07-26,9.5024995803833,9.737500190734863,9.5024995803833,9.712499618530273,7.684239864349365,3022800
2001-07-27,9.75,9.897500038146973,9.6875,9.760000228881836,7.7218194007873535,3219600
2001-07-30,9.77750015258789,9.975000381469727,9.77750015258789,9.817500114440918,7.767312049865723,2185200
2001-07-31,9.824999809265137,9.920000076293945,9.774999618530273,9.774999618530273,7.733686923980713,1584000
2001-08-01,9.899999618530273,9.982500076293945,9.800000190734863,9.824999809265137,7.773245334625244,2750800
2001-08-02,9.9375,10.119999885559082,9.9375,10.077500343322754,7.973017692565918,3156000
2001-08-03,10.100000381469727,10.407500267028809,10.100000381469727,10.332500457763672,8.174762725830078,2075200
2001-08-06,10.335000038146973,10.494999885559082,10.335000038146973,10.462499618530273,8.277616500854492,2647200
2001-08-07,10.462499618530273,10.699999809265137,10.449999809265137,10.662500381469727,8.435853004455566,2120400
2001-08-08,10.662500381469727,10.662500381469727,10.487500190734863,10.569999694824219,8.36266803741455,1922000
2001-08-09,10.507499694824219,10.585000038146973,10.375,10.412500381469727,8.23806095123291,1551600
2001-08-10,10.425000190734863,10.4975004196167,10.225000381469727,10.387499809265137,8.218278884887695,1428400
2001-08-13,10.390000343322754,10.662500381469727,10.390000343322754,10.600000381469727,8.386404037475586,1235600
2001-08-14,10.59749984741211,10.774999618530273,10.350000381469727,10.375,8.208390235900879,1880800
2001-08-15,10.375,10.399999618530273,10.005000114440918,10.007499694824219,7.9176344871521,3214400
2001-08-16,10.007499694824219,10.007499694824219,9.5,9.614999771118164,7.607099533081055,5892800
2001-08-17,9.552499771118164,9.552499771118164,9.204999923706055,9.335000038146973,7.38557243347168,4110400
2001-08-20,9.335000038146973,9.399999618530273,8.9375,9.0,7.120528697967529,14440000
2001-08-21,9.112500190734863,9.25,9.037500381469727,9.050000190734863,7.160089015960693,6559200
2001-08-22,9.087499618530273,9.279999732971191,9.087499618530273,9.262499809265137,7.328212738037109,3537200
2001-08-23,9.262499809265137,9.300000190734863,9.050000190734863,9.069999694824219,7.175912857055664,1215200
2001-08-24,9.074999809265137,9.427499771118164,9.0600004196167,9.425000190734863,7.456779479980469,2736800
2001-08-27,9.487500190734863,9.662500381469727,9.452500343322754,9.602499961853027,7.597209930419922,2111200
2001-08-28,9.600000381469727,9.600000381469727,9.324999809265137,9.362500190734863,7.407330513000488,1666000
2001-08-29,9.4375,9.475000381469727,9.337499618530273,9.342499732971191,7.391507148742676,762800
2001-08-30,9.342499732971191,9.354999542236328,9.052499771118164,9.1274995803833,7.221405029296875,1930000
2001-08-31,9.100000381469727,9.25,9.024999618530273,9.125,7.219427108764648,1502800
2001-09-04,9.125,9.3125,8.975000381469727,9.125,7.219427108764648,1171600
2001-09-05,9.1274995803833,9.1274995803833,8.729999542236328,8.862500190734863,7.011744499206543,2583200
2001-09-06,8.787500381469727,8.789999961853027,8.25,8.274999618530273,6.546931743621826,4152400
2001-09-07,8.212499618530273,8.4375,8.024999618530273,8.087499618530273,6.398587703704834,2373600
2001-09-10,7.900000095367432,8.350000381469727,7.889999866485596,8.287500381469727,6.556821823120117,2048400
2001-09-17,7.25,7.625,7.025000095367432,7.199999809265137,5.696425437927246,3675600
2001-09-18,7.199999809265137,7.25,6.627500057220459,6.707499980926514,5.3067731857299805,3253600
2001-09-19,6.875,7.074999809265137,6.650000095367432,7.025000095367432,5.55797004699707,5318400
2001-09-20,6.875,6.974999904632568,6.75,6.787499904632568,5.3700666427612305,3428000
2001-09-21,6.625,6.875,6.550000190734863,6.762499809265137,5.350286960601807,3582800
2001-09-24,6.875,7.177499771118164,6.875,7.077499866485596,5.599506378173828,3056000
2001-09-25,7.074999809265137,7.125,6.822500228881836,6.824999809265137,5.399735450744629,1885200
2001-09-26,6.800000190734863,7.122499942779541,6.800000190734863,6.977499961853027,5.520389080047607,1718000
2001-09-27,7.0,7.0,6.5625,6.787499904632568,5.3700666427612305,3135200
2001-09-28,7.037499904632568,7.320000171661377,6.942500114440918,7.175000190734863,5.676645278930664,2382000
2001-10-01,7.25,7.400000095367432,7.067500114440918,7.277500152587891,5.757740497589111,1180400
2001-10-02,7.277500152587891,7.300000190734863,6.940000057220459,7.099999904632568,5.617307186126709,1504400
2001-10-03,7.137499809265137,7.237500190734863,6.949999809265137,7.150000095367432,5.656866073608398,1546000
2001-10-04,7.287499904632568,7.4375,7.137499809265137,7.244999885559082,5.732027530670166,3586800
2001-10-05,7.099999904632568,7.275000095367432,7.0,7.232500076293945,5.722136974334717,964400
2001-10-08,7.170000076293945,7.170000076293945,7.074999809265137,7.099999904632568,5.617307186126709,951200
2001-10-09,7.112500190734863,7.349999904632568,7.112500190734863,7.202499866485596,5.698402404785156,1548800
2001-10-10,7.212500095367432,7.6875,7.150000095367432,7.664999961853027,6.0643181800842285,2041600
2001-10-11,7.682499885559082,8.300000190734863,7.682499885559082,8.114999771118164,6.420344829559326,2986800
2001-10-12,8.175000190734863,8.300000190734863,7.880000114440918,8.300000190734863,6.566712379455566,3208400
2001-10-15,8.262499809265137,8.387499809265137,8.074999809265137,8.074999809265137,6.388698101043701,2062800
2001-10-16,8.012499809265137,8.1225004196167,7.840000152587891,7.9375,6.279911518096924,2013600
2001-10-17,8.125,8.125,7.5625,7.610000133514404,6.020804405212402,3741600
2001-10-18,7.619999885559082,7.619999885559082,7.400000095367432,7.449999809265137,5.894216537475586,2808000
2001-10-19,7.5,7.724999904632568,7.349999904632568,7.659999847412109,6.060362815856934,2435200
2001-10-22,7.637499809265137,8.0,7.587500095367432,7.954999923706055,6.293758392333984,8138400
2001-10-23,7.980000019073486,8.037500381469727,7.614999771118164,7.962500095367432,6.299691200256348,2812000
2001-10-24,7.962500095367432,8.087499618530273,7.837500095367432,7.960000038146973,6.2977142333984375,2035200
2001-10-25,7.875,8.0,7.724999904632568,7.972499847412109,6.307602882385254,1404400
2001-10-26,7.972499847412109,8.154999732971191,7.875,8.102499961853027,6.41045618057251,1601200
2001-10-29,8.039999961853027,8.100000381469727,7.75,7.900000095367432,6.250243186950684,1212800
2001-10-30,7.775000095367432,7.777500152587891,7.5,7.574999809265137,5.993113994598389,1252800
2001-10-31,7.662499904632568,7.800000190734863,7.602499961853027,7.612500190734863,6.0227837562561035,1132400
2001-11-01,7.637499809265137,7.832499980926514,7.574999809265137,7.789999961853027,6.163215160369873,1517600
2001-11-02,7.775000095367432,8.112500190734863,7.75,8.015000343322754,6.34122896194458,1768800
2001-11-05,8.220000267028809,8.375,8.125,8.300000190734863,6.566712379455566,2087200
2001-11-06,8.362500190734863,8.59000015258789,8.337499618530273,8.5625,6.774393558502197,2943200
2001-11-07,8.449999809265137,8.550000190734863,8.412500381469727,8.522500038146973,6.7427473068237305,2358400
2001-11-08,8.587499618530273,8.869999885559082,8.582500457763672,8.807499885559082,6.9682297706604,2660400
2001-11-09,8.787500381469727,8.789999961853027,8.447500228881836,8.585000038146973,6.792195796966553,2447200
2001-11-12,8.587499618530273,8.587499618530273,8.387499809265137,8.470000267028809,6.7012104988098145,1180400
2001-11-13,8.5625,8.712499618530273,8.515000343322754,8.697500228881836,6.881202220916748,1917200
2001-11-14,8.850000381469727,9.0,8.84000015258789,8.930000305175781,7.065150260925293,1799200
2001-11-15,8.899999618530273,9.050000190734863,8.8125,8.9350004196167,7.06910514831543,1851600
2001-11-16,8.9350004196167,8.9350004196167,8.702500343322754,8.7524995803833,6.924715518951416,2034800
2001-11-19,8.7524995803833,8.84000015258789,8.75,8.800000190734863,6.962296009063721,1887600
2001-11-20,8.837499618530273,8.837499618530273,8.600000381469727,8.699999809265137,6.883179664611816,1102000
2001-11-21,8.637499809265137,8.8100004196167,8.555000305175781,8.77750015258789,6.94449520111084,834000
2001-11-23,8.762499809265137,8.819999694824219,8.725000381469727,8.817500114440918,6.9761433601379395,727200
2001-11-26,8.842499732971191,8.967499732971191,8.837499618530273,8.925000190734863,7.061192512512207,1817600
2001-11-27,8.975000381469727,9.300000190734863,8.869999885559082,9.175000190734863,7.258986949920654,2018000
2001-11-28,9.125,9.274999618530273,8.8125,8.835000038146973,6.989986896514893,1848400
2001-11-29,8.875,8.987500190734863,8.712499618530273,8.824999809265137,6.9820756912231445,2177200
2001-11-30,8.824999809265137,8.824999809265137,8.662500381469727,8.675000190734863,6.863399982452393,985200
2001-12-03,8.645000457763672,8.979999542236328,8.600000381469727,8.90250015258789,7.043391704559326,1409600
2001-12-04,8.90250015258789,9.204999923706055,8.862500190734863,9.1899995803833,7.270853519439697,2378800
2001-12-05,9.140000343322754,9.404999732971191,9.137499809265137,9.40250015258789,7.438976287841797,2156400
2001-12-06,9.350000381469727,9.899999618530273,9.350000381469727,9.822500228881836,7.771268367767334,3967600
2001-12-07,9.797499656677246,9.90250015258789,9.712499618530273,9.84000015258789,7.785114765167236,2386000
2001-12-10,9.8125,9.850000381469727,9.609999656677246,9.625,7.615011692047119,2531600
2001-12-11,9.649999618530273,9.737500190734863,9.600000381469727,9.649999618530273,7.634790897369385,1476000
2001-12-12,9.5,9.595000267028809,9.449999809265137,9.512499809265137,7.526004791259766,1116000
2001-12-13,9.512499809265137,9.512499809265137,9.3125,9.364999771118164,7.409307479858398,782800
2001-12-14,9.350000381469727,9.512499809265137,9.350000381469727,9.475000381469727,7.496337413787842,1161200
2001-12-17,9.425000190734863,9.6850004196167,9.425000190734863,9.637499809265137,7.624901294708252,2118800
2001-12-18,9.637499809265137,9.982500076293945,9.637499809265137,9.949999809265137,7.872140407562256,2250400
2001-12-19,9.952500343322754,10.119999885559082,9.755000114440918,10.0649995803833,7.9631266593933105,3587200
2001-12-20,10.074999809265137,10.550000190734863,10.074999809265137,10.475000381469727,8.287507057189941,4056800
2001-12-21,10.477499961853027,10.72249984741211,10.375,10.702500343322754,8.467498779296875,2452400
2001-12-24,10.537500381469727,10.792499542236328,10.537500381469727,10.697500228881836,8.463541984558105,515200
2001-12-26,10.697500228881836,10.774999618530273,10.4975004196167,10.524999618530273,8.327066421508789,1024800
2001-12-27,10.52750015258789,10.800000190734863,10.52750015258789,10.732500076293945,8.491231918334961,1238400
2001-12-28,10.875,10.925000190734863,10.8125,10.864999771118164,8.596061706542969,1082400
2001-12-31,10.890000343322754,10.890000343322754,10.6875,10.795000076293945,8.540681838989258,537200
2002-01-02,10.795000076293945,10.795000076293945,10.524999618530273,10.572500228881836,8.364645004272461,849600
2002-01-03,10.512499809265137,10.787500381469727,10.512499809265137,10.742500305175781,8.499146461486816,2027600
2002-01-04,10.774999618530273,10.90999984741211,10.774999618530273,10.890000343322754,8.6158447265625,1848400
2002-01-07,10.892499923706055,10.917499542236328,10.600000381469727,10.6274995803833,8.408161163330078,2385600
2002-01-08,10.5649995803833,10.774999618530273,10.5,10.75,8.50507926940918,2658400
2002-01-09,10.800000190734863,11.024999618530273,10.800000190734863,10.90250015258789,8.625732421875,1800800
2002-01-10,10.850000381469727,10.887499809265137,10.59749984741211,10.59749984741211,8.384427070617676,1972800
2002-01-11,10.649999618530273,10.697500228881836,10.399999618530273,10.452500343322754,8.269706726074219,1337600
2002-01-14,10.300000190734863,10.425000190734863,10.300000190734863,10.380000114440918,8.212345123291016,1356800
2002-01-15,10.462499618530273,10.800000190734863,10.4375,10.77750015258789,8.526835441589355,2384800
2002-01-16,10.800000190734863,10.949999809265137,10.699999809265137,10.75,8.50507926940918,2240800
2002-01-17,10.887499809265137,11.050000190734863,10.875,10.984999656677246,8.69100284576416,4153600
2002-01-18,10.987500190734863,11.125,10.952500343322754,11.074999809265137,8.762208938598633,3528400
2002-01-22,11.25,11.25,10.774999618530273,10.805000305175781,8.548592567443848,2720000
2002-01-23,10.807499885559082,11.3125,10.807499885559082,11.307499885559082,8.946155548095703,2056000
2002-01-24,11.307499885559082,11.75,11.307499885559082,11.510000228881836,9.106366157531738,3346800
2002-01-25,11.510000228881836,11.537500381469727,11.3125,11.5,9.098457336425781,2717600
2002-01-28,11.524999618530273,11.649999618530273,11.475000381469727,11.537500381469727,9.128125190734863,2799200
2002-01-29,11.537500381469727,11.574999809265137,11.202500343322754,11.262499809265137,8.910553932189941,3492400
2002-01-30,11.267499923706055,11.289999961853027,10.8125,11.012499809265137,8.712760925292969,4179600
2002-01-31,10.987500190734863,11.272500038146973,10.925000190734863,11.149999618530273,8.82154655456543,1844000
2002-02-01,11.182499885559082,11.272500038146973,11.047499656677246,11.074999809265137,8.762208938598633,1942000
2002-02-04,11.037500381469727,11.072500228881836,11.0024995803833,11.015000343322754,8.714739799499512,1143200
2002-02-05,11.015000343322754,11.162500381469727,10.702500343322754,10.742500305175781,8.499146461486816,1815600
2002-02-06,10.787500381469727,10.9350004196167,10.662500381469727,10.837499618530273,8.574308395385742,1975200
2002-02-07,10.84000015258789,11.087499618530273,10.8149995803833,10.895000457763672,8.619797706604004,2332000
2002-02-08,10.862500190734863,10.867500305175781,10.1875,10.300000190734863,8.149051666259766,9003200
2002-02-11,10.300000190734863,10.537500381469727,10.167499542236328,10.395000457763672,8.224214553833008,3084800
2002-02-12,10.337499618530273,10.6875,10.1875,10.6875,8.455629348754883,2077200
2002-02-13,10.6875,10.6875,10.427499771118164,10.625,8.406182289123535,1739600
2002-02-14,10.649999618530273,10.8100004196167,10.442500114440918,10.452500343322754,8.269706726074219,1672400
2002-02-15,10.512499809265137,10.595000267028809,10.350000381469727,10.574999809265137,8.366622924804688,1008800
2002-02-19,10.475000381469727,10.537500381469727,10.412500381469727,10.417499542236328,8.24201488494873,2539200
2002-02-20,10.414999961853027,10.417499542236328,9.8149995803833,9.892499923706055,7.8266496658325195,6918400
2002-02-21,9.892499923706055,9.994999885559082,9.774999618530273,9.807499885559082,7.759401321411133,4911600
2002-02-22,9.774999618530273,9.912500381469727,9.324999809265137,9.600000381469727,7.5952348709106445,5604400
2002-02-25,9.574999809265137,9.949999809265137,9.574999809265137,9.949999809265137,7.872140407562256,2890800
2002-02-26,10.024999618530273,10.274999618530273,9.952500343322754,10.192500114440918,8.06400203704834,3892400
2002-02-27,10.4375,10.770000457763672,10.425000190734863,10.739999771118164,8.497166633605957,3948000
2002-02-28,10.837499618530273,10.9975004196167,10.717499732971191,10.774999618530273,8.524857521057129,3184800
2002-03-01,10.875,11.147500038146973,10.850000381469727,11.104999542236328,8.785944938659668,2894400
2002-03-04,11.154999732971191,11.364999771118164,11.012499809265137,11.25,8.900663375854492,2259200
2002-03-05,11.2524995803833,11.600000381469727,11.25,11.3149995803833,8.9520902633667,3700800
2002-03-06,11.375,11.59000015258789,11.3149995803833,11.537500381469727,9.128125190734863,2276000
2002-03-07,11.539999961853027,11.600000381469727,11.274999618530273,11.300000190734863,8.940221786499023,2574400
2002-03-08,11.425000190734863,11.822500228881836,11.425000190734863,11.755000114440918,9.30020523071289,1823200
2002-03-11,11.734999656677246,11.734999656677246,11.574999809265137,11.6225004196167,9.195375442504883,1143200
2002-03-12,11.574999809265137,11.600000381469727,11.387499809265137,11.529999732971191,9.1221923828125,1513200
2002-03-13,11.587499618530273,11.680000305175781,11.447500228881836,11.462499618530273,9.06878662109375,1207200
2002-03-14,11.274999618530273,11.512499809265137,11.274999618530273,11.34749984741211,8.977801322937012,1152400
2002-03-15,11.3725004196167,11.662500381469727,11.3725004196167,11.600000381469727,9.177572250366211,1323200
2002-03-18,11.725000381469727,12.0649995803833,11.720000267028809,12.0024995803833,9.496018409729004,2528400
2002-03-19,12.100000381469727,12.272500038146973,11.987500190734863,12.130000114440918,9.596893310546875,1609600
2002-03-20,12.107500076293945,12.107500076293945,11.725000381469727,11.744999885559082,9.292291641235352,1648000
2002-03-21,11.770000457763672,11.892499923706055,11.6875,11.824999809265137,9.35558795928955,746800
2002-03-22,11.737500190734863,12.017499923706055,11.725000381469727,11.8125,9.345697402954102,1529600
2002-03-25,11.8125,11.975000381469727,11.717499732971191,11.802499771118164,9.337786674499512,592800
2002-03-26,11.75,12.0,11.725000381469727,11.824999809265137,9.35558795928955,2582400
2002-03-27,11.850000381469727,12.0,11.75,11.9975004196167,9.492063522338867,1012000
2002-03-28,11.949999809265137,12.199999809265137,11.949999809265137,12.1274995803833,9.594914436340332,564000
2002-04-01,12.1274995803833,12.1274995803833,11.9375,11.970000267028809,9.470306396484375,1793200
2002-04-02,11.920000076293945,11.922499656677246,11.645000457763672,11.677499771118164,9.238889694213867,1809600
2002-04-03,11.6899995803833,11.737500190734863,11.387499809265137,11.395000457763672,9.015382766723633,3224000
2002-04-04,11.395000457763672,11.550000190734863,11.324999809265137,11.5024995803833,9.100434303283691,1136400
2002-04-05,11.5024995803833,11.712499618530273,11.457500457763672,11.712499618530273,9.26657772064209,1379600
2002-04-08,11.574999809265137,11.649999618530273,11.5024995803833,11.59749984741211,9.1755952835083,778000
2002-04-09,11.625,11.625,11.3774995803833,11.604999542236328,9.181527137756348,2018800
2002-04-10,11.662500381469727,11.9375,11.645000457763672,11.882499694824219,9.401080131530762,2737200
2002-04-11,11.907500267028809,12.119999885559082,11.907500267028809,11.967499732971191,9.468327522277832,3977600
2002-04-12,12.024999618530273,12.087499618530273,11.947500228881836,12.0,9.494040489196777,2510400
2002-04-15,11.967499732971191,12.125,11.967499732971191,12.010000228881836,9.501953125,1196000
2002-04-16,12.175000190734863,12.237500190734863,12.119999885559082,12.162500381469727,9.622605323791504,2085600
2002-04-17,12.149999618530273,12.194999694824219,12.0024995803833,12.055000305175781,9.537554740905762,1442800
2002-04-18,12.079999923706055,12.192500114440918,11.8774995803833,11.9375,9.44459342956543,1354800
2002-04-19,11.962499618530273,12.024999618530273,11.8725004196167,11.975000381469727,9.474260330200195,1309600
2002-04-22,11.899999618530273,11.90250015258789,11.765000343322754,11.824999809265137,9.35558795928955,1965600
2002-04-23,11.827500343322754,11.829999923706055,11.662500381469727,11.712499618530273,9.26657772064209,1904000
2002-04-24,11.649999618530273,11.899999618530273,11.649999618530273,11.739999771118164,9.288336753845215,1469600
2002-04-25,11.677499771118164,11.677499771118164,11.397500038146973,11.47249984741211,9.076699256896973,1838400
2002-04-26,11.5625,11.577500343322754,11.380000114440918,11.449999809265137,9.058897018432617,1379200
2002-04-29,11.512499809265137,11.512499809265137,11.024999618530273,11.199999809265137,8.861104011535645,1417200
2002-04-30,11.137499809265137,11.3774995803833,11.137499809265137,11.300000190734863,8.940221786499023,1186000
2002-05-01,11.300000190734863,11.300000190734863,11.125,11.232500076293945,8.886817932128906,1005200
2002-05-02,11.244999885559082,11.412500381469727,11.162500381469727,11.199999809265137,8.861104011535645,1501600
2002-05-03,11.175000190734863,11.177499771118164,11.024999618530273,11.175000190734863,8.841324806213379,1157600
2002-05-06,11.199999809265137,11.212499618530273,11.037500381469727,11.047499656677246,8.74045181274414,720800
2002-05-07,11.0,11.074999809265137,10.727499961853027,10.795000076293945,8.540681838989258,3163600
2002-05-08,10.850000381469727,11.1225004196167,10.829999923706055,11.0625,8.752317428588867,4163600
2002-05-09,11.024999618530273,11.037500381469727,10.84749984741211,10.864999771118164,8.596061706542969,1600800
2002-05-10,10.850000381469727,10.852499961853027,10.532500267028809,10.600000381469727,8.386404037475586,2534400
2002-05-13,10.600000381469727,10.725000381469727,10.417499542236328,10.53499984741211,8.334975242614746,1718000
2002-05-14,10.574999809265137,10.675000190734863,10.574999809265137,10.609999656677246,8.39431381225586,2786400
2002-05-15,10.547499656677246,11.045000076293945,10.442500114440918,10.957500457763672,8.669245719909668,4500000
2002-05-16,11.020000457763672,11.102499961853027,10.862500190734863,10.9975004196167,8.70089340209961,1709200
2002-05-17,10.987500190734863,11.175000190734863,10.862500190734863,10.899999618530273,8.62375259399414,2034000
2002-05-20,10.912500381469727,10.952500343322754,10.75,10.779999732971191,8.528813362121582,1298000
2002-05-21,10.862500190734863,10.949999809265137,10.630000114440918,10.697500228881836,8.463541984558105,1376000
2002-05-22,10.692500114440918,10.742500305175781,10.512499809265137,10.612500190734863,8.396291732788086,1008400
2002-05-23,10.637499809265137,10.734999656677246,10.537500381469727,10.675000190734863,8.445740699768066,1308800
2002-05-24,10.675000190734863,10.829999923706055,10.675000190734863,10.77750015258789,8.526835441589355,1376400
2002-05-28,10.77750015258789,10.800000190734863,10.72249984741211,10.772500038146973,8.522882461547852,1874400
2002-05-29,10.75,10.762499809265137,10.452500343322754,10.489999771118164,8.299375534057617,1324800
2002-05-30,10.4375,10.4399995803833,10.104999542236328,10.274999618530273,8.129273414611816,1763600
2002-05-31,10.27750015258789,10.529999732971191,10.27750015258789,10.487500190734863,8.297395706176758,2550000
2002-06-03,10.425000190734863,10.600000381469727,10.25,10.282500267028809,8.13520622253418,1436800
2002-06-04,10.25,10.257499694824219,10.052499771118164,10.125,8.01059627532959,3108000
2002-06-05,10.125,10.300000190734863,10.085000038146973,10.1875,8.060044288635254,953600
2002-06-06,10.1899995803833,10.1899995803833,9.850000381469727,9.875,7.812806129455566,1578400
2002-06-07,9.875,10.220000267028809,9.744999885559082,10.130000114440918,8.014552116394043,1555600
2002-06-10,10.1875,10.1875,10.012499809265137,10.074999809265137,7.971037864685059,1891600
2002-06-11,10.074999809265137,10.274999618530273,9.949999809265137,9.949999809265137,7.872140407562256,2042000
2002-06-12,9.962499618530273,9.975000381469727,9.592499732971191,9.699999809265137,7.674350261688232,3444800
2002-06-13,9.699999809265137,10.262499809265137,9.6875,10.095000267028809,7.986862659454346,2837600
2002-06-14,10.095000267028809,10.302499771118164,9.96500015258789,10.1850004196167,8.058069229125977,2661600
2002-06-17,10.2475004196167,10.3725004196167,10.212499618530273,10.225000381469727,8.089714050292969,2214800
2002-06-18,10.225000381469727,10.380000114440918,10.225000381469727,10.274999618530273,8.129273414611816,4387200
2002-06-19,10.2475004196167,10.5600004196167,10.125,10.137499809265137,8.020487785339355,3630800
2002-06-20,10.137499809265137,10.242500305175781,9.8149995803833,9.854999542236328,7.796980381011963,2340400
2002-06-21,9.875,9.875,9.462499618530273,9.512499809265137,7.526004791259766,3088000
2002-06-24,9.5024995803833,9.5625,9.3149995803833,9.412500381469727,7.446890354156494,2380400
2002-06-25,9.442500114440918,9.574999809265137,9.225000381469727,9.350000381469727,7.3974409103393555,2345600
2002-06-26,9.3125,9.3125,8.797499656677246,8.9975004196167,7.118554592132568,3782000
2002-06-27,9.100000381469727,9.399999618530273,9.087499618530273,9.262499809265137,7.328212738037109,3610000
2002-06-28,9.274999618530273,9.600000381469727,9.274999618530273,9.345000267028809,7.393484115600586,1288400
2002-07-01,9.362500190734863,9.404999732971191,9.024999618530273,9.140000343322754,7.231295585632324,2867200
2002-07-02,9.140000343322754,9.140000343322754,8.712499618530273,8.895000457763672,7.037459373474121,3904000
2002-07-03,8.912500381469727,9.0,8.632499694824219,8.922499656677246,7.059215068817139,1895600
2002-07-05,8.984999656677246,9.300000190734863,8.984999656677246,9.225000381469727,7.298544406890869,1961200
2002-07-08,9.324999809265137,9.375,9.145000457763672,9.25,7.318323612213135,3048400
2002-07-09,9.25,9.447500228881836,8.952500343322754,8.984999656677246,7.108663558959961,1284000
2002-07-10,9.047499656677246,9.047499656677246,8.707500457763672,8.7475004196167,6.920760631561279,1768800
2002-07-11,8.75,8.947500228881836,8.522500038146973,8.9375,7.0710835456848145,1795600
2002-07-12,8.9375,9.2475004196167,8.912500381469727,9.050000190734863,7.160089015960693,1119600
2002-07-15,9.067500114440918,9.130000114440918,8.795000076293945,9.130000114440918,7.223382949829102,1674800
2002-07-16,9.050000190734863,9.212499618530273,8.7524995803833,8.770000457763672,6.938561916351318,2079600
2002-07-17,8.925000190734863,9.029999732971191,8.774999618530273,8.899999618530273,7.041412830352783,2112800
2002-07-18,8.899999618530273,9.199999809265137,8.850000381469727,8.979999542236328,7.10470724105835,1223600
2002-07-19,8.949999809265137,8.975000381469727,8.725000381469727,8.737500190734863,6.912849426269531,1352800
2002-07-22,8.737500190734863,8.8774995803833,8.427499771118164,8.5024995803833,6.726922988891602,1738400
2002-07-23,8.537500381469727,8.612500190734863,7.90500020980835,8.012499809265137,6.3392510414123535,2688000
2002-07-24,7.625,8.3725004196167,7.614999771118164,8.337499618530273,6.596380233764648,3364000
2002-07-25,8.337499618530273,8.362500190734863,7.400000095367432,7.650000095367432,6.052451133728027,4637600
2002-07-26,7.659999847412109,7.675000190734863,7.087500095367432,7.275000095367432,5.755762100219727,4508000
2002-07-29,7.400000095367432,7.837500095367432,7.400000095367432,7.817500114440918,6.184971809387207,4413600
2002-07-30,7.762499809265137,8.037500381469727,7.550000190734863,7.697500228881836,6.090031623840332,3586800
2002-07-31,7.699999809265137,7.710000038146973,7.5625,7.5625,5.983223915100098,3656800
2002-08-01,7.525000095367432,7.525000095367432,7.119999885559082,7.162499904632568,5.666755676269531,4368800
2002-08-02,7.175000190734863,7.25,6.570000171661377,6.722499847412109,5.318641662597656,6485200
2002-08-05,6.732500076293945,6.757500171661377,6.375,6.375,5.0437092781066895,2624000
2002-08-06,6.675000190734863,7.045000076293945,6.675000190734863,6.925000190734863,5.478853225708008,2056000
2002-08-07,7.1875,7.1875,6.769999980926514,7.017499923706055,5.552036285400391,2044000
2002-08-08,6.849999904632568,7.337500095367432,6.699999809265137,7.317500114440918,5.7893877029418945,3704400
2002-08-09,7.125,7.170000076293945,7.0625,7.125,5.637086868286133,2300800
2002-08-12,7.0625,7.425000190734863,7.0,7.237500190734863,5.726093292236328,2203600
2002-08-13,7.239999771118164,7.400000095367432,7.079999923706055,7.09499979019165,5.613351345062256,2386800
2002-08-14,7.150000095367432,7.474999904632568,7.050000190734863,7.46750020980835,5.90806245803833,3340000
2002-08-15,7.525000095367432,8.024999618530273,7.449999809265137,8.005000114440918,6.333317279815674,3174800
2002-08-16,7.987500190734863,8.362500190734863,7.795000076293945,8.25,6.527153968811035,2863600
2002-08-19,8.287500381469727,8.462499618530273,8.257499694824219,8.427499771118164,6.667586326599121,3341200
2002-08-20,8.362500190734863,8.362500190734863,7.952499866485596,8.050000190734863,6.368919372558594,2395200
2002-08-21,8.112500190734863,8.524999618530273,8.112500190734863,8.524999618530273,6.744724750518799,1808000
2002-08-22,8.412500381469727,8.484999656677246,8.149999618530273,8.354999542236328,6.610227108001709,2004800
2002-08-23,8.300000190734863,8.302499771118164,7.972499847412109,7.972499847412109,6.307602882385254,1612400
2002-08-26,7.987500190734863,8.482500076293945,7.987500190734863,8.475000381469727,6.7051682472229,1293200
2002-08-27,8.512499809265137,8.5625,8.050000190734863,8.107500076293945,6.414410591125488,1612000
2002-08-28,8.050000190734863,8.050000190734863,7.639999866485596,7.699999809265137,6.092009544372559,3186000
2002-08-29,7.5,8.0,7.440000057220459,7.987500190734863,6.31947135925293,2759600
2002-08-30,7.96750020980835,8.149999618530273,7.824999809265137,7.934999942779541,6.277934551239014,1270800
2002-09-03,7.650000095367432,7.650000095367432,7.525000095367432,7.53000020980835,5.957511901855469,1861600
2002-09-04,7.537499904632568,7.565000057220459,7.170000076293945,7.46750020980835,5.90806245803833,3154000
2002-09-05,7.412499904632568,7.412499904632568,7.139999866485596,7.150000095367432,5.656866073608398,1780000
2002-09-06,7.212500095367432,7.59250020980835,7.212500095367432,7.525000095367432,5.953555583953857,1677200
2002-09-09,7.487500190734863,7.664999961853027,7.369999885559082,7.525000095367432,5.953555583953857,870800
2002-09-10,7.599999904632568,7.767499923706055,7.537499904632568,7.724999904632568,6.111788272857666,1162800
2002-09-11,7.787499904632568,7.875,7.704999923706055,7.712500095367432,6.101899147033691,466000
2002-09-12,7.712500095367432,7.712500095367432,7.442500114440918,7.487500190734863,5.923886775970459,1570400
2002-09-13,7.4375,7.452499866485596,7.362500190734863,7.400000095367432,5.854658126831055,1455600
2002-09-16,7.400000095367432,7.4375,7.237500190734863,7.327499866485596,5.797298431396484,880400
2002-09-17,7.4375,7.474999904632568,7.21999979019165,7.25,5.735982418060303,1259600
2002-09-18,7.175000190734863,7.230000019073486,6.965000152587891,7.022500038146973,5.555992126464844,1649200
2002-09-19,6.875,6.934999942779541,6.449999809265137,6.5,5.142605304718018,2774800
2002-09-20,6.5625,6.652500152587891,6.449999809265137,6.612500190734863,5.231612205505371,3636400
2002-09-23,6.612500190734863,6.612500190734863,6.337500095367432,6.494999885559082,5.1386494636535645,2292400
2002-09-24,6.4375,6.585000038146973,6.300000190734863,6.300000190734863,4.984372615814209,3035600
2002-09-25,6.400000095367432,6.637499809265137,6.289999961853027,6.525000095367432,5.162384986877441,3662800
2002-09-26,6.737500190734863,7.012499809265137,6.712500095367432,6.807499885559082,5.385890007019043,4234400
2002-09-27,6.795000076293945,6.872499942779541,6.502500057220459,6.565000057220459,5.19403076171875,1568000
2002-09-30,6.539999961853027,6.542500019073486,6.262499809265137,6.372499942779541,5.041732311248779,3518400
2002-10-01,6.397500038146973,6.715000152587891,6.327499866485596,6.607500076293945,5.227656364440918,3288800
2002-10-02,6.607500076293945,6.932499885559082,6.537499904632568,6.537499904632568,5.172275066375732,3984800
2002-10-03,6.545000076293945,6.784999847412109,6.537499904632568,6.662499904632568,5.271170616149902,1900000
2002-10-04,6.8125,6.8125,6.432499885559082,6.492499828338623,5.136671543121338,3909200
2002-10-07,6.449999809265137,6.497499942779541,6.207499980926514,6.25,4.944812774658203,3682800
2002-10-08,6.317500114440918,6.402500152587891,6.15500020980835,6.262499809265137,4.9547014236450195,3166400
2002-10-09,6.264999866485596,6.264999866485596,6.050000190734863,6.074999809265137,4.8063578605651855,2104800
2002-10-10,6.0625,6.309999942779541,5.96750020980835,6.289999961853027,4.976459503173828,3443200
2002-10-11,6.550000190734863,6.550000190734863,6.329999923706055,6.525000095367432,5.162384986877441,3092400
2002-10-14,6.46999979019165,6.582499980926514,6.355000019073486,6.414999961853027,5.0753560066223145,818800
2002-10-15,6.625,6.875,6.625,6.855000019073486,5.423469543457031,4729600
2002-10-16,6.775000095367432,6.849999904632568,6.667500019073486,6.752500057220459,5.342374801635742,1798400
2002-10-17,7.0625,7.0625,6.887499809265137,6.965000152587891,5.510500907897949,3604800
2002-10-18,6.927499771118164,7.119999885559082,6.787499904632568,6.952499866485596,5.500609874725342,1351600
2002-10-21,6.925000190734863,7.287499904632568,6.900000095367432,7.25,5.735982418060303,1691200
2002-10-22,7.210000038146973,7.277500152587891,7.002500057220459,7.125,5.637086868286133,1756000
2002-10-23,7.125,7.324999809265137,7.0625,7.28000020980835,5.759718418121338,1954000
2002-10-24,7.387499809265137,7.412499904632568,7.007500171661377,7.070000171661377,5.593572616577148,3470000
2002-10-25,7.070000171661377,7.182499885559082,6.989999771118164,7.139999866485596,5.648953914642334,2266000
2002-10-28,7.199999809265137,7.300000190734863,7.139999866485596,7.199999809265137,5.696425437927246,2631600
2002-10-29,7.137499809265137,7.237500190734863,6.90500020980835,6.96999979019165,5.514455318450928,2818000
2002-10-30,7.037499904632568,7.170000076293945,6.947500228881836,7.132500171661377,5.643021106719971,2126800
2002-10-31,7.074999809265137,7.195000171661377,6.989999771118164,7.025000095367432,5.55797004699707,1365200
2002-11-01,7.025000095367432,7.215000152587891,6.947500228881836,7.190000057220459,5.688513278961182,1312000
2002-11-04,7.262499809265137,7.512499809265137,7.262499809265137,7.347499847412109,5.813122272491455,1946800
2002-11-05,7.362500190734863,7.417500019073486,7.255000114440918,7.357500076293945,5.821033477783203,1926800
2002-11-06,7.4375,7.650000095367432,7.320000171661377,7.59499979019165,6.008936405181885,2999600
2002-11-07,7.587500095367432,7.590000152587891,7.127500057220459,7.542500019073486,5.967399597167969,3140800
2002-11-08,7.184999942779541,7.287499904632568,7.150000095367432,7.269999980926514,5.751806259155273,2293200
2002-11-11,7.269999980926514,7.269999980926514,6.849999904632568,6.852499961853027,5.421492576599121,3489200
2002-11-12,6.912499904632568,7.03000020980835,6.824999809265137,6.994999885559082,5.534235000610352,3137200
2002-11-13,6.974999904632568,6.982500076293945,6.787499904632568,6.927499771118164,5.480830192565918,1422000
2002-11-14,7.005000114440918,7.052499771118164,6.934999942779541,6.985000133514404,5.526323318481445,2338400
2002-11-15,6.985000133514404,7.110000133514404,6.974999904632568,7.010000228881836,5.546102523803711,1614800
2002-11-18,7.025000095367432,7.045000076293945,6.867499828338623,6.869999885559082,5.435338497161865,571200
2002-11-19,6.867499828338623,6.867499828338623,6.577499866485596,6.632500171661377,5.2474365234375,1898000
2002-11-20,6.632500171661377,6.9375,6.539999961853027,6.800000190734863,5.37995719909668,1990800
2002-11-21,6.925000190734863,7.007500171661377,6.820000171661377,6.900000095367432,5.459074020385742,3819600
2002-11-22,6.862500190734863,7.002500057220459,6.862500190734863,6.920000076293945,5.474897384643555,1884800
2002-11-25,6.9375,7.072500228881836,6.920000076293945,7.050000190734863,5.577749252319336,1867200
2002-11-26,7.025000095367432,7.027500152587891,6.920000076293945,6.920000076293945,5.474897384643555,2100400
2002-11-27,6.9375,7.337500095367432,6.9375,7.300000190734863,5.775542259216309,1949600
2002-11-29,7.349999904632568,7.422500133514404,7.3125,7.357500076293945,5.821033477783203,648000
2002-12-02,7.5,7.712500095367432,7.5,7.635000228881836,6.04058313369751,3351600
2002-12-03,7.574999809265137,7.797500133514404,7.537499904632568,7.675000190734863,6.072230815887451,3871600
2002-12-04,7.637499809265137,7.637499809265137,7.352499961853027,7.4375,5.884326934814453,3293200
2002-12-05,7.412499904632568,7.4375,7.275000095367432,7.369999885559082,5.830923557281494,1571200
2002-12-06,7.170000076293945,7.380000114440918,7.122499942779541,7.355000019073486,5.819056510925293,2575200
2002-12-09,7.357500076293945,7.357500076293945,7.150000095367432,7.1875,5.686535835266113,1242800
2002-12-10,7.182499885559082,7.4375,7.127500057220459,7.4375,5.884326934814453,1289600
2002-12-11,7.449999809265137,7.612500190734863,7.377500057220459,7.5,5.933775901794434,1931600
2002-12-12,7.505000114440918,7.585000038146973,7.485000133514404,7.5625,5.983223915100098,1447200
2002-12-13,7.525000095367432,7.525000095367432,7.349999904632568,7.349999904632568,5.81510066986084,1065200
2002-12-16,7.362500190734863,7.449999809265137,7.287499904632568,7.389999866485596,5.846746444702148,1760800
2002-12-17,7.394999980926514,7.432499885559082,7.340000152587891,7.387499809265137,5.844768524169922,743200
2002-12-18,7.375,7.375,7.170000076293945,7.21750020980835,5.710270881652832,935200
2002-12-19,7.212500095367432,7.377500057220459,7.184999942779541,7.237500190734863,5.726093292236328,1054400
2002-12-20,7.275000095367432,7.377500057220459,7.224999904632568,7.269999980926514,5.751806259155273,1019200
2002-12-23,7.175000190734863,7.34250020980835,7.175000190734863,7.309999942779541,5.783453464508057,769200
2002-12-24,7.287499904632568,7.297500133514404,7.172500133514404,7.260000228881836,5.743895530700684,505600
2002-12-26,7.260000228881836,7.332499980926514,7.170000076293945,7.192500114440918,5.690490245819092,782000
2002-12-27,7.212500095367432,7.232500076293945,7.019999980926514,7.037499904632568,5.567859649658203,1799200
2002-12-30,7.017499923706055,7.017499923706055,6.809999942779541,6.900000095367432,5.459074020385742,1526000
2002-12-31,6.824999809265137,7.005000114440918,6.800000190734863,6.982500076293945,5.524345874786377,910000
2003-01-02,7.0,7.320000171661377,6.989999771118164,7.275000095367432,5.755762100219727,981200
2003-01-03,7.287499904632568,7.40500020980835,7.239999771118164,7.394999980926514,5.850702285766602,1940800
2003-01-06,7.394999980926514,7.514999866485596,7.362500190734863,7.449999809265137,5.894216537475586,1817200
2003-01-07,7.425000190734863,7.5,7.357500076293945,7.449999809265137,5.894216537475586,1407600
2003-01-08,7.449999809265137,7.449999809265137,7.235000133514404,7.237500190734863,5.726093292236328,843600
2003-01-09,7.262499809265137,7.425000190734863,7.262499809265137,7.425000190734863,5.874438762664795,2933600
2003-01-10,7.387499809265137,7.579999923706055,7.34499979019165,7.382500171661377,5.840814113616943,1532000
2003-01-13,7.412499904632568,7.477499961853027,7.340000152587891,7.362500190734863,5.824990749359131,1288000
2003-01-14,7.349999904632568,7.487500190734863,7.287499904632568,7.487500190734863,5.923886775970459,1312400
2003-01-15,7.487500190734863,7.5,7.230000019073486,7.262499809265137,5.74587345123291,2032400
2003-01-16,7.264999866485596,7.300000190734863,7.137499809265137,7.215000152587891,5.708292484283447,1744800
2003-01-17,7.182499885559082,7.182499885559082,7.0,7.012499809265137,5.548080921173096,2143600
2003-01-21,7.012499809265137,7.025000095367432,6.75,6.804999828338623,5.383913040161133,1853200
2003-01-22,6.775000095367432,6.78249979019165,6.672500133514404,6.71999979019165,5.316662788391113,1633200
2003-01-23,6.775000095367432,6.820000171661377,6.675000190734863,6.815000057220459,5.391823768615723,936800
2003-01-24,6.8125,6.862500190734863,6.537499904632568,6.574999809265137,5.2019429206848145,1022000
2003-01-27,6.574999809265137,6.574999809265137,6.420000076293945,6.449999809265137,5.103046894073486,1138000
2003-01-28,6.487500190734863,6.487500190734863,6.262499809265137,6.414999961853027,5.0753560066223145,1760400
2003-01-29,6.414999961853027,6.440000057220459,6.235000133514404,6.397500038146973,5.0615105628967285,2554000
2003-01-30,6.4375,6.447500228881836,6.224999904632568,6.25,4.944812774658203,2119200
2003-01-31,6.25,6.392499923706055,6.222499847412109,6.392499923706055,5.057554721832275,3069200
2003-02-03,6.392499923706055,6.412499904632568,6.320000171661377,6.362500190734863,5.033821105957031,1350400
2003-02-04,6.3125,6.3125,6.15500020980835,6.1875,4.895363807678223,2353600
2003-02-05,6.230000019073486,6.297500133514404,6.132500171661377,6.137499809265137,4.85580587387085,1066800
2003-02-06,6.137499809265137,6.204999923706055,6.087500095367432,6.1875,4.895363807678223,2459200
2003-02-07,6.222499847412109,6.25,6.065000057220459,6.142499923706055,4.859762668609619,2443600
2003-02-10,6.142499923706055,6.164999961853027,6.034999847412109,6.097499847412109,4.824159145355225,1578400
2003-02-11,6.0,6.144999980926514,5.982500076293945,5.982500076293945,4.7331743240356445,2735600
2003-02-12,5.994999885559082,6.0,5.875,5.875,4.648124694824219,2023600
2003-02-13,5.885000228881836,5.889999866485596,5.722499847412109,5.837500095367432,4.61845588684082,3247200
2003-02-14,5.869999885559082,5.869999885559082,5.769999980926514,5.84250020980835,4.622411251068115,2327600
2003-02-18,5.96750020980835,6.184999942779541,5.952499866485596,6.112500190734863,4.8360276222229,1934800
2003-02-19,6.112500190734863,6.130000114440918,6.025000095367432,6.085000038146973,4.814269542694092,2125200
2003-02-20,6.139999866485596,6.212500095367432,6.099999904632568,6.107500076293945,4.832070350646973,2586400
2003-02-21,6.119999885559082,6.222499847412109,6.034999847412109,6.192500114440918,4.89932107925415,994000
2003-02-24,6.142499923706055,6.15749979019165,6.034999847412109,6.042500019073486,4.780645370483398,788000
2003-02-25,6.0,6.03000020980835,5.809999942779541,6.025000095367432,4.7667999267578125,1903600
2003-02-26,6.025000095367432,6.125,5.962500095367432,6.039999961853027,4.778667449951172,1666000
2003-02-27,6.052499771118164,6.125,5.962500095367432,5.965000152587891,4.719329833984375,1875200
2003-02-28,5.985000133514404,6.074999809265137,5.982500076293945,6.045000076293945,4.782622814178467,1364400
2003-03-03,6.099999904632568,6.177499771118164,6.067500114440918,6.077499866485596,4.808335304260254,981600
2003-03-04,6.105000019073486,6.110000133514404,6.0,6.012499809265137,4.7569098472595215,2288800
2003-03-05,6.019999980926514,6.097499847412109,5.947500228881836,6.007500171661377,4.752954483032227,1136400
2003-03-06,5.925000190734863,5.985000133514404,5.864999771118164,5.932499885559082,4.69361686706543,1732000
2003-03-07,5.900000095367432,5.957499980926514,5.862500190734863,5.912499904632568,4.677793979644775,2467200
2003-03-10,5.900000095367432,5.912499904632568,5.815000057220459,5.827499866485596,4.610543251037598,1193600
2003-03-11,5.827499866485596,5.917500019073486,5.827499866485596,5.840000152587891,4.620434284210205,1981200
2003-03-12,5.802499771118164,5.829999923706055,5.699999809265137,5.815000057220459,4.600653648376465,2434800
2003-03-13,5.900000095367432,6.025000095367432,5.900000095367432,6.0,4.747020244598389,1918000
2003-03-14,5.987500190734863,6.127500057220459,5.942500114440918,6.065000057220459,4.7984466552734375,1786000
2003-03-17,6.037499904632568,6.252500057220459,5.949999809265137,6.224999904632568,4.925034046173096,3736800
2003-03-18,6.262499809265137,6.362500190734863,6.252500057220459,6.362500190734863,5.033821105957031,3547200
2003-03-19,6.34250020980835,6.380000114440918,6.237500190734863,6.377500057220459,5.045687675476074,1920400
2003-03-20,6.375,6.445000171661377,6.289999961853027,6.375,5.0437092781066895,3706400
2003-03-21,6.400000095367432,6.847499847412109,6.355000019073486,6.837500095367432,5.409626007080078,4286400
2003-03-24,6.625,6.625,6.414999961853027,6.440000057220459,5.09513521194458,2762400
2003-03-25,6.432499885559082,6.554999828338623,6.432499885559082,6.497499942779541,5.140628337860107,1714000
2003-03-26,6.5,6.5,6.397500038146973,6.429999828338623,5.087223052978516,1559200
2003-03-27,6.412499904632568,6.46999979019165,6.324999809265137,6.425000190734863,5.083267688751221,1570400
2003-03-28,6.400000095367432,6.462500095367432,6.362500190734863,6.387499809265137,5.053599834442139,999200
2003-03-31,6.324999809265137,6.324999809265137,6.232500076293945,6.287499904632568,4.97448205947876,1266000
2003-04-01,6.289999961853027,6.442500114440918,6.21750020980835,6.402500152587891,5.065466403961182,1195200
2003-04-02,6.477499961853027,6.65500020980835,6.477499961853027,6.545000076293945,5.178208827972412,1700400
2003-04-03,6.574999809265137,6.627500057220459,6.5,6.537499904632568,5.172275066375732,1111600
2003-04-04,6.625,6.684999942779541,6.570000171661377,6.637499809265137,5.251391887664795,1454800
2003-04-07,6.800000190734863,7.037499904632568,6.787499904632568,6.960000038146973,5.5065436363220215,5336400
2003-04-08,6.974999904632568,6.997499942779541,6.887499809265137,6.90500020980835,5.463029861450195,1235600
2003-04-09,6.927499771118164,7.057499885559082,6.787499904632568,6.789999961853027,5.372044086456299,1329600
2003-04-10,6.75,6.75,6.622499942779541,6.65749979019165,5.267215251922607,2245600
2003-04-11,6.675000190734863,6.762499809265137,6.639999866485596,6.662499904632568,5.271170616149902,1176800
2003-04-14,6.675000190734863,6.837500095367432,6.675000190734863,6.787499904632568,5.3700666427612305,946000
2003-04-15,6.78249979019165,7.037499904632568,6.78249979019165,7.037499904632568,5.567859649658203,3128800
2003-04-16,7.099999904632568,7.102499961853027,6.927499771118164,6.934999942779541,5.486764430999756,1791600
2003-04-17,6.934999942779541,7.017499923706055,6.887499809265137,6.949999809265137,5.498631954193115,1076000
2003-04-21,6.974999904632568,7.105000019073486,6.949999809265137,7.087500095367432,5.607418060302734,801200
2003-04-22,7.150000095367432,7.272500038146973,7.010000228881836,7.25,5.735982418060303,1809200
2003-04-23,7.252500057220459,7.46750020980835,7.252500057220459,7.340000152587891,5.807188510894775,1282000
2003-04-24,7.320000171661377,7.322500228881836,7.162499904632568,7.224999904632568,5.7162041664123535,1317200
2003-04-25,7.212500095367432,7.212500095367432,7.119999885559082,7.177499771118164,5.678623199462891,1110400
2003-04-28,7.179999828338623,7.472499847412109,7.03000020980835,7.452499866485596,5.896194934844971,2271200
2003-04-29,7.477499961853027,7.724999904632568,7.474999904632568,7.585000038146973,6.0010247230529785,2051600
2003-04-30,7.647500038146973,7.727499961853027,7.585000038146973,7.585000038146973,6.0010247230529785,2535600
2003-05-01,7.574999809265137,7.574999809265137,7.362500190734863,7.412499904632568,5.864548683166504,1747200
2003-05-02,7.434999942779541,7.650000095367432,7.420000076293945,7.650000095367432,6.052451133728027,2888800
2003-05-05,7.650000095367432,7.8125,7.565000057220459,7.637499809265137,6.042561054229736,1622800
2003-05-06,7.625,7.764999866485596,7.622499942779541,7.65500020980835,6.056407451629639,2090400
2003-05-07,7.65500020980835,7.807499885559082,7.607500076293945,7.6875,6.082120418548584,2037600
2003-05-08,7.625,7.632500171661377,7.335000038146973,7.369999885559082,5.830923557281494,2513200
2003-05-09,7.5,7.590000152587891,7.417500019073486,7.527500152587891,5.955533027648926,1925600
2003-05-12,7.487500190734863,7.599999904632568,7.440000057220459,7.577499866485596,5.995090484619141,1064800
2003-05-13,7.512499809265137,7.599999904632568,7.462500095367432,7.465000152587891,5.90608549118042,1280800
2003-05-14,7.46999979019165,7.570000171661377,7.4375,7.550000190734863,5.973334312438965,815200
2003-05-15,7.537499904632568,7.684999942779541,7.537499904632568,7.597499847412109,6.010915279388428,1634800
2003-05-16,7.605000019073486,7.652500152587891,7.487500190734863,7.5625,5.983223915100098,855200
2003-05-19,7.547500133514404,7.547500133514404,7.262499809265137,7.262499809265137,5.74587345123291,1313200
2003-05-20,7.275000095367432,7.389999866485596,7.147500038146973,7.197500228881836,5.694447994232178,1934800
2003-05-21,7.197500228881836,7.28249979019165,7.090000152587891,7.275000095367432,5.755762100219727,1666400
2003-05-22,7.295000076293945,7.377500057220459,7.275000095367432,7.28249979019165,5.761695861816406,1264000
2003-05-23,7.287499904632568,7.412499904632568,7.262499809265137,7.409999847412109,5.862569808959961,1581200
2003-05-27,7.409999847412109,7.574999809265137,7.352499961853027,7.574999809265137,5.993113994598389,1848800
2003-05-28,7.637499809265137,7.824999809265137,7.625,7.775000095367432,6.151347637176514,3375200
2003-05-29,7.767499923706055,7.885000228881836,7.670000076293945,7.6875,6.082120418548584,2186000
2003-05-30,7.6875,7.800000190734863,7.679999828338623,7.712500095367432,6.101899147033691,2084000
2003-06-02,7.775000095367432,8.024999618530273,7.775000095367432,7.900000095367432,6.250243186950684,2482000
2003-06-03,7.90500020980835,7.974999904632568,7.862500190734863,7.889999866485596,6.242331504821777,1796800
2003-06-04,7.889999866485596,8.010000228881836,7.862500190734863,7.864999771118164,6.222553253173828,2302400
2003-06-05,7.900000095367432,8.300000190734863,7.822500228881836,8.229999542236328,6.51132869720459,5372800
2003-06-06,8.287500381469727,8.5625,8.15999984741211,8.237500190734863,6.517263889312744,4764800
2003-06-09,8.234999656677246,8.237500190734863,8.0649995803833,8.112500190734863,6.4183669090271,1541200
2003-06-10,8.112500190734863,8.28499984741211,8.112500190734863,8.225000381469727,6.507373809814453,1121200
2003-06-11,8.237500190734863,8.5024995803833,8.204999923706055,8.5024995803833,6.726922988891602,2009200
2003-06-12,8.5625,8.692500114440918,8.524999618530273,8.662500381469727,6.853510856628418,2272000
2003-06-13,8.637499809265137,8.664999961853027,8.542499542236328,8.5625,6.774393558502197,1934400
2003-06-16,8.625,8.779999732971191,8.547499656677246,8.7475004196167,6.920760631561279,1405200
2003-06-17,8.774999618530273,8.90250015258789,8.680000305175781,8.862500190734863,7.011744499206543,2187200
2003-06-18,8.837499618530273,8.837499618530273,8.707500457763672,8.729999542236328,6.906914710998535,1208000
2003-06-19,8.725000381469727,8.744999885559082,8.625,8.630000114440918,6.827799320220947,1382400
2003-06-20,8.662500381469727,8.699999809265137,8.552499771118164,8.637499809265137,6.833731174468994,1511600
2003-06-23,8.617500305175781,8.617500305175781,8.4350004196167,8.4350004196167,6.673520565032959,1984000
2003-06-24,8.4350004196167,8.6875,8.4350004196167,8.670000076293945,6.859443664550781,1611600
2003-06-25,8.579999923706055,8.717499732971191,8.470000267028809,8.470000267028809,6.771306037902832,862800
2003-06-26,8.475000381469727,8.574999809265137,8.475000381469727,8.524999618530273,6.815275192260742,789200
2003-06-27,8.524999618530273,8.65999984741211,8.524999618530273,8.569999694824219,6.851251125335693,719600
2003-06-30,8.600000381469727,8.725000381469727,8.567500114440918,8.625,6.8952202796936035,770000
2003-07-01,8.5625,8.632499694824219,8.484999656677246,8.6225004196167,6.893221855163574,1946800
2003-07-02,8.6225004196167,8.72249984741211,8.587499618530273,8.677499771118164,6.937190532684326,1604400
2003-07-03,8.619999885559082,8.649999618530273,8.537500381469727,8.537500381469727,6.82526969909668,802000
2003-07-07,8.512499809265137,8.667499542236328,8.512499809265137,8.649999618530273,6.915206432342529,1384000
2003-07-08,8.574999809265137,8.739999771118164,8.574999809265137,8.720000267028809,6.97116756439209,1540000
2003-07-09,8.699999809265137,8.737500190734863,8.637499809265137,8.694999694824219,6.951179504394531,1873600
2003-07-10,8.675000190734863,8.675000190734863,8.412500381469727,8.5,6.795289516448975,2080400
2003-07-11,8.5,8.567500114440918,8.47249984741211,8.494999885559082,6.791292190551758,1179200
2003-07-14,8.550000190734863,8.675000190734863,8.547499656677246,8.614999771118164,6.88722562789917,734400
2003-07-15,8.649999618530273,8.649999618530273,8.387499809265137,8.387499809265137,6.70535135269165,1660800
2003-07-16,8.537500381469727,8.537500381469727,8.387499809265137,8.442500114440918,6.7493205070495605,2124800
2003-07-17,8.75,8.970000267028809,8.734999656677246,8.970000267028809,7.1710286140441895,8457600
2003-07-18,9.050000190734863,9.362500190734863,9.005000114440918,9.350000381469727,7.474818706512451,3669200
2003-07-21,9.287500381469727,9.287500381469727,9.067500114440918,9.15250015258789,7.316927909851074,1188800
2003-07-22,9.149999618530273,9.367500305175781,9.074999809265137,9.25,7.394874095916748,1235200
2003-07-23,9.274999618530273,9.274999618530273,9.09749984741211,9.1875,7.344908237457275,673200
2003-07-24,9.1875,9.225000381469727,9.024999618530273,9.02750015258789,7.216997146606445,1413200
2003-07-25,9.02750015258789,9.194999694824219,8.967499732971191,9.177499771118164,7.336912631988525,1006800
2003-07-28,9.164999961853027,9.227499961853027,9.095000267028809,9.109999656677246,7.282951354980469,660800
2003-07-29,9.109999656677246,9.109999656677246,8.9350004196167,9.005000114440918,7.199009418487549,1367600
2003-07-30,9.087499618530273,9.362500190734863,9.087499618530273,9.260000228881836,7.402866363525391,4024800
2003-07-31,9.220000267028809,9.454999923706055,9.220000267028809,9.375,7.494803428649902,1855200
2003-08-01,9.300000190734863,9.300000190734863,9.21500015258789,9.274999618530273,7.414859294891357,1424000
2003-08-04,9.3125,9.329999923706055,9.182499885559082,9.257499694824219,7.400868892669678,1040800
2003-08-05,9.257499694824219,9.262499809265137,9.0625,9.0625,7.244976997375488,820400
2003-08-06,9.037500381469727,9.09749984741211,8.925000190734863,8.992500305175781,7.189014911651611,1381200
2003-08-07,8.949999809265137,9.005000114440918,8.880000114440918,8.979999542236328,7.179022789001465,1666800
2003-08-08,9.012499809265137,9.1875,9.012499809265137,9.119999885559082,7.2909464836120605,1400800
2003-08-11,9.119999885559082,9.192500114440918,9.074999809265137,9.117500305175781,7.288948059082031,2062000
2003-08-12,9.137499809265137,9.15250015258789,9.039999961853027,9.125,7.294942855834961,709200
2003-08-13,9.125,9.257499694824219,9.082500457763672,9.212499618530273,7.364894390106201,1004800
2003-08-14,9.182499885559082,9.452500343322754,9.125,9.425000190734863,7.534777641296387,867600
2003-08-15,9.449999809265137,9.475000381469727,9.375,9.420000076293945,7.530780792236328,659600
2003-08-18,9.420000076293945,9.494999885559082,9.387499809265137,9.427499771118164,7.536776542663574,939200
2003-08-19,9.4375,9.452500343322754,9.3100004196167,9.375,7.494803428649902,677200
2003-08-20,9.350000381469727,9.3725004196167,9.202500343322754,9.257499694824219,7.400868892669678,1282400
2003-08-21,9.257499694824219,9.40999984741211,9.257499694824219,9.395000457763672,7.5107951164245605,605600
2003-08-22,9.399999618530273,9.422499656677246,9.317500114440918,9.317500114440918,7.448836326599121,716400
2003-08-25,9.329999923706055,9.329999923706055,9.137499809265137,9.194999694824219,7.350903034210205,647200
2003-08-26,9.132499694824219,9.145000457763672,8.850000381469727,9.0024995803833,7.197010517120361,2662800
2003-08-27,8.994999885559082,9.177499771118164,8.994999885559082,9.137499809265137,7.304936408996582,677200
2003-08-28,9.199999809265137,9.232500076293945,9.125,9.194999694824219,7.350903034210205,952800
2003-08-29,9.194999694824219,9.375,9.194999694824219,9.375,7.494803428649902,967200
2003-09-02,9.5,9.8125,9.4975004196167,9.792499542236328,7.828571796417236,3310400
2003-09-03,9.800000190734863,10.055000305175781,9.800000190734863,9.962499618530273,7.964476585388184,2494400
2003-09-04,9.875,9.920000076293945,9.789999961853027,9.862500190734863,7.884535789489746,1712000
2003-09-05,9.864999771118164,9.885000228881836,9.795000076293945,9.824999809265137,7.854555130004883,792400
2003-09-08,9.850000381469727,9.920000076293945,9.587499618530273,9.6225004196167,7.692668437957764,2026800
2003-09-09,9.600000381469727,9.600000381469727,9.427499771118164,9.462499618530273,7.564756393432617,1728800
2003-09-10,9.537500381469727,9.537500381469727,9.3125,9.449999809265137,7.5547614097595215,2149200
2003-09-11,9.550000190734863,9.550000190734863,9.387499809265137,9.475000381469727,7.574748516082764,608000
2003-09-12,9.425000190734863,9.484999656677246,9.357500076293945,9.4375,7.544768810272217,704000
2003-09-15,9.462499618530273,9.47249984741211,9.375,9.425000190734863,7.534777641296387,457200
2003-09-16,9.412500381469727,9.482500076293945,9.380000114440918,9.449999809265137,7.5547614097595215,443600
2003-09-17,9.449999809265137,9.484999656677246,9.342499732971191,9.369999885559082,7.4908061027526855,896000
2003-09-18,9.369999885559082,9.637499809265137,9.274999618530273,9.630000114440918,7.698663711547852,3742400
2003-09-19,9.6225004196167,9.6225004196167,9.487500190734863,9.537500381469727,7.624715328216553,3086800
2003-09-22,9.399999618530273,9.427499771118164,9.34749984741211,9.382499694824219,7.500797748565674,1544800
2003-09-23,9.380000114440918,9.412500381469727,9.350000381469727,9.399999618530273,7.514791011810303,1682400
2003-09-24,9.399999618530273,9.412500381469727,9.194999694824219,9.225000381469727,7.374887943267822,1513200
2003-09-25,9.199999809265137,9.212499618530273,8.932499885559082,8.987500190734863,7.1850175857543945,2274000
2003-09-26,9.005000114440918,9.052499771118164,8.914999961853027,9.0024995803833,7.197010517120361,965200
2003-09-29,9.012499809265137,9.0649995803833,8.824999809265137,9.012499809265137,7.205004692077637,1292800
2003-09-30,8.912500381469727,9.207500457763672,8.912500381469727,9.147500038146973,7.312930107116699,1700000
2003-10-01,9.199999809265137,9.387499809265137,9.114999771118164,9.354999542236328,7.47881555557251,2117600
2003-10-02,9.337499618530273,9.337499618530273,8.8774995803833,8.8774995803833,7.097079753875732,2823600
2003-10-03,9.0,9.182499885559082,8.9975004196167,9.0625,7.244976997375488,3478000
2003-10-06,9.0625,9.085000038146973,8.9975004196167,9.0,7.195011138916016,1565600
2003-10-07,9.0,9.162500381469727,8.952500343322754,9.149999618530273,7.3149285316467285,2295200
2003-10-08,9.125,9.125,8.96500015258789,9.032500267028809,7.2209930419921875,1418400
2003-10-09,9.045000076293945,9.345000267028809,9.045000076293945,9.327500343322754,7.456830978393555,2458400
2003-10-10,9.324999809265137,9.354999542236328,9.225000381469727,9.25,7.394874095916748,3124000
2003-10-13,9.337499618530273,9.367500305175781,9.274999618530273,9.300000190734863,7.4348464012146,1391600
2003-10-14,9.287500381469727,9.287500381469727,9.082500457763672,9.125,7.294942855834961,1777200
2003-10-15,9.125,9.137499809265137,8.942500114440918,9.0,7.195011138916016,2804800
2003-10-16,8.975000381469727,8.994999885559082,8.922499656677246,8.967499732971191,7.169029712677002,2540400
2003-10-17,8.9375,8.977499961853027,8.767499923706055,8.797499656677246,7.0331244468688965,3414400
2003-10-20,8.817500114440918,9.032500267028809,8.8125,9.020000457763672,7.211001396179199,1278800
2003-10-21,8.987500190734863,9.170000076293945,8.954999923706055,9.162500381469727,7.324923515319824,2159600
2003-10-22,9.112500190734863,9.22249984741211,9.072500228881836,9.15250015258789,7.316927909851074,3120400
2003-10-23,9.137499809265137,9.332500457763672,9.1225004196167,9.302499771118164,7.4368438720703125,1994400
2003-10-24,9.302499771118164,9.302499771118164,9.125,9.204999923706055,7.358899116516113,909600
2003-10-27,9.300000190734863,9.47249984741211,9.265000343322754,9.4375,7.544768810272217,1671200
2003-10-28,9.4375,9.545000076293945,9.432499885559082,9.522500038146973,7.6127238273620605,2902400
2003-10-29,9.522500038146973,9.522500038146973,9.404999732971191,9.432499885559082,7.540772914886475,1524000
2003-10-30,9.432499885559082,9.587499618530273,9.417499542236328,9.550000190734863,7.634707450866699,1940000
2003-10-31,9.604999542236328,9.702500343322754,9.587499618530273,9.6875,7.744631767272949,3319600
2003-11-03,9.725000381469727,10.024999618530273,9.72249984741211,10.0024995803833,7.996457576751709,2826800
2003-11-04,10.024999618530273,10.1875,9.987500190734863,10.032500267028809,8.020438194274902,2870400
2003-11-05,10.024999618530273,10.100000381469727,9.957500457763672,10.024999618530273,8.014445304870605,1266400
2003-11-06,10.010000228881836,10.175000190734863,9.949999809265137,10.15999984741211,8.122367858886719,2160800
2003-11-07,10.175000190734863,10.414999961853027,10.170000076293945,10.412500381469727,8.324231147766113,2260800
2003-11-10,10.414999961853027,10.420000076293945,10.15999984741211,10.199999809265137,8.15434741973877,1592000
2003-11-11,10.199999809265137,10.199999809265137,9.982500076293945,10.015000343322754,8.006449699401855,1306400
2003-11-12,10.024999618530273,10.4375,10.020000457763672,10.4375,8.344215393066406,2353600
2003-11-13,10.4375,10.647500038146973,10.399999618530273,10.567500114440918,8.44814395904541,2694800
2003-11-14,10.725000381469727,10.765000343322754,10.4375,10.4375,8.344215393066406,1202000
2003-11-17,10.324999809265137,10.350000381469727,10.1875,10.255000114440918,8.19831657409668,976000
2003-11-18,10.25,10.322500228881836,10.1875,10.232500076293945,8.180331230163574,723200
2003-11-19,10.199999809265137,10.220000267028809,9.904999732971191,9.975000381469727,7.97447395324707,1172800
2003-11-20,9.962499618530273,9.962499618530273,9.755000114440918,9.8725004196167,7.892528533935547,1364400
2003-11-21,9.8725004196167,9.875,9.762499809265137,9.875,7.894529342651367,1586000
2003-11-24,9.850000381469727,9.930000305175781,9.649999618530273,9.875,7.894529342651367,2730800
2003-11-25,9.875,10.087499618530273,9.837499618530273,10.029999732971191,8.018440246582031,2707600
2003-11-26,10.050000190734863,10.274999618530273,10.0,10.140000343322754,8.1063814163208,1165600
2003-11-28,10.137499809265137,10.220000267028809,10.125,10.212499618530273,8.16434097290039,446000
2003-12-01,10.232500076293945,10.3725004196167,10.232500076293945,10.300000190734863,8.234293937683105,758800
2003-12-02,10.237500190734863,10.244999885559082,10.109999656677246,10.137499809265137,8.104382514953613,1358000
2003-12-03,10.162500381469727,10.234999656677246,10.069999694824219,10.09000015258789,8.066408157348633,1187200
2003-12-04,10.112500190734863,10.114999771118164,9.957500457763672,9.984999656677246,7.982464790344238,1474800
2003-12-05,9.975000381469727,9.975000381469727,9.772500038146973,9.867500305175781,7.888530731201172,2043200
2003-12-08,9.8725004196167,9.887499809265137,9.712499618530273,9.774999618530273,7.814581871032715,1190400
2003-12-09,9.75,9.760000228881836,9.6274995803833,9.649999618530273,7.7146525382995605,2898000
2003-12-10,9.625,9.625,9.369999885559082,9.425000190734863,7.534777641296387,3098800
2003-12-11,9.449999809265137,9.670000076293945,9.449999809265137,9.662500381469727,7.724644184112549,3252000
2003-12-12,9.600000381469727,9.600000381469727,9.375,9.412500381469727,7.524785041809082,2632800
2003-12-15,9.475000381469727,9.512499809265137,9.395000457763672,9.399999618530273,7.514791011810303,1596400
2003-12-16,9.412500381469727,9.487500190734863,9.27750015258789,9.467499732971191,7.568753242492676,1874400
2003-12-17,9.449999809265137,9.5,9.412500381469727,9.467499732971191,7.568753242492676,1576800
2003-12-18,9.449999809265137,9.774999618530273,9.449999809265137,9.71500015258789,7.766616344451904,2555200
2003-12-19,9.774999618530273,9.800000190734863,9.662500381469727,9.760000228881836,7.802591800689697,2051200
2003-12-22,9.712499618530273,9.8100004196167,9.677499771118164,9.77750015258789,7.816582679748535,1795200
2003-12-23,9.762499809265137,9.787500381469727,9.725000381469727,9.774999618530273,7.814581871032715,1282000
2003-12-24,9.774999618530273,9.912500381469727,9.774999618530273,9.862500190734863,7.884535789489746,764800
2003-12-26,9.850000381469727,9.8725004196167,9.824999809265137,9.850000381469727,7.874541759490967,296800
2003-12-29,9.862500190734863,10.037500381469727,9.862500190734863,10.037500381469727,8.024435997009277,859200
2003-12-30,10.087499618530273,10.15250015258789,10.007499694824219,10.010000228881836,8.00245189666748,794400
2003-12-31,10.0,10.024999618530273,9.954999923706055,9.96500015258789,7.966476917266846,415200
2004-01-02,9.989999771118164,10.0625,9.957500457763672,10.020000457763672,8.01044750213623,541600
2004-01-05,10.050000190734863,10.3774995803833,10.050000190734863,10.289999961853027,8.226296424865723,1958000
2004-01-06,10.4375,10.5,10.387499809265137,10.5,8.394180297851562,2650400
2004-01-07,10.512499809265137,10.75,10.512499809265137,10.664999961853027,8.526089668273926,3181200
2004-01-08,10.664999961853027,10.912500381469727,10.574999809265137,10.630000114440918,8.498106956481934,2051200
2004-01-09,10.625,10.7524995803833,10.529999732971191,10.595000267028809,8.470128059387207,2367200
2004-01-12,10.59749984741211,10.710000038146973,10.550000190734863,10.5649995803833,8.446144104003906,623200
2004-01-13,10.5649995803833,10.6274995803833,10.487500190734863,10.507499694824219,8.400177001953125,720000
2004-01-14,10.625,10.672499656677246,10.350000381469727,10.487500190734863,8.384184837341309,1368800
2004-01-15,10.449999809265137,10.5649995803833,10.422499656677246,10.460000038146973,8.362204551696777,685200
2004-01-16,10.484999656677246,10.677499771118164,10.475000381469727,10.675000190734863,8.534082412719727,1080000
2004-01-20,10.699999809265137,11.162500381469727,10.672499656677246,10.987500190734863,8.78391170501709,2125200
2004-01-21,10.949999809265137,11.270000457763672,10.829999923706055,11.137499809265137,8.903827667236328,1683600
2004-01-22,11.137499809265137,11.225000381469727,11.087499618530273,11.087499618530273,8.86385440826416,1907200
2004-01-23,11.012499809265137,11.149999618530273,10.949999809265137,10.982500076293945,8.779912948608398,871600
2004-01-26,10.962499618530273,11.112500190734863,10.824999809265137,11.050000190734863,8.833874702453613,685200
2004-01-27,11.0,11.0649995803833,10.875,10.949999809265137,8.753928184509277,1458400
2004-01-28,10.949999809265137,10.982500076293945,10.600000381469727,10.600000381469727,8.474125862121582,1613200
2004-01-29,10.387499809265137,10.484999656677246,10.175000190734863,10.257499694824219,8.200315475463867,3201200
2004-01-30,10.272500038146973,10.279999732971191,10.119999885559082,10.125,8.094388961791992,2374400
2004-02-02,10.25,10.524999618530273,10.25,10.449999809265137,8.354207992553711,3912400
2004-02-03,10.449999809265137,10.5600004196167,10.3149995803833,10.5,8.394180297851562,997600
2004-02-04,10.470000267028809,10.517499923706055,10.387499809265137,10.470000267028809,8.370198249816895,2185200
2004-02-05,10.520000457763672,10.574999809265137,10.454999923706055,10.5,8.394180297851562,672800
2004-02-06,10.512499809265137,10.729999542236328,10.512499809265137,10.667499542236328,8.52808666229248,1494800
2004-02-09,10.662500381469727,10.787500381469727,10.637499809265137,10.75,8.594042778015137,670400
2004-02-10,10.75,10.800000190734863,10.6225004196167,10.712499618530273,8.564064025878906,1820800
2004-02-11,10.755000114440918,11.125,10.712499618530273,11.09749984741211,8.871847152709961,2756800
2004-02-12,11.03499984741211,11.177499771118164,11.015000343322754,11.100000381469727,8.873849868774414,1614400
2004-02-13,11.074999809265137,11.09749984741211,10.9375,11.0,8.793903350830078,1197200
2004-02-17,11.0625,11.407500267028809,11.0625,11.227499961853027,8.975777626037598,1486400
2004-02-18,11.199999809265137,11.25,11.087499618530273,11.112500190734863,8.883842468261719,1468000
2004-02-19,11.100000381469727,11.167499542236328,11.100000381469727,11.112500190734863,8.883842468261719,1784400
2004-02-20,11.087499618530273,11.087499618530273,10.537500381469727,10.75,8.594042778015137,3785600
2004-02-23,10.875,10.875,10.5,10.614999771118164,8.486116409301758,2871200
2004-02-24,10.59000015258789,10.675000190734863,10.399999618530273,10.539999961853027,8.426158905029297,3905200
2004-02-25,10.539999961853027,10.852499961853027,10.539999961853027,10.720000267028809,8.57005786895752,1015600
2004-02-26,10.8125,11.042499542236328,10.787500381469727,10.975000381469727,8.773918151855469,2735200
2004-02-27,10.912500381469727,11.050000190734863,10.912500381469727,11.042499542236328,8.827879905700684,2964400
2004-03-01,11.024999618530273,11.237500190734863,11.022500038146973,11.227499961853027,8.975777626037598,2398800
2004-03-02,11.1875,11.262499809265137,10.917499542236328,10.962499618530273,8.763924598693848,1522800
2004-03-03,10.912500381469727,10.914999961853027,10.664999961853027,10.727499961853027,8.576054573059082,1618800
2004-03-04,10.789999961853027,11.010000228881836,10.789999961853027,10.970000267028809,8.769919395446777,1365200
2004-03-05,10.850000381469727,11.074999809265137,10.850000381469727,11.005000114440918,8.797901153564453,850400
2004-03-08,10.987500190734863,11.192500114440918,10.962499618530273,10.96500015258789,8.765922546386719,1598000
2004-03-09,10.9399995803833,10.962499618530273,10.792499542236328,10.84749984741211,8.671987533569336,516000
2004-03-10,10.90999984741211,10.90999984741211,10.645000457763672,10.712499618530273,8.564064025878906,700800
2004-03-11,10.600000381469727,10.675000190734863,10.457500457763672,10.457500457763672,8.360203742980957,1300400
2004-03-12,10.5625,10.582500457763672,10.390000343322754,10.522500038146973,8.4121675491333,1696400
2004-03-15,10.375,10.482500076293945,10.21500015258789,10.25,8.194319725036621,1317600
2004-03-16,10.362500190734863,10.420000076293945,10.3125,10.397500038146973,8.312237739562988,917200
2004-03-17,10.417499542236328,10.582500457763672,10.417499542236328,10.529999732971191,8.418164253234863,1608400
2004-03-18,10.529999732971191,10.529999732971191,10.3125,10.475000381469727,8.374195098876953,875200
2004-03-19,10.475000381469727,10.625,10.412500381469727,10.522500038146973,8.4121675491333,1375200
2004-03-22,10.47249984741211,10.47249984741211,10.210000038146973,10.300000190734863,8.234293937683105,1469600
2004-03-23,10.412500381469727,10.662500381469727,10.362500190734863,10.614999771118164,8.486116409301758,2332000
2004-03-24,10.7524995803833,10.800000190734863,10.649999618530273,10.75,8.594042778015137,3523600
2004-03-25,11.1875,11.3125,11.067500114440918,11.112500190734863,8.883842468261719,4284400
2004-03-26,11.125,11.737500190734863,11.125,11.647500038146973,9.311544418334961,4908000
2004-03-29,11.649999618530273,11.857500076293945,11.442500114440918,11.5649995803833,9.245590209960938,3110800
2004-03-30,11.5649995803833,11.649999618530273,11.517499923706055,11.6274995803833,9.295557975769043,1251600
2004-03-31,11.6274995803833,11.882499694824219,11.6274995803833,11.835000038146973,9.461442947387695,1618400
2004-04-01,11.835000038146973,11.899999618530273,11.6225004196167,11.7524995803833,9.395486831665039,1604800
2004-04-02,12.324999809265137,12.324999809265137,11.774999618530273,11.805000305175781,9.437458038330078,2547600
2004-04-05,11.774999618530273,11.944999694824219,11.774999618530273,11.8100004196167,9.44145393371582,1272800
2004-04-06,11.8100004196167,11.9375,11.757499694824219,11.8725004196167,9.491421699523926,1018000
2004-04-07,11.897500038146973,11.912500381469727,11.739999771118164,11.807499885559082,9.43945598602295,475200
2004-04-08,11.822500228881836,11.854999542236328,11.707500457763672,11.710000038146973,9.361513137817383,454800
2004-04-12,11.725000381469727,12.024999618530273,11.725000381469727,11.914999961853027,9.525398254394531,494800
2004-04-13,11.914999961853027,11.914999961853027,11.567500114440918,11.587499618530273,9.263577461242676,517600
2004-04-14,11.587499618530273,11.59000015258789,11.350000381469727,11.375,9.093694686889648,1416000
2004-04-15,11.3125,11.34749984741211,11.172499656677246,11.210000038146973,8.961785316467285,2285600
2004-04-16,11.25,11.475000381469727,11.25,11.475000381469727,9.173639297485352,1080800
2004-04-19,11.462499618530273,11.550000190734863,11.457500457763672,11.510000228881836,9.201621055603027,1402400
2004-04-20,11.510000228881836,11.657500267028809,11.3125,11.3125,9.043730735778809,786400
2004-04-21,11.21500015258789,11.3125,11.180000305175781,11.287500381469727,9.023744583129883,1193600
2004-04-22,11.25,11.4375,11.227499961853027,11.4375,9.143660545349121,997600
2004-04-23,11.4375,11.550000190734863,11.375,11.462499618530273,9.163646697998047,1798000
2004-04-26,11.5,11.5649995803833,11.319999694824219,11.332500457763672,9.059720993041992,928000
2004-04-27,11.272500038146973,11.430000305175781,11.172499656677246,11.25,8.993764877319336,1880400
2004-04-28,11.225000381469727,11.225000381469727,10.917499542236328,10.930000305175781,8.737944602966309,2761200
2004-04-29,11.024999618530273,11.039999961853027,10.854999542236328,10.920000076293945,8.729948997497559,3524400
2004-04-30,11.045000076293945,11.045000076293945,10.8774995803833,10.897500038146973,8.711960792541504,1619200
2004-05-03,10.925000190734863,11.199999809265137,10.882499694824219,11.100000381469727,8.873849868774414,1916400
2004-05-04,11.069999694824219,11.274999618530273,10.9975004196167,11.274999618530273,9.013751029968262,1641600
2004-05-05,11.225000381469727,11.25,11.117500305175781,11.125,8.893835067749023,1793600
2004-05-06,10.949999809265137,10.987500190734863,10.72249984741211,10.774999618530273,8.614027976989746,2239600
2004-05-07,10.5625,10.680000305175781,10.462499618530273,10.524999618530273,8.414167404174805,2284800
2004-05-10,10.487500190734863,10.487500190734863,9.672499656677246,9.807499885559082,7.840565204620361,5972000
2004-05-11,9.949999809265137,10.25,9.949999809265137,10.149999618530273,8.114375114440918,4417200
2004-05-12,10.112500190734863,10.145000457763672,9.932499885559082,10.0600004196167,8.042426109313965,2227600
2004-05-13,10.085000038146973,10.34749984741211,10.050000190734863,10.21500015258789,8.166339874267578,1595200
2004-05-14,10.25,10.422499656677246,10.162500381469727,10.40250015258789,8.316234588623047,1801200
2004-05-17,10.300000190734863,10.3125,10.154999732971191,10.202500343322754,8.156347274780273,2813600
2004-05-18,9.899999618530273,9.962499618530273,9.8149995803833,9.912500381469727,8.371491432189941,2292400
2004-05-19,10.0625,10.357500076293945,10.0600004196167,10.21500015258789,8.626964569091797,5148000
2004-05-20,10.25,10.300000190734863,10.132499694824219,10.157500267028809,8.578404426574707,1835200
2004-05-21,10.149999618530273,10.300000190734863,10.149999618530273,10.25,8.656522750854492,1358000
2004-05-24,10.300000190734863,10.457500457763672,10.295000076293945,10.444999694824219,8.821207046508789,1285200
2004-05-25,10.487500190734863,10.625,10.425000190734863,10.602499961853027,8.9542236328125,1149200
2004-05-26,10.602499961853027,10.677499771118164,10.5600004196167,10.602499961853027,8.9542236328125,1265600
2004-05-27,10.6274995803833,10.65999984741211,10.552499771118164,10.567500114440918,8.924664497375488,1304800
2004-05-28,10.592499732971191,10.65999984741211,10.484999656677246,10.5649995803833,8.922552108764648,1052800
2004-06-01,10.587499618530273,10.697500228881836,10.574999809265137,10.6899995803833,9.028119087219238,1198400
2004-06-02,10.75,10.7524995803833,10.632499694824219,10.699999809265137,9.036565780639648,1372000
2004-06-03,10.699999809265137,10.704999923706055,10.579999923706055,10.585000038146973,8.939446449279785,1534800
2004-06-04,10.699999809265137,10.725000381469727,10.609999656677246,10.637499809265137,8.983783721923828,1622000
2004-06-07,10.800000190734863,11.050000190734863,10.800000190734863,11.010000228881836,9.298372268676758,1531200
2004-06-08,11.010000228881836,11.087499618530273,10.925000190734863,11.005000114440918,9.29415225982666,922800
2004-06-09,10.942500114440918,10.992500305175781,10.75,10.822500228881836,9.140022277832031,959600
2004-06-10,10.760000228881836,10.852499961853027,10.734999656677246,10.770000457763672,9.095685958862305,1288400
2004-06-14,10.75,10.762499809265137,10.574999809265137,10.577500343322754,8.933112144470215,1244000
2004-06-15,10.595000267028809,10.875,10.595000267028809,10.864999771118164,9.17591381072998,772800
2004-06-16,10.899999618530273,10.899999618530273,10.739999771118164,10.739999771118164,9.070347785949707,800800
2004-06-17,10.770000457763672,10.949999809265137,10.702500343322754,10.925000190734863,9.226587295532227,2023200
2004-06-18,10.984999656677246,11.072500228881836,10.952500343322754,11.072500228881836,9.351157188415527,1659600
2004-06-21,11.135000228881836,11.172499656677246,11.024999618530273,11.024999618530273,9.311041831970215,985200
2004-06-22,11.037500381469727,11.079999923706055,10.927499771118164,11.0625,9.342711448669434,1320800
2004-06-23,10.975000381469727,11.050000190734863,10.897500038146973,11.050000190734863,9.332154273986816,960000
2004-06-24,11.055000305175781,11.237500190734863,11.055000305175781,11.21500015258789,9.471504211425781,1564400
2004-06-25,11.21500015258789,11.305000305175781,11.199999809265137,11.229999542236328,9.484170913696289,1596800
2004-06-28,11.25,11.2524995803833,11.0625,11.072500228881836,9.351157188415527,697200
2004-06-29,11.057499885559082,11.147500038146973,11.055000305175781,11.137499809265137,9.406051635742188,722400
2004-06-30,11.125,11.324999809265137,11.022500038146973,11.317500114440918,9.55806827545166,1149600
2004-07-01,11.350000381469727,11.449999809265137,11.242500305175781,11.302499771118164,9.545400619506836,1213600
2004-07-02,11.25,11.375,11.225000381469727,11.3725004196167,9.604519844055176,862400
2004-07-06,11.3100004196167,11.335000038146973,11.045000076293945,11.1875,9.448280334472656,749600
2004-07-07,11.25,11.25,11.09000015258789,11.125,9.39549446105957,526400
2004-07-08,11.024999618530273,11.125,11.012499809265137,11.020000457763672,9.306818962097168,1729600
2004-07-09,11.020000457763672,11.135000228881836,11.020000457763672,11.112500190734863,9.384941101074219,680000
2004-07-12,11.114999771118164,11.175000190734863,11.0625,11.167499542236328,9.431388854980469,387200
2004-07-13,11.15999984741211,11.232500076293945,11.107500076293945,11.125,9.39549446105957,546800
2004-07-14,11.125,11.154999732971191,10.992500305175781,11.024999618530273,9.311041831970215,1887200
2004-07-15,11.0,11.032500267028809,10.917499542236328,10.954999923706055,9.251924514770508,1005200
2004-07-16,10.954999923706055,11.112500190734863,10.954999923706055,11.012499809265137,9.300485610961914,569200
2004-07-19,11.050000190734863,11.050000190734863,10.875,10.897500038146973,9.203363418579102,798800
2004-07-20,10.875,11.012499809265137,10.875,10.989999771118164,9.281481742858887,841200
2004-07-21,11.024999618530273,11.1225004196167,10.952500343322754,10.987500190734863,9.279370307922363,740400
2004-07-22,10.987500190734863,11.145000457763672,10.984999656677246,11.125,9.39549446105957,1268000
2004-07-23,11.0625,11.0649995803833,10.977499961853027,11.005000114440918,9.29415225982666,504800
2004-07-26,11.0,11.037500381469727,10.90999984741211,10.952500343322754,9.249812126159668,337200
2004-07-27,11.25,11.802499771118164,11.25,11.800000190734863,9.965561866760254,5406400
2004-07-28,11.824999809265137,12.050000190734863,11.819999694824219,12.045000076293945,10.17247200012207,3759600
2004-07-29,12.045000076293945,12.114999771118164,11.962499618530273,11.962499618530273,10.102794647216797,2234000
2004-07-30,11.880000114440918,11.920000076293945,11.680000305175781,11.75,9.923333168029785,2091200
2004-08-02,11.75,12.022500038146973,11.75,11.832500457763672,9.993005752563477,1108800
2004-08-03,11.770000457763672,11.885000228881836,11.755000114440918,11.774999618530273,9.944443702697754,695600
2004-08-04,11.77750015258789,11.822500228881836,11.582500457763672,11.675000190734863,9.859992980957031,598000
2004-08-05,11.675000190734863,12.107500076293945,11.675000190734863,11.787500381469727,9.95500373840332,2558800
2004-08-06,11.737500190734863,11.742500305175781,11.510000228881836,11.567500114440918,9.769203186035156,1445600
2004-08-09,11.524999618530273,11.625,11.46500015258789,11.46500015258789,9.682639122009277,565200
2004-08-10,11.5,11.774999618530273,11.5,11.725000381469727,9.902217864990234,1409600
2004-08-11,11.699999809265137,11.702500343322754,11.522500038146973,11.555000305175781,9.758646965026855,735600
2004-08-12,11.579999923706055,11.625,11.357500076293945,11.462499618530273,9.680525779724121,540400
2004-08-13,11.462499618530273,11.5,11.4375,11.470000267028809,9.686861991882324,739200
2004-08-16,11.467499732971191,11.609999656677246,11.467499732971191,11.550000190734863,9.754424095153809,674000
2004-08-17,11.567500114440918,11.8100004196167,11.567500114440918,11.712499618530273,9.891661643981934,1193600
2004-08-18,11.75,11.805000305175781,11.680000305175781,11.762499809265137,9.933889389038086,511600
2004-08-19,11.699999809265137,11.867500305175781,11.649999618530273,11.662500381469727,9.84943675994873,1418800
2004-08-20,11.699999809265137,11.827500343322754,11.699999809265137,11.739999771118164,9.914887428283691,1062400
2004-08-23,11.800000190734863,11.802499771118164,11.654999732971191,11.654999732971191,9.843101501464844,643200
2004-08-24,11.712499618530273,11.762499809265137,11.662500381469727,11.675000190734863,9.859992980957031,1532000
2004-08-25,11.699999809265137,11.882499694824219,11.699999809265137,11.8725004196167,10.026790618896484,3261200
2004-08-26,11.925000190734863,11.977499961853027,11.857500076293945,11.857500076293945,10.014120101928711,2200400
2004-08-27,11.912500381469727,12.087499618530273,11.899999618530273,12.0600004196167,10.185140609741211,1325200
2004-08-30,12.074999809265137,12.100000381469727,11.977499961853027,11.987500190734863,10.123910903930664,972000
2004-08-31,11.975000381469727,12.039999961853027,11.917499542236328,12.032500267028809,10.161914825439453,727200
2004-09-01,12.057499885559082,12.164999961853027,12.057499885559082,12.087499618530273,10.20836353302002,1641200
2004-09-02,12.112500190734863,12.180000305175781,12.09000015258789,12.149999618530273,10.261146545410156,1796800
2004-09-03,12.112500190734863,12.154999732971191,11.920000076293945,11.932499885559082,10.077458381652832,1080000
2004-09-07,11.920000076293945,12.012499809265137,11.907500267028809,11.912500381469727,10.06057071685791,1226400
2004-09-08,11.9375,12.029999732971191,11.885000228881836,11.899999618530273,10.050012588500977,1166800
2004-09-09,12.0,12.010000228881836,11.897500038146973,11.979999542236328,10.117578506469727,993600
2004-09-10,11.982500076293945,12.024999618530273,11.925000190734863,11.949999809265137,10.092239379882812,1260800
2004-09-13,11.96500015258789,12.0024995803833,11.862500190734863,11.882499694824219,10.035232543945312,1070000
2004-09-14,11.882499694824219,11.975000381469727,11.882499694824219,11.949999809265137,10.092239379882812,2254400
2004-09-15,11.987500190734863,12.225000381469727,11.977499961853027,12.170000076293945,10.278038024902344,2804800
2004-09-16,12.225000381469727,12.337499618530273,12.199999809265137,12.274999618530273,10.366715431213379,597600
2004-09-17,12.225000381469727,12.425000190734863,12.225000381469727,12.397500038146973,10.470170974731445,1086400
2004-09-20,12.397500038146973,12.577500343322754,12.397500038146973,12.449999809265137,10.514509201049805,1154000
2004-09-21,12.4375,12.75,12.4375,12.579999923706055,10.624299049377441,2208800
2004-09-22,12.5625,12.5625,12.460000038146973,12.529999732971191,10.582072257995605,1597200
2004-09-23,12.524999618530273,12.569999694824219,12.5,12.557499885559082,10.605297088623047,1240000
2004-09-24,12.557499885559082,12.6875,12.557499885559082,12.672499656677246,10.70241928100586,1241200
2004-09-27,12.672499656677246,12.75,12.579999923706055,12.637499809265137,10.672861099243164,1842400
2004-09-28,12.637499809265137,13.100000381469727,12.632499694824219,13.074999809265137,11.042346954345703,2160800
2004-09-29,12.944999694824219,13.332500457763672,12.944999694824219,13.225000381469727,11.169028282165527,4031600
2004-09-30,13.162500381469727,13.270000457763672,13.137499809265137,13.182499885559082,11.133136749267578,1501200
2004-10-01,13.25,13.412500381469727,13.244999885559082,13.3774995803833,11.297821044921875,1462800
2004-10-04,13.4375,13.579999923706055,13.4375,13.557499885559082,11.449836730957031,1113600
2004-10-05,13.555000305175781,13.675000190734863,13.5024995803833,13.602499961853027,11.487838745117188,2916400
2004-10-06,13.602499961853027,13.84749984741211,13.479999542236328,13.829999923706055,11.679972648620605,1758800
2004-10-07,13.829999923706055,13.832500457763672,13.734999656677246,13.760000228881836,11.620857238769531,1573600
2004-10-08,13.760000228881836,13.767499923706055,13.449999809265137,13.479999542236328,11.384384155273438,2123200
2004-10-11,13.47249984741211,13.637499809265137,13.47249984741211,13.4975004196167,11.399166107177734,943200
2004-10-12,13.487500190734863,13.680000305175781,13.359999656677246,13.680000305175781,11.553291320800781,2555200
2004-10-13,13.600000381469727,13.77750015258789,13.452500343322754,13.5024995803833,11.403386116027832,1162000
2004-10-14,13.462499618530273,13.552499771118164,13.287500381469727,13.319999694824219,11.249258041381836,1382400
2004-10-15,13.237500190734863,13.457500457763672,13.229999542236328,13.324999809265137,11.253480911254883,921600
2004-10-18,13.199999809265137,13.367500305175781,13.182499885559082,13.352499961853027,11.276704788208008,2153200
2004-10-19,13.352499961853027,13.520000457763672,13.350000381469727,13.40250015258789,11.31893253326416,2285600
2004-10-20,13.387499809265137,13.414999961853027,13.25,13.3100004196167,11.240814208984375,1963600
2004-10-21,13.329999923706055,13.6875,13.297499656677246,13.675000190734863,11.549070358276367,1541200
2004-10-22,13.8125,14.02750015258789,13.699999809265137,13.800000190734863,11.654638290405273,3855200
2004-10-25,13.8125,13.832500457763672,13.442500114440918,13.442500114440918,11.352714538574219,1380800
2004-10-26,13.387499809265137,13.572500228881836,13.359999656677246,13.512499809265137,11.411833763122559,1788800
2004-10-27,13.574999809265137,13.739999771118164,13.477499961853027,13.682499885559082,11.555402755737305,1703200
2004-10-28,13.682499885559082,13.725000381469727,13.609999656677246,13.664999961853027,11.540624618530273,2096000
2004-10-29,13.664999961853027,13.782500267028809,13.65999984741211,13.75,11.612410545349121,2828800
2004-11-01,13.772500038146973,13.942500114440918,13.767499923706055,13.942500114440918,11.774983406066895,1023200
2004-11-02,13.967499732971191,14.220000267028809,13.954999923706055,13.994999885559082,11.819320678710938,1644400
2004-11-03,14.057499885559082,14.180000305175781,14.057499885559082,14.125,11.92911148071289,884800
2004-11-04,14.125,14.27750015258789,14.125,14.272500038146973,12.053681373596191,1223600
2004-11-05,14.2475004196167,14.25,14.005000114440918,14.03499984741211,11.853104591369629,2185600
2004-11-08,13.987500190734863,13.9975004196167,13.707500457763672,13.792499542236328,11.648303031921387,1669600
2004-11-09,13.774999618530273,14.005000114440918,13.7524995803833,13.925000190734863,11.760205268859863,566000
2004-11-10,13.922499656677246,14.140000343322754,13.895000457763672,13.962499618530273,11.791874885559082,1160800
2004-11-11,13.962499618530273,14.470000267028809,13.907500267028809,14.367500305175781,12.1339111328125,1744400
2004-11-12,14.359999656677246,14.53499984741211,14.350000381469727,14.5,12.245814323425293,1726800
2004-11-15,14.460000038146973,14.6274995803833,14.397500038146973,14.557499885559082,12.294374465942383,563600
2004-11-16,14.550000190734863,14.667499542236328,14.550000190734863,14.59000015258789,12.321823120117188,1569600
2004-11-17,14.59000015258789,14.789999961853027,14.59000015258789,14.682499885559082,12.399940490722656,1105200
2004-11-18,14.675000190734863,14.807499885559082,14.657500267028809,14.807499885559082,12.505510330200195,781200
2004-11-19,14.782500267028809,14.8100004196167,14.6875,14.707500457763672,12.421055793762207,1974000
2004-11-22,14.6875,14.8100004196167,14.6875,14.7475004196167,12.454838752746582,1162800
2004-11-23,14.774999618530273,14.875,14.697500228881836,14.832500457763672,12.526622772216797,1118800
2004-11-24,14.862500190734863,15.037500381469727,14.854999542236328,15.02750015258789,12.69130802154541,724400
2004-11-26,14.875,15.407500267028809,14.875,15.390000343322754,12.997454643249512,650000
2004-11-29,15.487500190734863,15.5649995803833,15.420000076293945,15.5,13.090353012084961,2064000
2004-11-30,15.649999618530273,15.692500114440918,15.524999618530273,15.567500114440918,13.147358894348145,1690800
2004-12-01,15.592499732971191,15.664999961853027,15.449999809265137,15.662500381469727,13.227590560913086,1967600
2004-12-02,15.619999885559082,15.619999885559082,15.305000305175781,15.350000381469727,12.963672637939453,1322800
2004-12-03,15.350000381469727,15.390000343322754,15.012499809265137,15.119999885559082,12.769428253173828,2308400
2004-12-06,15.1225004196167,15.1225004196167,14.987500190734863,14.994999885559082,12.663861274719238,1278400
2004-12-07,14.994999885559082,15.015000343322754,14.912500381469727,14.932499885559082,12.611077308654785,1198000
2004-12-08,14.787500381469727,14.970000267028809,14.697500228881836,14.845000267028809,12.537181854248047,1082800
2004-12-09,14.720000267028809,14.767499923706055,14.475000381469727,14.547499656677246,12.285928726196289,3046400
2004-12-10,14.547499656677246,14.547499656677246,14.350000381469727,14.382499694824219,12.14658260345459,2667200
2004-12-13,14.425000190734863,14.837499618530273,14.40999984741211,14.6875,12.404165267944336,3031200
2004-12-14,14.675000190734863,14.949999809265137,14.675000190734863,14.862500190734863,12.551958084106445,1826400
2004-12-15,14.875,14.930000305175781,14.682499885559082,14.904999732971191,12.587854385375977,2782400
2004-12-16,14.854999542236328,14.925000190734863,14.770000457763672,14.789999961853027,12.490729331970215,1463200
2004-12-17,14.914999961853027,14.914999961853027,14.654999732971191,14.765000343322754,12.469618797302246,820800
2004-12-20,14.75,14.824999809265137,14.72249984741211,14.774999618530273,12.47806167602539,1060400
2004-12-21,14.774999618530273,14.824999809265137,14.737500190734863,14.782500267028809,12.484395980834961,1335200
2004-12-22,14.762499809265137,14.8100004196167,14.717499732971191,14.787500381469727,12.488619804382324,1122000
2004-12-23,14.800000190734863,14.842499732971191,14.744999885559082,14.795000076293945,12.494952201843262,1024800
2004-12-27,14.75,14.802499771118164,14.725000381469727,14.77750015258789,12.480175018310547,1211600
2004-12-28,14.795000076293945,15.180000305175781,14.779999732971191,15.175000190734863,12.815877914428711,3594800
2004-12-29,15.1875,15.217499732971191,15.077500343322754,15.197500228881836,12.834879875183105,888000
2004-12-30,15.182499885559082,15.197500228881836,14.984999656677246,15.100000381469727,12.752537727355957,837600
2004-12-31,15.125,15.172499656677246,15.077500343322754,15.125,12.773651123046875,306000
2005-01-03,15.125,15.170000076293945,14.885000228881836,14.962499618530273,12.63641357421875,1399200
2005-01-04,14.9375,14.947500228881836,14.470000267028809,14.475000381469727,12.224699974060059,2042800
2005-01-05,14.5649995803833,14.574999809265137,14.399999618530273,14.454999923706055,12.207810401916504,1361200
2005-01-06,14.5,14.6875,14.239999771118164,14.5024995803833,12.247925758361816,1787600
2005-01-07,14.5625,14.625,14.375,14.387499809265137,12.150803565979004,990400
2005-01-10,14.385000228881836,14.574999809265137,14.34000015258789,14.449999809265137,12.203587532043457,638400
2005-01-11,14.489999771118164,14.572500228881836,14.045000076293945,14.137499809265137,11.93967056274414,1477600
2005-01-12,14.229999542236328,14.447500228881836,14.02750015258789,14.427499771118164,12.184584617614746,1371600
2005-01-13,14.427499771118164,14.479999542236328,14.25,14.324999809265137,12.098020553588867,1551200
2005-01-14,14.3149995803833,14.727499961853027,14.289999961853027,14.712499618530273,12.42527961730957,1978400
2005-01-18,14.800000190734863,15.107500076293945,14.574999809265137,15.102499961853027,12.754648208618164,2109200
2005-01-19,15.102499961853027,15.255000114440918,14.977499961853027,15.085000038146973,12.7398681640625,3437600
2005-01-20,15.024999618530273,15.02750015258789,14.667499542236328,14.682499885559082,12.399940490722656,2112400
2005-01-21,14.694999694824219,14.720000267028809,14.362500190734863,14.4399995803833,12.195141792297363,3727200
2005-01-24,14.5,14.522500038146973,14.422499656677246,14.452500343322754,12.20569896697998,1346000
2005-01-25,14.449999809265137,14.592499732971191,14.387499809265137,14.387499809265137,12.150803565979004,1488400
2005-01-26,14.4375,14.875,14.425000190734863,14.832500457763672,12.526622772216797,2188400
2005-01-27,14.772500038146973,14.90250015258789,14.619999885559082,14.6225004196167,12.349271774291992,2118000
2005-01-28,14.6850004196167,14.699999809265137,14.494999885559082,14.545000076293945,12.283818244934082,1450000
2005-01-31,14.680000305175781,14.832500457763672,14.617500305175781,14.707500457763672,12.421055793762207,2142000
2005-02-01,14.707500457763672,15.307499885559082,14.707500457763672,15.199999809265137,12.836993217468262,3448000
2005-02-02,15.414999961853027,15.489999771118164,15.265000343322754,15.332500457763672,12.948894500732422,1840400
2005-02-03,15.375,15.390000343322754,15.1899995803833,15.3125,12.932002067565918,869600
2005-02-04,15.300000190734863,15.625,15.300000190734863,15.577500343322754,13.155806541442871,2081600
2005-02-07,15.5625,15.75,15.425000190734863,15.702500343322754,13.261373519897461,1716800
2005-02-08,15.75,15.772500038146973,15.649999618530273,15.702500343322754,13.261373519897461,1175600
2005-02-09,15.640000343322754,15.774999618530273,15.579999923706055,15.649999618530273,13.217033386230469,1908000
2005-02-10,15.649999618530273,16.049999237060547,15.649999618530273,15.932499885559082,13.455615997314453,1874400
2005-02-11,15.932499885559082,16.075000762939453,15.789999961853027,15.922499656677246,13.447172164916992,1046400
2005-02-14,15.925000190734863,16.020000457763672,15.647500038146973,15.662500381469727,13.227590560913086,950800
2005-02-15,15.725000381469727,15.97249984741211,15.725000381469727,15.907500267028809,13.434505462646484,1158400
2005-02-16,15.857500076293945,15.892499923706055,15.72249984741211,15.867500305175781,13.40072250366211,1224000
2005-02-17,15.864999771118164,15.949999809265137,15.78499984741211,15.867500305175781,13.40072250366211,1194400
2005-02-18,15.892499923706055,15.989999771118164,15.609999656677246,15.762499809265137,13.312044143676758,1862000
2005-02-22,15.774999618530273,15.890000343322754,15.712499618530273,15.732500076293945,13.28670883178711,2255600
2005-02-23,15.850000381469727,15.947500228881836,15.664999961853027,15.797499656677246,13.34160327911377,2436000
2005-02-24,15.807499885559082,15.90250015258789,15.762499809265137,15.859999656677246,13.394386291503906,942400
2005-02-25,15.899999618530273,16.219999313354492,15.895000457763672,16.142499923706055,13.632967948913574,1883600
2005-02-28,16.239999771118164,16.309999465942383,15.994999885559082,16.112499237060547,13.607632637023926,1409600
2005-03-01,16.25,16.354999542236328,16.172500610351562,16.287500381469727,13.755428314208984,1872000
2005-03-02,16.287500381469727,16.447500228881836,16.2549991607666,16.389999389648438,13.841991424560547,897600
2005-03-03,16.387500762939453,16.487499237060547,16.174999237060547,16.302499771118164,13.768095016479492,1318000
2005-03-04,16.399999618530273,16.434999465942383,16.270000457763672,16.3174991607666,13.780762672424316,1210400
2005-03-07,16.28499984741211,16.357500076293945,16.274999618530273,16.287500381469727,13.755428314208984,1190400
2005-03-08,16.337499618530273,16.337499618530273,16.149999618530273,16.15250015258789,13.6414155960083,645600
2005-03-09,16.0625,16.125,15.922499656677246,15.9350004196167,13.457727432250977,644400
2005-03-10,15.8774995803833,15.914999961853027,15.225000381469727,15.25,12.879218101501465,4039200
2005-03-11,15.307499885559082,15.454999923706055,15.297499656677246,15.387499809265137,12.995342254638672,3044800
2005-03-14,15.40250015258789,15.494999885559082,14.9399995803833,15.022500038146973,12.68708610534668,2060000
2005-03-15,15.0,15.112500190734863,14.75,14.77750015258789,12.480175018310547,2812000
2005-03-16,14.72249984741211,14.832500457763672,14.600000381469727,14.822500228881836,12.518178939819336,2460800
2005-03-17,14.774999618530273,15.0,14.75,14.949999809265137,12.625855445861816,2515200
2005-03-18,15.02750015258789,15.029999732971191,14.84000015258789,14.949999809265137,12.625855445861816,1432800
2005-03-21,14.887499809265137,14.949999809265137,14.762499809265137,14.875,12.562515258789062,1066400
2005-03-22,14.875,14.949999809265137,14.625,14.657500267028809,12.378829002380371,2383600
2005-03-23,14.574999809265137,14.632499694824219,13.987500190734863,14.125,11.92911148071289,3398400
2005-03-24,14.1875,14.234999656677246,14.0600004196167,14.147500038146973,11.948113441467285,2596400
2005-03-28,14.197500228881836,14.274999618530273,14.140000343322754,14.140000343322754,11.941780090332031,1351200
2005-03-29,14.199999809265137,14.302499771118164,14.095000267028809,14.15999984741211,11.958671569824219,2275600
2005-03-30,14.09749984741211,14.692500114440918,14.09749984741211,14.6225004196167,12.349271774291992,3928400
2005-03-31,14.6225004196167,14.819999694824219,14.574999809265137,14.699999809265137,12.41472339630127,1991200
2005-04-01,14.75,14.914999961853027,14.704999923706055,14.720000267028809,12.431612968444824,3071600
2005-04-04,14.720000267028809,14.725000381469727,14.430000305175781,14.444999694824219,12.199363708496094,1059600
2005-04-05,14.470000267028809,14.6274995803833,14.119999885559082,14.1875,11.981895446777344,2346800
2005-04-06,14.037500381469727,14.109999656677246,13.770000457763672,13.880000114440918,11.722200393676758,5238800
2005-04-07,13.899999618530273,14.15250015258789,13.882499694824219,14.087499618530273,11.897442817687988,4044400
2005-04-08,14.237500190734863,14.300000190734863,13.994999885559082,14.125,11.92911148071289,2835600
2005-04-11,14.225000381469727,14.234999656677246,13.9399995803833,13.970000267028809,11.798210144042969,1649200
2005-04-12,13.9375,14.067500114440918,13.78499984741211,14.020000457763672,11.840435028076172,1863600
2005-04-13,14.045000076293945,14.117500305175781,13.850000381469727,13.962499618530273,11.791874885559082,1393600
2005-04-14,13.949999809265137,13.954999923706055,13.517499923706055,13.600000381469727,11.485730171203613,1609600
2005-04-15,13.449999809265137,13.632499694824219,13.225000381469727,13.2524995803833,11.192252159118652,3197600
2005-04-18,13.199999809265137,13.305000305175781,12.987500190734863,13.1875,11.13735580444336,1860800
2005-04-19,13.625,13.944999694824219,13.489999771118164,13.8725004196167,11.715866088867188,4567600
2005-04-20,13.8125,13.84000015258789,13.595000267028809,13.680000305175781,11.553291320800781,1482000
2005-04-21,13.755000114440918,14.09000015258789,13.637499809265137,14.03499984741211,11.853104591369629,2832400
2005-04-22,14.050000190734863,14.137499809265137,13.734999656677246,13.857500076293945,11.703198432922363,1510000
2005-04-25,13.8125,14.399999618530273,13.795000076293945,14.387499809265137,12.150803565979004,2668800
2005-04-26,14.1875,14.727499961853027,14.175000190734863,14.617500305175781,12.345046997070312,2838000
2005-04-27,14.614999771118164,14.614999771118164,14.114999771118164,14.25,12.034679412841797,2967200
2005-04-28,14.202500343322754,14.202500343322754,13.890000343322754,13.9375,11.770760536193848,1688400
2005-04-29,14.0625,14.085000038146973,13.887499809265137,14.045000076293945,11.86154842376709,1937200
2005-05-02,14.107500076293945,14.15250015258789,13.920000076293945,14.02750015258789,11.846770286560059,1322400
2005-05-03,14.0,14.197500228881836,13.920000076293945,14.109999656677246,11.916444778442383,2076000
2005-05-04,14.15999984741211,14.532500267028809,14.039999961853027,14.5,12.245814323425293,1880800
2005-05-05,14.625,14.757499694824219,14.387499809265137,14.557499885559082,12.294374465942383,1673200
2005-05-06,14.699999809265137,14.757499694824219,14.524999618530273,14.547499656677246,12.285928726196289,1736400
2005-05-09,14.547499656677246,14.625,14.470000267028809,14.607500076293945,12.336602210998535,1928800
2005-05-10,14.5625,14.604999542236328,14.337499618530273,14.399999618530273,12.161361694335938,1214800
2005-05-11,14.375,14.3774995803833,14.199999809265137,14.295000076293945,12.072683334350586,1237200
2005-05-12,14.25,14.487500190734863,14.175000190734863,14.182499885559082,11.977673530578613,1436400
2005-05-13,14.194999694824219,14.194999694824219,13.864999771118164,13.942500114440918,11.774983406066895,2442800
2005-05-16,13.949999809265137,14.107500076293945,13.9399995803833,14.02750015258789,11.846770286560059,1320400
2005-05-17,14.0,14.1850004196167,13.984999656677246,14.170000076293945,11.96711540222168,1355200
2005-05-18,14.182499885559082,14.637499809265137,14.157500267028809,14.635000228881836,12.359825134277344,2000000
2005-05-19,14.625,14.795000076293945,14.532500267028809,14.792499542236328,12.492841720581055,1536800
2005-05-20,14.774999618530273,14.947500228881836,14.579999923706055,14.9350004196167,12.613187789916992,1094400
2005-05-23,14.462499618530273,14.994999885559082,14.449999809265137,14.9350004196167,12.613187789916992,2038800
2005-05-24,14.9350004196167,15.324999809265137,14.862500190734863,15.237500190734863,12.868660926818848,2562800
2005-05-25,14.587499618530273,14.8100004196167,14.53499984741211,14.787500381469727,12.62051773071289,2160800
2005-05-26,14.787500381469727,15.024999618530273,14.762499809265137,15.0,12.801877975463867,1228800
2005-05-27,15.012499809265137,15.197500228881836,14.987500190734863,15.132499694824219,12.914961814880371,1059200
2005-05-31,15.130000114440918,15.130000114440918,14.8725004196167,15.0,12.801877975463867,914000
2005-06-01,14.949999809265137,15.125,14.912500381469727,15.032500267028809,12.829617500305176,1204400
2005-06-02,15.0,15.289999961853027,14.984999656677246,15.212499618530273,12.983238220214844,1423200
2005-06-03,15.25,15.25,15.017499923706055,15.095000267028809,12.88295841217041,1554400
2005-06-06,15.102499961853027,15.15250015258789,14.822500228881836,14.925000190734863,12.737870216369629,1598800
2005-06-07,14.925000190734863,15.1274995803833,14.899999618530273,14.9350004196167,12.746403694152832,1103200
2005-06-08,14.9350004196167,15.024999618530273,14.880000114440918,14.949999809265137,12.75920581817627,742800
2005-06-09,14.887499809265137,14.957500457763672,14.8100004196167,14.932499885559082,12.744270324707031,2149200
2005-06-10,14.957500457763672,15.092499732971191,14.899999618530273,14.925000190734863,12.737870216369629,1000000
2005-06-13,14.899999618530273,14.975000381469727,14.824999809265137,14.932499885559082,12.744270324707031,809200
2005-06-14,14.932499885559082,15.1850004196167,14.770000457763672,15.1850004196167,12.959769248962402,1729600
2005-06-15,15.192500114440918,15.354999542236328,15.1274995803833,15.327500343322754,13.081387519836426,1292400
2005-06-16,15.324999809265137,15.5,15.300000190734863,15.487500190734863,13.217939376831055,992000
2005-06-17,15.5625,15.59749984741211,15.4375,15.489999771118164,13.220072746276855,1812400
2005-06-20,15.399999618530273,15.539999961853027,15.350000381469727,15.454999923706055,13.190202713012695,1618400
2005-06-21,15.425000190734863,15.524999618530273,15.40999984741211,15.489999771118164,13.220072746276855,1120800
2005-06-22,15.507499694824219,15.567500114440918,15.342499732971191,15.40250015258789,13.145393371582031,1585600
2005-06-23,15.345000267028809,15.475000381469727,15.287500381469727,15.3125,13.068585395812988,952000
2005-06-24,15.287500381469727,15.40999984741211,15.287500381469727,15.362500190734863,13.111257553100586,744000
2005-06-27,15.329999923706055,15.612500190734863,15.329999923706055,15.515000343322754,13.241411209106445,1351600
2005-06-28,15.550000190734863,15.572500228881836,15.414999961853027,15.462499618530273,13.196600914001465,670000
2005-06-29,15.462499618530273,15.542499542236328,15.425000190734863,15.5,13.228609085083008,514000
2005-06-30,15.524999618530273,15.600000381469727,15.492500305175781,15.522500038146973,13.247811317443848,1618800
2005-07-01,15.522500038146973,15.670000076293945,15.432499885559082,15.582500457763672,13.299019813537598,834000
2005-07-05,15.582500457763672,15.864999771118164,15.5,15.8149995803833,13.497447967529297,1171200
2005-07-06,15.774999618530273,16.042499542236328,15.774999618530273,15.9350004196167,13.599862098693848,1754000
2005-07-07,15.75,15.952500343322754,15.737500190734863,15.952500343322754,13.61479663848877,2139600
2005-07-08,15.960000038146973,16.122499465942383,15.960000038146973,16.059999465942383,13.70654582977295,2878800
2005-07-11,16.059999465942383,16.25,15.979999542236328,15.987500190734863,13.644669532775879,822400
2005-07-12,15.925000190734863,16.125,15.875,15.977499961853027,13.636134147644043,1346400
2005-07-13,15.9975004196167,16.239999771118164,15.9975004196167,16.19499969482422,13.821762084960938,909600
2005-07-14,16.325000762939453,16.4325008392334,16.247499465942383,16.4325008392334,14.024459838867188,2076000
2005-07-15,16.4950008392334,16.587499618530273,16.332500457763672,16.475000381469727,14.060730934143066,3598800
2005-07-18,16.537500381469727,16.537500381469727,16.25749969482422,16.302499771118164,13.913508415222168,1408400
2005-07-19,16.362499237060547,16.477500915527344,16.262500762939453,16.3700008392334,13.971116065979004,1032800
2005-07-20,16.1875,16.739999771118164,16.172500610351562,16.6924991607666,14.246355056762695,2477200
2005-07-21,16.8125,16.885000228881836,16.6875,16.8075008392334,14.344507217407227,1627200
2005-07-22,16.917499542236328,16.975000381469727,16.844999313354492,16.959999084472656,14.47465705871582,1418800
2005-07-25,16.9375,16.954999923706055,16.537500381469727,16.55500030517578,14.129009246826172,2051200
2005-07-26,16.524999618530273,16.747499465942383,16.510000228881836,16.600000381469727,14.167412757873535,1395200
2005-07-27,16.625,16.672500610351562,16.422500610351562,16.6200008392334,14.18448257446289,1155600
2005-07-28,16.649999618530273,16.74250030517578,16.520000457763672,16.582500457763672,14.152477264404297,1074800
2005-07-29,16.582500457763672,16.674999237060547,16.34749984741211,16.49250030517578,14.075664520263672,1341600
2005-08-01,16.542499542236328,16.782499313354492,16.530000686645508,16.729999542236328,14.278358459472656,1619200
2005-08-02,16.75,16.93000030517578,16.59749984741211,16.700000762939453,14.252762794494629,2172400
2005-08-03,16.674999237060547,16.762500762939453,16.552499771118164,16.622499465942383,14.186613082885742,1254400
2005-08-04,16.612499237060547,16.75,16.5625,16.635000228881836,14.197281837463379,1267600
2005-08-05,16.717500686645508,16.717500686645508,16.270000457763672,16.385000228881836,13.983919143676758,1426000
2005-08-08,16.40250015258789,16.454999923706055,16.360000610351562,16.362499237060547,13.964714050292969,1116400
2005-08-09,16.387500762939453,16.545000076293945,16.372499465942383,16.5,14.082067489624023,884800
2005-08-10,16.65250015258789,16.74250030517578,16.600000381469727,16.719999313354492,14.269826889038086,1871200
2005-08-11,16.762500762939453,16.762500762939453,16.53499984741211,16.607500076293945,14.17381477355957,1976000
2005-08-12,16.5625,16.572500228881836,16.352500915527344,16.4950008392334,14.077801704406738,1175600
2005-08-15,16.5,16.600000381469727,16.424999237060547,16.579999923706055,14.150344848632812,900000
2005-08-16,16.610000610351562,16.610000610351562,16.287500381469727,16.302499771118164,13.913508415222168,982800
2005-08-17,16.299999237060547,16.302499771118164,16.100000381469727,16.209999084472656,13.834564208984375,2261200
2005-08-18,16.227500915527344,16.247499465942383,16.15250015258789,16.177499771118164,13.806825637817383,981600
2005-08-19,16.225000381469727,16.262500762939453,16.087499618530273,16.137500762939453,13.772688865661621,676800
2005-08-22,16.137500762939453,16.280000686645508,16.137500762939453,16.25,13.868703842163086,1091200
2005-08-23,16.287500381469727,16.34749984741211,16.172500610351562,16.204999923706055,13.830296516418457,898000
2005-08-24,16.145000457763672,16.145000457763672,15.725000381469727,15.739999771118164,13.433438301086426,2606400
2005-08-25,15.862500190734863,15.992500305175781,15.800000190734863,15.904999732971191,13.574257850646973,1640000
2005-08-26,15.904999732971191,15.987500190734863,15.875,15.920000076293945,13.58705997467041,1042400
2005-08-29,15.875,15.907500267028809,15.725000381469727,15.802499771118164,13.486778259277344,896400
2005-08-30,15.802499771118164,15.850000381469727,15.587499618530273,15.617500305175781,13.328887939453125,1683600
2005-08-31,15.617500305175781,15.699999809265137,15.487500190734863,15.699999809265137,13.399300575256348,3145200
2005-09-01,15.699999809265137,16.037500381469727,15.699999809265137,15.9375,13.601995468139648,3004800
2005-09-02,15.962499618530273,16.212499618530273,15.84749984741211,16.102500915527344,13.742818832397461,2138400
2005-09-06,16.262500762939453,16.614999771118164,16.25,16.577499389648438,14.148207664489746,2460800
2005-09-07,16.577499389648438,16.81999969482422,16.577499389648438,16.802499771118164,14.340237617492676,3004800
2005-09-08,16.8125,16.827499389648438,16.665000915527344,16.717500686645508,14.267692565917969,1550000
2005-09-09,16.737499237060547,16.912500381469727,16.725000381469727,16.877500534057617,14.404248237609863,930800
2005-09-12,16.924999237060547,17.024999618530273,16.889999389648438,16.950000762939453,14.46612548828125,692800
2005-09-13,16.899999618530273,16.950000762939453,16.729999542236328,16.950000762939453,14.46612548828125,1658800
2005-09-14,16.950000762939453,17.447500228881836,16.9375,17.412500381469727,14.860847473144531,4551600
2005-09-15,17.469999313354492,17.80500030517578,17.469999313354492,17.69499969482422,15.101947784423828,4960800
2005-09-16,17.737499237060547,18.024999618530273,17.737499237060547,17.982500076293945,15.347319602966309,3021600
2005-09-19,18.045000076293945,18.422500610351562,17.952499389648438,18.165000915527344,15.50307559967041,4098800
2005-09-20,18.165000915527344,18.174999237060547,17.637500762939453,17.65999984741211,15.072077751159668,4032800
2005-09-21,17.649999618530273,17.697500228881836,17.549999237060547,17.625,15.042206764221191,2712000
2005-09-22,17.625,17.670000076293945,17.475000381469727,17.489999771118164,14.92699146270752,2001600
2005-09-23,17.375,17.5,17.149999618530273,17.40999984741211,14.85871410369873,2791600
2005-09-26,17.375,17.46500015258789,17.3174991607666,17.322500228881836,14.784036636352539,2348800
2005-09-27,17.260000228881836,17.399999618530273,17.114999771118164,17.3700008392334,14.824575424194336,2157200
2005-09-28,17.420000076293945,17.625,17.420000076293945,17.517499923706055,14.950459480285645,2070400
2005-09-29,17.809999465942383,17.907499313354492,17.59000015258789,17.6299991607666,15.046476364135742,2038400
2005-09-30,17.6299991607666,17.977500915527344,17.607500076293945,17.927499771118164,15.30038070678711,3267200
2005-10-03,17.899999618530273,18.232500076293945,17.860000610351562,18.202499389648438,15.535077095031738,2300000
2005-10-04,18.200000762939453,18.372499465942383,18.100000381469727,18.125,15.468939781188965,3214800
2005-10-05,18.174999237060547,18.207500457763672,17.657499313354492,17.674999237060547,15.084879875183105,1592800
2005-10-06,17.612499237060547,17.72249984741211,17.1924991607666,17.3075008392334,14.771236419677734,2362000
2005-10-07,17.3075008392334,17.412500381469727,17.040000915527344,17.287500381469727,14.754165649414062,1742000
2005-10-10,17.4375,17.4375,17.149999618530273,17.170000076293945,14.65388298034668,1139600
2005-10-11,17.172500610351562,17.200000762939453,16.915000915527344,16.952499389648438,14.468253135681152,2759600
2005-10-12,17.014999389648438,17.030000686645508,16.709999084472656,16.844999313354492,14.376509666442871,3842800
2005-10-13,16.844999313354492,16.844999313354492,16.454999923706055,16.702499389648438,14.254890441894531,2840000
2005-10-14,16.875,16.982500076293945,16.725000381469727,16.9375,14.455455780029297,2506800
2005-10-17,16.924999237060547,17.1875,16.877500534057617,17.177499771118164,14.660284996032715,1279200
2005-10-18,17.212499618530273,17.212499618530273,16.967500686645508,17.042499542236328,14.545066833496094,1908400
2005-10-19,16.889999389648438,17.1200008392334,16.600000381469727,17.114999771118164,14.606942176818848,2335600
2005-10-20,17.127500534057617,17.232500076293945,16.962499618530273,17.002500534057617,14.510929107666016,1770800
2005-10-21,17.030000686645508,17.3125,17.02750015258789,17.262500762939453,14.732830047607422,1742800
2005-10-24,17.262500762939453,17.825000762939453,17.262500762939453,17.787500381469727,15.18089485168457,3043200
2005-10-25,17.799999237060547,18.375,17.799999237060547,18.142499923706055,15.483872413635254,3866000
2005-10-26,18.272499084472656,18.372499465942383,18.059999465942383,18.09000015258789,15.43906307220459,2188000
2005-10-27,18.112499237060547,18.112499237060547,17.787500381469727,17.829999923706055,15.217164993286133,1352800
2005-10-28,17.850000381469727,18.22249984741211,17.8174991607666,18.049999237060547,15.404930114746094,2275200
2005-10-31,18.052499771118164,18.292499542236328,18.037500381469727,18.274999618530273,15.596954345703125,2831200
2005-11-01,18.325000762939453,18.77750015258789,18.302499771118164,18.77750015258789,16.025814056396484,2109600
2005-11-02,18.825000762939453,18.832500457763672,18.520000457763672,18.662500381469727,15.9276704788208,1808800
2005-11-03,18.725000381469727,18.829999923706055,18.467500686645508,18.59000015258789,15.86579704284668,1878000
2005-11-04,18.782499313354492,18.782499313354492,18.61750030517578,18.649999618530273,15.91700267791748,1543200
2005-11-07,18.674999237060547,18.979999542236328,18.627500534057617,18.677499771118164,15.940472602844238,1282800
2005-11-08,18.649999618530273,18.697500228881836,18.549999237060547,18.625,15.895666122436523,696800
2005-11-09,18.625,18.747499465942383,18.547500610351562,18.735000610351562,15.989547729492188,1754400
2005-11-10,18.735000610351562,18.934999465942383,18.700000762939453,18.920000076293945,16.147436141967773,1544400
2005-11-11,18.875,19.412500381469727,18.875,19.377500534057617,16.537893295288086,4081600
2005-11-14,19.362499237060547,19.372499465942383,19.15999984741211,19.219999313354492,16.403470993041992,1315200
2005-11-15,19.3125,19.31999969482422,19.200000762939453,19.212499618530273,16.397071838378906,1402800
2005-11-16,19.25,19.5,19.149999618530273,19.5,16.642444610595703,1892000
2005-11-17,19.545000076293945,19.700000762939453,19.424999237060547,19.639999389648438,16.76192283630371,1908400
2005-11-18,19.625,19.899999618530273,19.6200008392334,19.860000610351562,16.949687957763672,2510400
2005-11-21,19.875,20.114999771118164,19.860000610351562,20.042499542236328,17.105440139770508,1468800
2005-11-22,20.05500030517578,20.06999969482422,19.809999465942383,19.969999313354492,17.04356575012207,1390800
2005-11-23,19.987499237060547,20.0,19.770000457763672,19.827499389648438,16.92194938659668,2653600
2005-11-25,19.774999618530273,19.875,19.752500534057617,19.852500915527344,16.943286895751953,605200
2005-11-28,19.987499237060547,19.989999771118164,19.542499542236328,19.59749984741211,16.72565269470215,1762400
2005-11-29,19.649999618530273,19.81999969482422,19.627500534057617,19.704999923706055,16.817399978637695,1706400
2005-11-30,19.704999923706055,19.875,19.69499969482422,19.850000381469727,16.94114875793457,2402000
2005-12-01,19.9325008392334,20.149999618530273,19.9325008392334,20.087499618530273,17.143844604492188,2299200
2005-12-02,20.049999237060547,20.107500076293945,19.790000915527344,19.934999465942383,17.013694763183594,2198400
2005-12-05,19.872499465942383,20.049999237060547,19.825000762939453,20.024999618530273,17.090503692626953,1344400
2005-12-06,20.24250030517578,20.25,20.06999969482422,20.155000686645508,17.201457977294922,2896800
2005-12-07,20.165000915527344,20.809999465942383,20.165000915527344,20.774999618530273,17.730602264404297,3678800
2005-12-08,20.799999237060547,20.8700008392334,20.372499465942383,20.475000381469727,17.474559783935547,1675200
2005-12-09,20.56999969482422,20.602500915527344,20.327499389648438,20.512500762939453,17.506568908691406,2622800
2005-12-12,20.512500762939453,20.55500030517578,20.4375,20.47249984741211,17.47243309020996,1054800
2005-12-13,20.4950008392334,20.75,20.462499618530273,20.49250030517578,17.489503860473633,2654800
2005-12-14,20.4950008392334,20.50749969482422,20.3799991607666,20.454999923706055,17.45749855041504,610400
2005-12-15,20.625,20.977500915527344,20.530000686645508,20.5674991607666,17.55350685119629,3909600
2005-12-16,20.487499237060547,20.512500762939453,20.229999542236328,20.344999313354492,17.363615036010742,1809200
2005-12-19,20.344999313354492,20.36750030517578,19.950000762939453,19.950000762939453,17.026498794555664,1504000
2005-12-20,19.975000381469727,20.059999465942383,19.952499389648438,19.979999542236328,17.05210304260254,1909200
2005-12-21,20.0,20.024999618530273,19.837499618530273,19.940000534057617,17.017963409423828,2214000
2005-12-22,19.962499618530273,20.225000381469727,19.950000762939453,20.125,17.17585563659668,1525600
2005-12-23,20.137500762939453,20.200000762939453,20.1299991607666,20.149999618530273,17.197195053100586,580400
2005-12-27,20.170000076293945,20.287500381469727,20.15999984741211,20.172500610351562,17.216392517089844,954800
2005-12-28,20.1875,20.1924991607666,19.852500915527344,19.959999084472656,17.0350341796875,641600
2005-12-29,20.022499084472656,20.280000686645508,20.022499084472656,20.227500915527344,17.26333236694336,1332400
2005-12-30,20.1875,20.1875,19.950000762939453,20.125,17.17585563659668,633600
2006-01-03,20.375,20.90999984741211,20.354999542236328,20.887500762939453,17.826616287231445,2698000
2006-01-04,21.0,21.072500228881836,20.837499618530273,20.9375,17.869287490844727,1568800
2006-01-05,20.9950008392334,21.049999237060547,20.704999923706055,20.747499465942383,17.707128524780273,1413600
2006-01-06,20.887500762939453,20.950000762939453,20.862499237060547,20.927499771118164,17.86075782775879,1578000
2006-01-09,20.989999771118164,21.227500915527344,20.862499237060547,21.225000381469727,18.114656448364258,1610400
2006-01-10,21.1875,21.19499969482422,20.947500228881836,21.09000015258789,17.99944305419922,2746000
2006-01-11,21.125,21.1875,21.0674991607666,21.107500076293945,18.014373779296875,2234400
2006-01-12,21.112499237060547,21.139999389648438,20.860000610351562,20.88249969482422,17.822351455688477,1103200
2006-01-13,20.014999389648438,20.59749984741211,20.014999389648438,20.545000076293945,17.5343074798584,4746800
2006-01-17,20.399999618530273,20.399999618530273,20.052499771118164,20.165000915527344,17.209997177124023,2438800
2006-01-18,19.875,20.032499313354492,19.850000381469727,20.02750015258789,17.092641830444336,2214800
2006-01-19,20.207500457763672,20.674999237060547,20.170000076293945,20.649999618530273,17.623916625976562,1927200
2006-01-20,20.587499618530273,20.6825008392334,20.412500381469727,20.424999237060547,17.431888580322266,5557200
2006-01-23,20.549999237060547,20.764999389648438,20.549999237060547,20.747499465942383,17.707128524780273,2682400
2006-01-24,20.850000381469727,21.02750015258789,20.799999237060547,20.969999313354492,17.89702606201172,2776000
2006-01-25,21.149999618530273,21.282499313354492,21.13249969482422,21.25749969482422,18.142398834228516,3011200
2006-01-26,21.25,21.475000381469727,21.237499237060547,21.34749984741211,18.219209671020508,4944800
2006-01-27,21.399999618530273,21.53499984741211,21.012500762939453,21.049999237060547,17.965303421020508,3990400
2006-01-30,21.084999084472656,21.172500610351562,20.905000686645508,21.00749969482422,17.929031372070312,1998000
2006-01-31,21.0,21.0,20.862499237060547,20.887500762939453,17.826616287231445,2238000
2006-02-01,20.887500762939453,21.1299991607666,20.864999771118164,21.084999084472656,17.99517250061035,2628000
2006-02-02,21.147499084472656,21.190000534057617,20.75,20.94499969482422,17.875690460205078,1593200
2006-02-03,20.952499389648438,20.952499389648438,20.549999237060547,20.61750030517578,17.59618377685547,2110800
2006-02-06,20.649999618530273,20.829999923706055,20.642499923706055,20.697500228881836,17.664457321166992,839600
2006-02-07,20.697500228881836,20.709999084472656,20.290000915527344,20.290000915527344,17.316675186157227,1374000
2006-02-08,20.450000762939453,20.549999237060547,20.075000762939453,20.100000381469727,17.154518127441406,4181200
2006-02-09,20.094999313354492,20.387500762939453,19.940000534057617,20.362499237060547,17.3785457611084,6423200
2006-02-10,20.350000381469727,20.524999618530273,19.940000534057617,20.087499618530273,17.143844604492188,2670000
2006-02-13,20.200000762939453,20.200000762939453,19.795000076293945,19.829999923706055,16.924083709716797,2191200
2006-02-14,19.8125,19.829999923706055,19.547500610351562,19.662500381469727,16.781131744384766,3209600
2006-02-15,19.672500610351562,19.850000381469727,19.552499771118164,19.7549991607666,16.860074996948242,2034000
2006-02-16,19.762500762939453,20.139999389648438,19.762500762939453,20.139999389648438,17.18865394592285,1592000
2006-02-17,20.137500762939453,20.530000686645508,20.125,20.497499465942383,17.493764877319336,1833600
2006-02-21,20.649999618530273,20.655000686645508,20.30500030517578,20.342500686645508,17.361478805541992,2428000
2006-02-22,20.3700008392334,20.8700008392334,20.274999618530273,20.844999313354492,17.790342330932617,3212400
2006-02-23,20.875,20.924999237060547,20.674999237060547,20.897499084472656,17.83515167236328,1590800
2006-02-24,20.889999389648438,20.892499923706055,20.450000762939453,20.475000381469727,17.474559783935547,2356000
2006-02-27,20.399999618530273,20.625,20.2549991607666,20.2549991607666,17.286802291870117,1397600
2006-02-28,20.155000686645508,20.162500381469727,19.612499237060547,19.614999771118164,16.740589141845703,3716800
2006-03-01,19.825000762939453,19.957500457763672,19.61750030517578,19.787500381469727,16.8878116607666,3194400
2006-03-02,19.649999618530273,19.649999618530273,18.90250015258789,19.487499237060547,16.631776809692383,5685200
2006-03-03,19.424999237060547,19.622499465942383,19.239999771118164,19.3125,16.482419967651367,3050800
2006-03-06,19.375,19.69499969482422,19.375,19.489999771118164,16.633909225463867,3595200
2006-03-07,19.375,19.375,18.600000381469727,18.770000457763672,16.01941680908203,4686800
2006-03-08,18.69499969482422,18.989999771118164,18.635000228881836,18.9375,16.162370681762695,4776000
2006-03-09,19.28499984741211,19.34749984741211,19.0625,19.155000686645508,16.347999572753906,3279200
2006-03-10,19.1875,19.342500686645508,19.0,19.3075008392334,16.4781551361084,2296400
2006-03-13,19.412500381469727,19.875,19.399999618530273,19.752500534057617,16.857940673828125,2811600
2006-03-14,19.737499237060547,19.832500457763672,19.649999618530273,19.762500762939453,16.866477966308594,2132400
2006-03-15,19.799999237060547,19.897499084472656,19.760000228881836,19.787500381469727,16.8878116607666,1988000
2006-03-16,19.637500762939453,19.725000381469727,19.46500015258789,19.5575008392334,16.69152069091797,2215600
2006-03-17,19.670000076293945,19.700000762939453,19.350000381469727,19.540000915527344,16.676576614379883,1425200
2006-03-20,19.649999618530273,19.674999237060547,19.362499237060547,19.47249984741211,16.618976593017578,1825600
2006-03-21,19.475000381469727,19.475000381469727,18.979999542236328,19.072500228881836,16.277591705322266,2821200
2006-03-22,19.18000030517578,19.350000381469727,18.84000015258789,19.229999542236328,16.41200828552246,1777500
2006-03-23,19.3700008392334,19.540000915527344,19.030000686645508,19.1200008392334,16.31812858581543,2509200
2006-03-24,19.290000915527344,19.459999084472656,18.959999084472656,19.18000030517578,16.369335174560547,1261100
2006-03-27,19.110000610351562,19.270000457763672,19.0,19.18000030517578,16.369335174560547,2120700
2006-03-28,19.190000534057617,19.600000381469727,19.010000228881836,19.399999618530273,16.557098388671875,2140900
2006-03-29,19.540000915527344,19.969999313354492,19.270000457763672,19.829999923706055,16.924083709716797,1512800
2006-03-30,19.899999618530273,20.1299991607666,19.639999389648438,19.780000686645508,16.88141441345215,944200
2006-03-31,19.6200008392334,20.020000457763672,19.420000076293945,19.899999618530273,16.98382568359375,2278300
2006-04-03,20.0,20.200000762939453,19.899999618530273,19.979999542236328,17.05210304260254,1884200
2006-04-04,20.0,20.149999618530273,19.709999084472656,19.860000610351562,16.949687957763672,1153100
2006-04-05,19.799999237060547,20.399999618530273,19.709999084472656,20.329999923706055,17.350811004638672,2474700
2006-04-06,20.399999618530273,20.889999389648438,20.329999923706055,20.8799991607666,17.820213317871094,5302700
2006-04-07,20.5,20.760000228881836,20.31999969482422,20.510000228881836,17.504436492919922,2241500
2006-04-10,20.510000228881836,20.739999771118164,20.280000686645508,20.549999237060547,17.53857421875,1058600
2006-04-11,20.450000762939453,20.649999618530273,20.030000686645508,20.110000610351562,17.16305160522461,1147800
2006-04-12,20.200000762939453,20.360000610351562,19.8700008392334,19.979999542236328,17.05210304260254,3633200
2006-04-13,19.950000762939453,20.1200008392334,19.889999389648438,19.989999771118164,17.060636520385742,642800
2006-04-17,20.1200008392334,20.209999084472656,19.81999969482422,19.959999084472656,17.0350341796875,1603600
2006-04-18,20.100000381469727,20.610000610351562,19.950000762939453,20.450000762939453,17.453227996826172,1400900
2006-04-19,20.350000381469727,20.8799991607666,20.239999771118164,20.729999542236328,17.692195892333984,1887100
2006-04-20,20.950000762939453,21.440000534057617,20.6299991607666,21.420000076293945,18.28108024597168,2735700
2006-04-21,21.31999969482422,22.350000381469727,21.31999969482422,21.860000610351562,18.656606674194336,3671100
2006-04-24,21.979999542236328,22.079999923706055,21.700000762939453,21.790000915527344,18.596866607666016,1443700
2006-04-25,21.799999237060547,21.8799991607666,21.079999923706055,21.219999313354492,18.110389709472656,2561200
2006-04-26,21.190000534057617,21.639999389648438,21.149999618530273,21.3700008392334,18.238412857055664,2635800
2006-04-27,21.3700008392334,21.700000762939453,20.969999313354492,21.0,17.92263412475586,1799700
2006-04-28,21.100000381469727,21.610000610351562,21.049999237060547,21.200000762939453,18.09332275390625,2060800
2006-05-01,21.200000762939453,22.1200008392334,21.200000762939453,21.690000534057617,18.511516571044922,1438500
2006-05-02,21.84000015258789,22.18000030517578,21.6200008392334,22.18000030517578,18.929712295532227,1969300
2006-05-03,22.25,22.350000381469727,22.020000457763672,22.18000030517578,18.929712295532227,1079500
2006-05-04,22.149999618530273,22.350000381469727,22.049999237060547,22.09000015258789,18.852901458740234,1541400
2006-05-05,22.09000015258789,22.469999313354492,22.079999923706055,22.43000030517578,19.14307403564453,1617800
2006-05-08,22.43000030517578,22.799999237060547,22.350000381469727,22.75,19.416181564331055,2255300
2006-05-09,22.969999313354492,22.979999542236328,22.260000228881836,22.84000015258789,19.49299430847168,2268200
2006-05-10,22.84000015258789,22.989999771118164,22.600000381469727,22.8700008392334,19.518598556518555,948900
2006-05-11,22.860000610351562,22.950000762939453,21.940000534057617,22.209999084472656,18.95531463623047,1678300
2006-05-12,21.799999237060547,21.989999771118164,21.049999237060547,21.729999542236328,18.545652389526367,2112700
2006-05-15,21.350000381469727,21.450000762939453,20.799999237060547,21.100000381469727,18.007976531982422,1352200
2006-05-16,21.229999542236328,21.5,20.940000534057617,20.979999542236328,17.905561447143555,2716200
2006-05-17,20.84000015258789,20.979999542236328,19.81999969482422,20.079999923706055,17.13744354248047,2516100
2006-05-18,20.100000381469727,20.510000228881836,19.719999313354492,19.979999542236328,17.05210304260254,1670500
2006-05-19,19.899999618530273,20.020000457763672,19.200000762939453,19.729999542236328,16.83873748779297,2919100
2006-05-22,19.450000762939453,19.489999771118164,18.780000686645508,19.06999969482422,16.275453567504883,3725500
2006-05-23,19.149999618530273,19.469999313354492,18.81999969482422,18.829999923706055,16.070629119873047,2039900
2006-05-24,18.700000762939453,18.950000762939453,18.459999084472656,18.790000915527344,16.036489486694336,2063700
2006-05-25,18.899999618530273,19.530000686645508,18.899999618530273,19.43000030517578,16.582700729370117,1778600
2006-05-26,19.450000762939453,19.780000686645508,19.43000030517578,19.6299991607666,16.888986587524414,1522000
2006-05-30,19.479999542236328,19.479999542236328,18.760000228881836,18.899999618530273,16.260927200317383,1686200
2006-05-31,19.06999969482422,19.25,18.389999389648438,18.389999389648438,15.822136878967285,2253000
2006-06-01,18.440000534057617,19.389999389648438,18.420000076293945,19.360000610351562,16.656692504882812,1961900
2006-06-02,19.549999237060547,19.719999313354492,18.940000534057617,19.09000015258789,16.424392700195312,1437400
2006-06-05,19.139999389648438,19.3700008392334,18.530000686645508,18.559999465942383,15.968395233154297,1296700
2006-06-06,18.56999969482422,18.56999969482422,18.09000015258789,18.5,15.91677474975586,1313900
2006-06-07,18.450000762939453,18.530000686645508,17.920000076293945,18.06999969482422,15.546818733215332,1699400
2006-06-08,17.600000381469727,18.1200008392334,17.219999313354492,17.899999618530273,15.400553703308105,3584900
2006-06-09,18.100000381469727,18.1299991607666,17.350000381469727,17.5,15.05640983581543,2308100
2006-06-12,17.5,17.65999984741211,16.889999389648438,16.90999984741211,14.548792839050293,2257800
2006-06-13,16.940000534057617,17.06999969482422,16.3700008392334,16.3799991607666,14.09280014038086,4524600
2006-06-14,16.760000228881836,16.790000915527344,16.1299991607666,16.579999923706055,14.264875411987305,4007900
2006-06-15,17.06999969482422,17.84000015258789,16.920000076293945,17.84000015258789,15.348932266235352,4233100
2006-06-16,17.799999237060547,17.799999237060547,17.40999984741211,17.770000457763672,15.288708686828613,2230100
2006-06-19,17.790000915527344,17.950000762939453,17.40999984741211,17.540000915527344,15.09082317352295,3140200
2006-06-20,17.65999984741211,17.989999771118164,17.420000076293945,17.510000228881836,15.065011978149414,2287500
2006-06-21,17.510000228881836,18.5,17.510000228881836,18.5,15.91677474975586,2582500
2006-06-22,18.350000381469727,18.43000030517578,18.0,18.43000030517578,15.856549263000488,2165100
2006-06-23,18.299999237060547,18.510000228881836,18.1299991607666,18.290000915527344,15.736098289489746,1600700
2006-06-26,18.43000030517578,18.450000762939453,18.079999923706055,18.149999618530273,15.615649223327637,1652200
2006-06-27,18.549999237060547,18.889999389648438,17.989999771118164,18.040000915527344,15.521010398864746,3902600
2006-06-28,18.290000915527344,18.479999542236328,18.149999618530273,18.3700008392334,15.804926872253418,2306700
2006-06-29,18.799999237060547,19.34000015258789,18.68000030517578,19.190000534057617,16.510427474975586,4075300
2006-06-30,19.600000381469727,19.799999237060547,19.239999771118164,19.309999465942383,16.613672256469727,1396900
2006-07-03,20.200000762939453,20.690000534057617,20.139999389648438,20.459999084472656,17.603090286254883,1732300
2006-07-05,19.959999084472656,20.1200008392334,19.299999237060547,19.59000015258789,16.85457420349121,2122200
2006-07-06,20.260000228881836,20.600000381469727,19.600000381469727,19.719999313354492,16.9664249420166,3923800
2006-07-07,19.719999313354492,19.729999542236328,19.3799991607666,19.469999313354492,16.75132942199707,1812600
2006-07-10,19.530000686645508,19.719999313354492,19.25,19.299999237060547,16.605070114135742,1589800
2006-07-11,19.190000534057617,19.420000076293945,18.639999389648438,19.100000381469727,16.43299674987793,2830000
2006-07-12,19.200000762939453,19.850000381469727,19.149999618530273,19.149999618530273,16.476011276245117,1373600
2006-07-13,18.799999237060547,19.030000686645508,18.299999237060547,18.3700008392334,15.804926872253418,1782600
2006-07-14,18.200000762939453,18.360000610351562,18.049999237060547,18.110000610351562,15.581233978271484,3278300
2006-07-17,18.059999465942383,18.540000915527344,18.040000915527344,18.399999618530273,15.83073902130127,2008300
2006-07-18,18.450000762939453,19.100000381469727,18.420000076293945,18.829999923706055,16.20069694519043,3395700
2006-07-19,18.899999618530273,19.559999465942383,18.899999618530273,19.469999313354492,16.75132942199707,2599200
2006-07-20,19.5,19.5,18.700000762939453,18.899999618530273,16.260927200317383,3254100
2006-07-21,19.100000381469727,19.100000381469727,18.459999084472656,18.469999313354492,15.890968322753906,1450600
2006-07-24,18.530000686645508,19.18000030517578,18.530000686645508,19.049999237060547,16.38997459411621,3243100
2006-07-25,19.0,19.100000381469727,18.739999771118164,18.950000762939453,16.303939819335938,2265400
2006-07-26,18.950000762939453,19.010000228881836,18.610000610351562,18.610000610351562,16.011415481567383,1601600
2006-07-27,18.799999237060547,19.030000686645508,18.549999237060547,18.549999237060547,15.959792137145996,4131100
2006-07-28,18.559999465942383,19.0,18.5,18.799999237060547,16.17488670349121,5105900
2006-07-31,18.479999542236328,18.530000686645508,18.260000228881836,18.520000457763672,15.933985710144043,2148200
2006-08-01,18.489999771118164,18.549999237060547,18.200000762939453,18.3799991607666,15.813533782958984,2996600
2006-08-02,18.40999984741211,18.700000762939453,18.40999984741211,18.530000686645508,15.942588806152344,1759300
2006-08-03,18.399999618530273,18.770000457763672,18.329999923706055,18.760000228881836,16.140472412109375,2052500
2006-08-04,19.010000228881836,19.31999969482422,18.59000015258789,18.670000076293945,16.063039779663086,2610700
2006-08-07,18.6200008392334,18.700000762939453,18.290000915527344,18.639999389648438,16.037227630615234,1178800
2006-08-08,18.600000381469727,18.760000228881836,18.549999237060547,18.6299991607666,16.028621673583984,2554700
2006-08-09,18.799999237060547,19.0,18.399999618530273,18.440000534057617,15.865155220031738,1603200
2006-08-10,18.350000381469727,18.75,18.260000228881836,18.649999618530273,16.045827865600586,1227800
2006-08-11,18.639999389648438,19.0,18.5,18.959999084472656,16.31254768371582,1263500
2006-08-14,19.200000762939453,19.200000762939453,18.8799991607666,18.940000534057617,16.295337677001953,1139000
2006-08-15,19.0,19.6200008392334,18.989999771118164,19.6200008392334,16.880390167236328,1868200
2006-08-16,19.610000610351562,19.90999984741211,19.610000610351562,19.8799991607666,17.104082107543945,1260500
2006-08-17,20.030000686645508,20.149999618530273,19.75,19.940000534057617,17.155704498291016,1327700
2006-08-18,19.889999389648438,20.010000228881836,19.670000076293945,19.969999313354492,17.1815128326416,819100
2006-08-21,19.969999313354492,19.969999313354492,19.610000610351562,19.739999771118164,16.983633041381836,443600
2006-08-22,19.700000762939453,19.90999984741211,19.6200008392334,19.809999465942383,17.043853759765625,1386400
2006-08-23,19.760000228881836,19.899999618530273,18.780000686645508,19.049999237060547,16.38997459411621,1987400
2006-08-24,19.290000915527344,19.450000762939453,18.989999771118164,19.260000228881836,16.570655822753906,800300
2006-08-25,19.31999969482422,19.43000030517578,19.139999389648438,19.31999969482422,16.62228012084961,726900
2006-08-28,19.31999969482422,19.549999237060547,19.290000915527344,19.43000030517578,16.716917037963867,682200
2006-08-29,19.399999618530273,19.540000915527344,19.18000030517578,19.260000228881836,16.570655822753906,2550700
2006-08-30,19.219999313354492,19.399999618530273,19.040000915527344,19.200000762939453,16.51903533935547,5707600
2006-08-31,19.190000534057617,19.219999313354492,19.0,19.040000915527344,16.38137435913086,1656700
2006-09-01,19.049999237060547,19.25,19.020000457763672,19.190000534057617,16.510427474975586,2596100
2006-09-05,19.350000381469727,19.479999542236328,19.270000457763672,19.450000762939453,16.73412322998047,1512200
2006-09-06,19.3799991607666,19.3799991607666,19.09000015258789,19.110000610351562,16.441598892211914,1939700
2006-09-07,19.0,19.020000457763672,18.600000381469727,19.010000228881836,16.355562210083008,2015200
2006-09-08,19.0,19.100000381469727,18.8799991607666,18.950000762939453,16.303939819335938,1864800
2006-09-11,18.790000915527344,18.979999542236328,18.68000030517578,18.950000762939453,16.303939819335938,1546200
2006-09-12,18.899999618530273,19.299999237060547,18.700000762939453,18.799999237060547,16.17488670349121,1806000
2006-09-13,18.770000457763672,19.350000381469727,18.729999542236328,19.229999542236328,16.544841766357422,2467200
2006-09-14,19.229999542236328,20.239999771118164,19.229999542236328,20.190000534057617,17.37079620361328,3977300
2006-09-15,20.09000015258789,21.0,20.030000686645508,20.889999389648438,17.973052978515625,4294000
2006-09-18,21.06999969482422,21.200000762939453,20.780000686645508,21.110000610351562,18.162334442138672,3777700
2006-09-19,21.190000534057617,21.389999389648438,21.06999969482422,21.229999542236328,18.265575408935547,6905200
2006-09-20,21.479999542236328,21.6200008392334,21.34000015258789,21.510000228881836,18.50647735595703,1948400
2006-09-21,21.59000015258789,21.690000534057617,20.59000015258789,20.709999084472656,17.818187713623047,3028600
2006-09-22,20.68000030517578,20.719999313354492,19.84000015258789,20.489999771118164,17.628904342651367,2451500
2006-09-25,20.5,20.989999771118164,20.149999618530273,20.969999313354492,18.041881561279297,1394400
2006-09-26,21.06999969482422,21.190000534057617,20.84000015258789,21.049999237060547,18.1107120513916,1701100
2006-09-27,20.899999618530273,21.270000457763672,20.899999618530273,21.059999465942383,18.119312286376953,2266700
2006-09-28,21.149999618530273,21.209999084472656,20.940000534057617,21.1299991607666,18.17953872680664,1254600
2006-09-29,21.200000762939453,21.40999984741211,21.1200008392334,21.260000228881836,18.29138946533203,1250900
2006-10-02,21.049999237060547,21.209999084472656,20.969999313354492,21.1299991607666,18.17953872680664,2224400
2006-10-03,21.040000915527344,21.350000381469727,20.920000076293945,21.299999237060547,18.3257999420166,2536800
2006-10-04,21.329999923706055,22.0,21.329999923706055,21.989999771118164,18.919456481933594,1829400
2006-10-05,22.030000686645508,22.579999923706055,21.920000076293945,22.579999923706055,19.42706871032715,5035200
2006-10-06,22.59000015258789,22.709999084472656,22.3799991607666,22.600000381469727,19.44428062438965,3223300
2006-10-09,22.600000381469727,22.780000686645508,22.56999969482422,22.729999542236328,19.55612564086914,4580700
2006-10-10,22.729999542236328,23.200000762939453,22.600000381469727,23.200000762939453,19.96049690246582,2381400
2006-10-11,23.229999542236328,23.290000915527344,22.8799991607666,22.940000534057617,19.736806869506836,4455400
2006-10-12,22.90999984741211,23.110000610351562,22.780000686645508,22.950000762939453,19.745407104492188,3428400
2006-10-13,22.979999542236328,23.100000381469727,22.920000076293945,23.0,19.78842544555664,2178400
2006-10-16,23.0,23.399999618530273,23.0,23.280000686645508,20.029329299926758,1137500
2006-10-17,23.200000762939453,23.200000762939453,22.799999237060547,23.0,19.78842544555664,1076600
2006-10-18,23.030000686645508,23.239999771118164,22.920000076293945,23.040000915527344,19.82284164428711,1385800
2006-10-19,23.040000915527344,23.329999923706055,22.899999618530273,23.270000457763672,20.02072525024414,952700
2006-10-20,23.209999084472656,23.700000762939453,23.18000030517578,23.540000915527344,20.25302505493164,1654000
2006-10-23,23.530000686645508,24.09000015258789,23.389999389648438,24.040000915527344,20.683208465576172,2531200
2006-10-24,24.049999237060547,24.110000610351562,23.739999771118164,24.010000228881836,20.657392501831055,1912300
2006-10-25,24.0,24.670000076293945,24.0,24.450000762939453,21.03595733642578,3495700
2006-10-26,24.549999237060547,24.780000686645508,24.469999313354492,24.729999542236328,21.276857376098633,3499600
2006-10-27,25.0,25.31999969482422,24.850000381469727,24.950000762939453,21.46613883972168,5121200
2006-10-30,24.8700008392334,24.8700008392334,24.399999618530273,24.520000457763672,21.096181869506836,3848800
2006-10-31,24.450000762939453,24.700000762939453,24.170000076293945,24.68000030517578,21.233842849731445,2397200
2006-11-01,24.75,25.299999237060547,24.34000015258789,24.350000381469727,20.949920654296875,1631400
2006-11-02,24.110000610351562,24.469999313354492,23.90999984741211,24.3799991607666,20.97572898864746,1405900
2006-11-03,24.3799991607666,24.40999984741211,24.010000228881836,24.219999313354492,20.838069915771484,1568700
2006-11-06,24.399999618530273,25.15999984741211,24.399999618530273,25.1200008392334,21.612401962280273,1831600
2006-11-07,25.079999923706055,25.3799991607666,24.739999771118164,24.790000915527344,21.32848358154297,1415600
2006-11-08,24.549999237060547,25.049999237060547,24.549999237060547,25.0,21.5091552734375,1478200
2006-11-09,25.219999313354492,25.43000030517578,25.0,25.139999389648438,21.629610061645508,1360900
2006-11-10,25.389999389648438,25.389999389648438,24.760000228881836,24.850000381469727,21.38010025024414,1131600
2006-11-13,24.93000030517578,25.020000457763672,24.68000030517578,24.90999984741211,21.431724548339844,963000
2006-11-14,25.149999618530273,25.25,24.790000915527344,25.139999389648438,21.629610061645508,907200
2006-11-15,25.149999618530273,25.15999984741211,24.84000015258789,25.030000686645508,21.534969329833984,2841800
2006-11-16,25.0,25.25,24.760000228881836,24.809999465942383,21.34568977355957,1738900
2006-11-17,24.850000381469727,24.850000381469727,24.530000686645508,24.540000915527344,21.113386154174805,2120000
2006-11-20,24.399999618530273,24.780000686645508,24.350000381469727,24.690000534057617,21.24244499206543,1215200
2006-11-21,25.0,25.09000015258789,24.68000030517578,24.93000030517578,21.448930740356445,2436800
2006-11-22,24.979999542236328,25.09000015258789,24.770000457763672,25.010000228881836,21.51776123046875,2587600
2006-11-24,24.899999618530273,25.239999771118164,24.639999389648438,25.1299991607666,21.621004104614258,655600
2006-11-27,25.350000381469727,25.399999618530273,24.889999389648438,25.020000457763672,21.526365280151367,2683500
2006-11-28,25.030000686645508,25.1200008392334,24.899999618530273,25.049999237060547,21.552173614501953,2380000
2006-11-29,25.149999618530273,25.649999618530273,25.059999465942383,25.3700008392334,21.827489852905273,4630400
2006-11-30,25.450000762939453,26.700000762939453,25.3700008392334,26.280000686645508,22.61042594909668,3430900
2006-12-01,26.280000686645508,27.09000015258789,26.1299991607666,26.649999618530273,22.928760528564453,3979600
2006-12-04,26.6200008392334,27.229999542236328,26.610000610351562,27.149999618530273,23.35894203186035,2659900
2006-12-05,27.170000076293945,27.559999465942383,27.170000076293945,27.540000915527344,23.694486618041992,3551700
2006-12-06,27.5,27.799999237060547,27.299999237060547,27.709999084472656,23.840747833251953,4409400
2006-12-07,27.920000076293945,27.93000030517578,27.549999237060547,27.690000534057617,23.82354736328125,2857400
2006-12-08,27.700000762939453,27.790000915527344,27.43000030517578,27.700000762939453,23.8321475982666,3051600
2006-12-11,27.850000381469727,27.850000381469727,27.43000030517578,27.6200008392334,23.763315200805664,1228400
2006-12-12,27.729999542236328,27.81999969482422,27.5,27.649999618530273,23.789125442504883,2444000
2006-12-13,27.649999618530273,27.799999237060547,27.600000381469727,27.639999389648438,23.7805233001709,1013100
2006-12-14,27.469999313354492,28.25,27.469999313354492,28.200000762939453,24.262331008911133,2101100
2006-12-15,28.350000381469727,28.399999618530273,27.969999313354492,28.049999237060547,24.133275985717773,1173400
2006-12-18,28.200000762939453,28.510000228881836,27.760000228881836,27.850000381469727,23.961200714111328,1218400
2006-12-19,27.780000686645508,27.790000915527344,27.5,27.700000762939453,23.8321475982666,2292000
2006-12-20,27.899999618530273,27.950000762939453,27.440000534057617,27.479999542236328,23.64286231994629,1477000
2006-12-21,27.649999618530273,27.649999618530273,26.8799991607666,27.030000686645508,23.25570297241211,2062700
2006-12-22,27.149999618530273,27.309999465942383,26.700000762939453,26.739999771118164,23.00619888305664,1112300
2006-12-26,26.899999618530273,27.09000015258789,26.610000610351562,26.799999237060547,23.057815551757812,926400
2006-12-27,26.850000381469727,27.1299991607666,26.790000915527344,27.040000915527344,23.264307022094727,1396400
2006-12-28,26.899999618530273,27.06999969482422,26.729999542236328,27.010000228881836,23.238492965698242,1410000
2006-12-29,27.209999084472656,27.290000915527344,26.940000534057617,27.010000228881836,23.238492965698242,537900
2007-01-03,27.399999618530273,27.670000076293945,27.15999984741211,27.440000534057617,23.608448028564453,3473900
2007-01-04,27.450000762939453,27.600000381469727,27.110000610351562,27.549999237060547,23.70309066772461,1875100
2007-01-05,27.469999313354492,27.549999237060547,26.940000534057617,27.0,23.22989273071289,2163800
2007-01-08,27.329999923706055,28.1299991607666,27.100000381469727,28.040000915527344,24.12466812133789,2630300
2007-01-09,28.549999237060547,28.649999618530273,26.860000610351562,27.229999542236328,23.427772521972656,3924200
2007-01-10,27.309999465942383,27.489999771118164,26.84000015258789,27.299999237060547,23.48799705505371,1854800
2007-01-11,27.43000030517578,27.739999771118164,27.299999237060547,27.600000381469727,23.746112823486328,2027300
2007-01-12,27.829999923706055,28.270000457763672,27.809999465942383,28.049999237060547,24.133275985717773,2313100
2007-01-16,28.170000076293945,28.440000534057617,28.0,28.350000381469727,24.391386032104492,1632200
2007-01-17,28.3700008392334,28.850000381469727,28.149999618530273,28.700000762939453,24.69251251220703,1931800
2007-01-18,28.950000762939453,28.950000762939453,27.920000076293945,28.0,24.090251922607422,3228800
2007-01-19,28.200000762939453,28.3799991607666,28.0,28.229999542236328,24.28814125061035,2145800
2007-01-22,28.420000076293945,28.719999313354492,28.139999389648438,28.700000762939453,24.69251251220703,2457200
2007-01-23,28.709999084472656,29.149999618530273,28.260000228881836,29.1299991607666,25.062463760375977,2701300
2007-01-24,29.010000228881836,29.5,28.760000228881836,29.479999542236328,25.363597869873047,2706900
2007-01-25,29.5,29.5,28.790000915527344,28.8700008392334,24.838775634765625,2032600
2007-01-26,28.469999313354492,29.280000686645508,28.469999313354492,29.18000030517578,25.105487823486328,1523600
2007-01-29,29.219999313354492,29.329999923706055,29.010000228881836,29.149999618530273,25.07967758178711,4187600
2007-01-30,29.200000762939453,29.239999771118164,28.850000381469727,29.200000762939453,25.122697830200195,3034300
2007-01-31,28.950000762939453,29.610000610351562,28.860000610351562,29.459999084472656,25.346391677856445,1899500
2007-02-01,29.469999313354492,29.969999313354492,29.3799991607666,29.43000030517578,25.320579528808594,2482700
2007-02-02,29.65999984741211,29.65999984741211,29.219999313354492,29.360000610351562,25.26035499572754,1807900
2007-02-05,29.360000610351562,29.360000610351562,28.84000015258789,28.899999618530273,24.86458396911621,1179600
2007-02-06,29.190000534057617,29.290000915527344,28.8700008392334,29.06999969482422,25.01084327697754,1843600
2007-02-07,28.959999084472656,29.110000610351562,28.809999465942383,28.959999084472656,24.91620635986328,3374800
2007-02-08,28.860000610351562,28.889999389648438,28.5,28.59000015258789,24.59787368774414,3053400
2007-02-09,28.729999542236328,28.940000534057617,28.190000534057617,28.190000534057617,24.253726959228516,1695900
2007-02-12,28.450000762939453,28.540000915527344,28.0,28.5,24.52044105529785,2918400
2007-02-13,28.59000015258789,29.489999771118164,28.530000686645508,29.459999084472656,25.346391677856445,3851200
2007-02-14,29.649999618530273,30.15999984741211,29.610000610351562,30.1200008392334,25.91423225402832,2987400
2007-02-15,30.079999923706055,30.09000015258789,29.610000610351562,29.760000228881836,25.60449981689453,3105800
2007-02-16,29.75,29.790000915527344,29.479999542236328,29.690000534057617,25.544275283813477,2287400
2007-02-20,29.479999542236328,30.200000762939453,29.479999542236328,29.93000030517578,25.750762939453125,2830900
2007-02-21,29.799999237060547,29.979999542236328,29.700000762939453,29.84000015258789,25.67332649230957,2201200
2007-02-22,29.3799991607666,30.139999389648438,29.3799991607666,29.68000030517578,25.53567123413086,2894200
2007-02-23,29.670000076293945,29.979999542236328,29.510000228881836,29.739999771118164,25.587291717529297,1907300
2007-02-26,29.920000076293945,29.950000762939453,28.940000534057617,29.020000457763672,24.967830657958984,2522100
2007-02-27,28.09000015258789,28.790000915527344,25.0,27.229999542236328,23.427772521972656,7164700
2007-02-28,27.5,27.920000076293945,27.09000015258789,27.290000915527344,23.47939682006836,2964300
2007-03-01,26.5,27.239999771118164,25.34000015258789,27.0,23.22989273071289,2731100
2007-03-02,27.020000457763672,27.3799991607666,26.68000030517578,26.75,23.01479721069336,2582100
2007-03-05,25.719999313354492,26.8799991607666,25.719999313354492,26.350000381469727,22.670650482177734,2412200
2007-03-06,26.649999618530273,27.479999542236328,26.649999618530273,27.229999542236328,23.427772521972656,2004100
2007-03-07,27.030000686645508,27.510000228881836,27.010000228881836,27.09000015258789,23.307321548461914,1326400
2007-03-08,27.290000915527344,28.440000534057617,27.290000915527344,28.030000686645508,24.116065979003906,2634600
2007-03-09,28.079999923706055,28.489999771118164,27.969999313354492,28.34000015258789,24.382781982421875,1591100
2007-03-12,28.200000762939453,28.579999923706055,27.989999771118164,28.450000762939453,24.477420806884766,1584400
2007-03-13,28.299999237060547,28.299999237060547,27.709999084472656,27.770000457763672,23.892372131347656,3013400
2007-03-14,27.950000762939453,28.190000534057617,27.34000015258789,28.040000915527344,24.12466812133789,4488600
2007-03-15,27.899999618530273,28.100000381469727,27.780000686645508,27.979999542236328,24.07304573059082,1436700
2007-03-16,28.079999923706055,28.440000534057617,27.559999465942383,27.770000457763672,23.892372131347656,1103500
2007-03-19,27.850000381469727,28.229999542236328,27.739999771118164,27.8799991607666,23.98701286315918,1476800
2007-03-20,27.8799991607666,28.520000457763672,27.850000381469727,28.520000457763672,24.537647247314453,1533800
2007-03-21,28.450000762939453,29.649999618530273,28.40999984741211,29.600000381469727,25.466846466064453,2429400
2007-03-22,29.649999618530273,29.829999923706055,29.309999465942383,29.450000762939453,25.33778953552246,1774300
2007-03-23,29.299999237060547,29.950000762939453,29.260000228881836,29.81999969482422,25.656124114990234,1024900
2007-03-26,29.75,29.920000076293945,29.1200008392334,29.459999084472656,25.346391677856445,1086800
2007-03-27,29.670000076293945,29.670000076293945,29.079999923706055,29.43000030517578,25.320579528808594,1259900
2007-03-28,29.43000030517578,29.43000030517578,28.889999389648438,29.09000015258789,25.028057098388672,1499400
2007-03-29,29.200000762939453,29.459999084472656,29.020000457763672,29.3799991607666,25.27756118774414,2001200
2007-03-30,29.43000030517578,29.850000381469727,29.190000534057617,29.799999237060547,25.638914108276367,1553300
2007-04-02,29.760000228881836,30.530000686645508,29.59000015258789,30.5,26.241172790527344,2557300
2007-04-03,30.700000762939453,31.079999923706055,30.43000030517578,30.790000915527344,26.490678787231445,2165200
2007-04-04,30.770000457763672,31.030000686645508,30.5,30.899999618530273,26.585317611694336,1642300
2007-04-05,30.760000228881836,31.209999084472656,30.579999923706055,30.829999923706055,26.52509117126465,916100
2007-04-09,31.0,31.219999313354492,30.8799991607666,31.040000915527344,26.705768585205078,1451700
2007-04-10,31.020000457763672,31.25,30.559999465942383,30.860000610351562,26.550899505615234,1580600
2007-04-11,30.899999618530273,30.989999771118164,30.3799991607666,30.489999771118164,26.232563018798828,1983500
2007-04-12,30.299999237060547,30.729999542236328,29.729999542236328,30.690000534057617,26.404644012451172,2529100
2007-04-13,30.690000534057617,30.989999771118164,30.5,30.969999313354492,26.645544052124023,1522400
2007-04-16,30.979999542236328,31.329999923706055,30.719999313354492,31.139999389648438,26.791805267333984,1915600
2007-04-17,30.139999389648438,31.239999771118164,30.100000381469727,30.360000610351562,26.12071990966797,2716000
2007-04-18,30.360000610351562,30.399999618530273,29.889999389648438,30.0,25.81098747253418,1557300
2007-04-19,29.530000686645508,30.40999984741211,29.0,30.1200008392334,25.91423225402832,3298100
2007-04-20,30.5,30.709999084472656,29.950000762939453,29.989999771118164,25.802383422851562,2359100
2007-04-23,30.15999984741211,30.15999984741211,29.5,29.579999923706055,25.44963264465332,2166400
2007-04-24,29.729999542236328,29.809999465942383,29.290000915527344,29.459999084472656,25.346391677856445,1163800
2007-04-25,29.65999984741211,29.809999465942383,29.0,29.34000015258789,25.243148803710938,1824800
2007-04-26,29.920000076293945,29.920000076293945,28.739999771118164,28.84000015258789,24.812965393066406,1901600
2007-04-27,28.90999984741211,29.040000915527344,28.209999084472656,28.6299991607666,24.632287979125977,2898000
2007-04-30,28.709999084472656,28.770000457763672,28.0,28.049999237060547,24.133275985717773,1756200
2007-05-01,28.489999771118164,28.489999771118164,27.8799991607666,28.170000076293945,24.236520767211914,2161300
2007-05-02,28.170000076293945,29.040000915527344,28.049999237060547,28.989999771118164,24.9420166015625,2582600
2007-05-03,29.350000381469727,29.489999771118164,29.040000915527344,29.170000076293945,25.096885681152344,1841000
2007-05-04,29.350000381469727,29.40999984741211,28.84000015258789,29.06999969482422,25.01084327697754,3496700
2007-05-07,29.149999618530273,29.219999313354492,28.700000762939453,28.860000610351562,24.830169677734375,2100900
2007-05-08,28.700000762939453,28.950000762939453,28.399999618530273,28.700000762939453,24.69251251220703,2524600
2007-05-09,28.700000762939453,29.15999984741211,28.510000228881836,29.110000610351562,25.045263290405273,1651900
2007-05-10,29.0,29.0,28.149999618530273,28.200000762939453,24.262331008911133,1734300
2007-05-11,28.200000762939453,29.100000381469727,28.200000762939453,29.09000015258789,25.028057098388672,1336400
2007-05-14,29.100000381469727,29.15999984741211,28.709999084472656,28.969999313354492,24.9248104095459,1305000
2007-05-15,28.969999313354492,29.079999923706055,28.549999237060547,28.639999389648438,24.640888214111328,1003600
2007-05-16,28.959999084472656,29.56999969482422,28.84000015258789,29.549999237060547,25.42382049560547,1633300
2007-05-17,29.530000686645508,29.739999771118164,29.329999923706055,29.5,25.38080406188965,1731400
2007-05-18,29.5,29.940000534057617,29.399999618530273,29.8700008392334,25.699138641357422,1572100
2007-05-21,29.850000381469727,30.170000076293945,29.81999969482422,30.059999465942383,25.862611770629883,1378800
2007-05-22,29.959999084472656,30.399999618530273,29.90999984741211,30.360000610351562,26.12071990966797,2669600
2007-05-23,30.5,30.579999923706055,29.940000534057617,30.139999389648438,25.931440353393555,2006400
2007-05-24,30.260000228881836,30.290000915527344,29.110000610351562,29.149999618530273,25.07967758178711,2843300
2007-05-25,28.950000762939453,29.0,28.540000915527344,28.760000228881836,25.32002067565918,3163800
2007-05-29,29.0,29.209999084472656,27.649999618530273,27.899999618530273,24.56288719177246,4485700
2007-05-30,27.469999313354492,28.389999389648438,27.280000686645508,28.3799991607666,24.985475540161133,5939400
2007-05-31,28.5,29.06999969482422,28.479999542236328,28.780000686645508,25.33763313293457,4797600
2007-06-01,28.920000076293945,29.270000457763672,28.799999237060547,28.8700008392334,25.416868209838867,2506600
2007-06-04,28.8700008392334,28.979999542236328,28.520000457763672,28.729999542236328,25.293609619140625,2080200
2007-06-05,28.719999313354492,28.850000381469727,28.020000457763672,28.149999618530273,24.782987594604492,2523700
2007-06-06,27.940000534057617,28.110000610351562,27.489999771118164,27.6200008392334,24.316375732421875,2767800
2007-06-07,27.5,27.84000015258789,26.709999084472656,26.84000015258789,23.629676818847656,3974800
2007-06-08,27.0,27.010000228881836,26.440000534057617,26.799999237060547,23.594459533691406,5169500
2007-06-11,27.0,27.280000686645508,26.90999984741211,27.040000915527344,23.805757522583008,4878200
2007-06-12,26.770000457763672,27.34000015258789,26.329999923706055,26.760000228881836,23.559240341186523,3520000
2007-06-13,26.860000610351562,27.309999465942383,26.81999969482422,27.059999465942383,23.8233585357666,3060300
2007-06-14,27.239999771118164,27.610000610351562,27.1299991607666,27.559999465942383,24.2635555267334,9786100
2007-06-15,28.0,28.940000534057617,28.0,28.549999237060547,25.135141372680664,5215200
2007-06-18,28.5,28.989999771118164,28.469999313354492,28.739999771118164,25.30241584777832,2430900
2007-06-19,28.860000610351562,28.860000610351562,28.270000457763672,28.280000686645508,24.897441864013672,2710200
2007-06-20,28.06999969482422,28.329999923706055,27.489999771118164,27.600000381469727,24.29877471923828,2261500
2007-06-21,27.600000381469727,27.93000030517578,27.299999237060547,27.760000228881836,24.439632415771484,2100600
2007-06-22,27.510000228881836,27.600000381469727,27.299999237060547,27.450000762939453,24.166709899902344,2405100
2007-06-25,27.3799991607666,27.450000762939453,26.610000610351562,26.969999313354492,23.744121551513672,4246800
2007-06-26,26.959999084472656,27.09000015258789,26.239999771118164,26.350000381469727,23.198286056518555,2814400
2007-06-27,26.15999984741211,26.780000686645508,25.760000228881836,26.559999465942383,23.383167266845703,4981700
2007-06-28,26.079999923706055,27.59000015258789,26.079999923706055,27.209999084472656,23.955419540405273,4692500
2007-06-29,27.209999084472656,27.729999542236328,27.209999084472656,27.610000610351562,24.307575225830078,3052400
2007-07-02,27.889999389648438,27.959999084472656,27.229999542236328,27.75,24.430828094482422,2055700
2007-07-03,27.399999618530273,27.84000015258789,27.309999465942383,27.5,24.210731506347656,1643400
2007-07-05,27.700000762939453,27.920000076293945,27.56999969482422,27.780000686645508,24.457244873046875,1847200
2007-07-06,27.809999465942383,28.0,27.6299991607666,27.829999923706055,24.50126075744629,2282800
2007-07-09,28.0,28.170000076293945,27.760000228881836,27.899999618530273,24.56288719177246,1339300
2007-07-10,27.489999771118164,27.790000915527344,27.209999084472656,27.239999771118164,23.981830596923828,1591000
2007-07-11,27.290000915527344,27.65999984741211,27.09000015258789,27.65999984741211,24.351594924926758,1411400
2007-07-12,27.790000915527344,28.600000381469727,27.790000915527344,28.389999389648438,24.994274139404297,1726300
2007-07-13,28.59000015258789,29.010000228881836,28.350000381469727,28.719999313354492,25.284807205200195,1343700
2007-07-16,28.5,28.6299991607666,27.770000457763672,28.030000686645508,24.677337646484375,2665100
2007-07-17,27.850000381469727,28.690000534057617,27.790000915527344,28.5,25.091121673583984,2213200
2007-07-18,28.479999542236328,29.06999969482422,28.25,28.889999389648438,25.434471130371094,2204600
2007-07-19,28.850000381469727,29.020000457763672,28.59000015258789,28.729999542236328,25.293609619140625,1049600
2007-07-20,28.489999771118164,28.6200008392334,27.549999237060547,27.709999084472656,24.395612716674805,1811200
2007-07-23,27.600000381469727,28.139999389648438,27.489999771118164,27.5,24.210731506347656,1471000
2007-07-24,27.219999313354492,27.690000534057617,26.690000534057617,27.489999771118164,24.201929092407227,6797800
2007-07-25,27.579999923706055,27.780000686645508,27.239999771118164,27.469999313354492,24.1843204498291,2953200
2007-07-26,27.239999771118164,27.239999771118164,25.899999618530273,26.209999084472656,23.075029373168945,3771000
2007-07-27,26.280000686645508,27.020000457763672,25.68000030517578,25.860000610351562,22.766891479492188,5569200
2007-07-30,25.950000762939453,26.579999923706055,25.920000076293945,25.979999542236328,22.872535705566406,4580600
2007-07-31,26.100000381469727,26.389999389648438,25.229999542236328,25.25,22.2298526763916,3426100
2007-08-01,25.149999618530273,25.43000030517578,24.829999923706055,25.139999389648438,22.133014678955078,3331600
2007-08-02,25.56999969482422,25.81999969482422,25.040000915527344,25.459999084472656,22.41473388671875,3705000
2007-08-03,25.040000915527344,25.559999465942383,24.81999969482422,24.81999969482422,21.851285934448242,2692000
2007-08-06,25.06999969482422,25.440000534057617,24.65999984741211,25.3799991607666,22.34430503845215,2085200
2007-08-07,25.149999618530273,26.200000762939453,25.049999237060547,25.75,22.670047760009766,4274000
2007-08-08,26.139999389648438,26.649999618530273,25.3799991607666,26.0,22.890148162841797,2926500
2007-08-09,25.510000228881836,25.8799991607666,24.799999237060547,24.860000610351562,21.886503219604492,3170800
2007-08-10,24.510000228881836,24.600000381469727,23.540000915527344,24.209999084472656,21.31424903869629,5796400
2007-08-13,24.56999969482422,25.010000228881836,24.389999389648438,24.690000534057617,21.736833572387695,3446600
2007-08-14,24.719999313354492,24.989999771118164,23.700000762939453,23.780000686645508,20.93568229675293,4878300
2007-08-15,23.739999771118164,24.280000686645508,23.110000610351562,23.68000030517578,20.847639083862305,4067000
2007-08-16,23.030000686645508,23.68000030517578,22.360000610351562,23.479999542236328,20.67156410217285,10370600
2007-08-17,24.31999969482422,24.690000534057617,24.030000686645508,24.309999465942383,21.40228271484375,3356100
2007-08-20,24.649999618530273,24.760000228881836,23.860000610351562,24.06999969482422,21.190990447998047,1383200
2007-08-21,23.920000076293945,24.110000610351562,23.610000610351562,23.8799991607666,21.023717880249023,2052500
2007-08-22,23.93000030517578,24.829999923706055,23.93000030517578,24.520000457763672,21.58717155456543,2137000
2007-08-23,24.489999771118164,24.950000762939453,24.440000534057617,24.8700008392334,21.895305633544922,2623000
2007-08-24,24.799999237060547,25.770000457763672,24.790000915527344,25.690000534057617,22.61722755432129,2621900
2007-08-27,25.5,25.56999969482422,25.280000686645508,25.440000534057617,22.397125244140625,2351400
2007-08-28,24.81999969482422,25.190000534057617,24.239999771118164,24.360000610351562,21.446306228637695,2432500
2007-08-29,24.799999237060547,25.510000228881836,24.530000686645508,25.399999618530273,22.361915588378906,1718500
2007-08-30,25.31999969482422,25.68000030517578,25.020000457763672,25.530000686645508,22.476362228393555,1533700
2007-08-31,26.049999237060547,26.200000762939453,25.670000076293945,26.059999465942383,22.94297218322754,1296500
2007-09-04,26.110000610351562,26.850000381469727,26.059999465942383,26.790000915527344,23.58565902709961,1182000
2007-09-05,26.510000228881836,26.600000381469727,26.079999923706055,26.360000610351562,23.207088470458984,1008900
2007-09-06,26.290000915527344,27.0,26.290000915527344,26.729999542236328,23.5328311920166,1594600
2007-09-07,26.600000381469727,26.600000381469727,25.81999969482422,25.959999084472656,22.85493278503418,1612700
2007-09-10,26.40999984741211,26.600000381469727,25.5,25.579999923706055,22.520381927490234,1269100
2007-09-11,25.809999465942383,26.700000762939453,25.809999465942383,26.520000457763672,23.347949981689453,1206600
2007-09-12,26.280000686645508,26.530000686645508,26.030000686645508,26.200000762939453,23.066225051879883,1401500
2007-09-13,26.450000762939453,26.700000762939453,26.15999984741211,26.219999313354492,23.083833694458008,1038600
2007-09-14,25.989999771118164,26.1299991607666,25.56999969482422,25.780000686645508,22.696462631225586,1357700
2007-09-17,25.649999618530273,25.770000457763672,24.809999465942383,24.920000076293945,21.9393253326416,1213500
2007-09-18,25.200000762939453,26.299999237060547,25.06999969482422,26.030000686645508,22.91655731201172,3334200
2007-09-19,26.459999084472656,26.889999389648438,25.8799991607666,26.049999237060547,22.934165954589844,1842700
2007-09-20,25.889999389648438,26.0,25.309999465942383,25.389999389648438,22.353105545043945,1436700
2007-09-21,25.5,25.920000076293945,24.770000457763672,24.860000610351562,21.886503219604492,2576800
2007-09-24,25.0,25.149999618530273,24.510000228881836,24.690000534057617,21.736833572387695,3593700
2007-09-25,24.450000762939453,24.84000015258789,24.3799991607666,24.700000762939453,21.745637893676758,1489800
2007-09-26,24.950000762939453,24.969999313354492,24.600000381469727,24.75,21.789655685424805,1729900
2007-09-27,24.860000610351562,25.020000457763672,24.670000076293945,24.75,21.789655685424805,2054100
2007-09-28,24.75,24.889999389648438,24.0,24.170000076293945,21.279029846191406,5463200
2007-10-01,23.889999389648438,23.899999618530273,23.260000228881836,23.579999923706055,20.759599685668945,7369600
2007-10-02,23.799999237060547,24.56999969482422,23.649999618530273,24.399999618530273,21.481521606445312,6146100
2007-10-03,24.260000228881836,24.6299991607666,24.030000686645508,24.329999923706055,21.41989517211914,2491800
2007-10-04,24.59000015258789,25.0,24.34000015258789,24.940000534057617,21.956932067871094,3643800
2007-10-05,25.209999084472656,26.010000228881836,25.209999084472656,25.729999542236328,22.652441024780273,2553900
2007-10-08,25.700000762939453,25.81999969482422,25.110000610351562,25.600000381469727,22.537992477416992,1814200
2007-10-09,25.799999237060547,26.059999465942383,25.459999084472656,25.639999389648438,22.573205947875977,1483100
2007-10-10,25.600000381469727,26.030000686645508,25.530000686645508,25.829999923706055,22.740482330322266,2251700
2007-10-11,26.25,26.760000228881836,25.729999542236328,25.899999618530273,22.80210304260254,2310100
2007-10-12,25.860000610351562,26.59000015258789,25.690000534057617,26.59000015258789,23.409574508666992,2003500
2007-10-15,26.520000457763672,26.81999969482422,26.219999313354492,26.299999237060547,23.15426254272461,1827600
2007-10-16,26.25,26.309999465942383,25.770000457763672,25.8799991607666,22.784503936767578,1701500
2007-10-17,26.100000381469727,26.219999313354492,25.639999389648438,25.989999771118164,22.881343841552734,1980600
2007-10-18,25.799999237060547,25.989999771118164,25.68000030517578,25.729999542236328,22.652441024780273,2181900
2007-10-19,25.690000534057617,25.780000686645508,24.600000381469727,24.75,21.789655685424805,7459500
2007-10-22,24.579999923706055,25.219999313354492,24.3799991607666,25.170000076293945,22.159421920776367,1169900
2007-10-23,25.299999237060547,25.540000915527344,25.1200008392334,25.299999237060547,22.27387046813965,6527900
2007-10-24,25.1200008392334,25.299999237060547,24.739999771118164,24.899999618530273,21.921720504760742,4410400
2007-10-25,25.059999465942383,25.110000610351562,24.600000381469727,24.719999313354492,21.763246536254883,2440200
2007-10-26,24.93000030517578,25.059999465942383,24.3799991607666,24.600000381469727,21.6575984954834,2625700
2007-10-29,24.700000762939453,24.889999389648438,24.25,24.299999237060547,21.393482208251953,5156400
2007-10-30,24.219999313354492,24.639999389648438,24.06999969482422,24.450000762939453,21.525541305541992,1995500
2007-10-31,24.75,25.059999465942383,24.31999969482422,24.850000381469727,21.877696990966797,2106700
2007-11-01,24.489999771118164,24.489999771118164,23.690000534057617,23.700000762939453,20.865245819091797,1716600
2007-11-02,23.799999237060547,23.889999389648438,23.079999923706055,23.6299991607666,20.803617477416992,3105500
2007-11-05,23.5,23.68000030517578,22.979999542236328,23.420000076293945,20.618741989135742,1685500
2007-11-06,23.739999771118164,24.56999969482422,23.6299991607666,23.799999237060547,20.95328712463379,3800300
2007-11-07,23.579999923706055,23.790000915527344,23.239999771118164,23.329999923706055,20.53950309753418,2772200
2007-11-08,23.700000762939453,23.75,22.350000381469727,22.979999542236328,20.231365203857422,4239000
2007-11-09,22.420000076293945,22.920000076293945,22.25,22.350000381469727,19.676721572875977,5616500
2007-11-12,22.079999923706055,22.610000610351562,22.040000915527344,22.040000915527344,19.4038028717041,4204200
2007-11-13,22.600000381469727,23.510000228881836,22.600000381469727,23.389999389648438,20.59232521057129,5484700
2007-11-14,23.520000457763672,23.989999771118164,23.489999771118164,23.75,20.90926742553711,3251800
2007-11-15,23.3799991607666,24.1200008392334,23.229999542236328,23.700000762939453,20.865245819091797,1731000
2007-11-16,23.809999465942383,24.110000610351562,23.5,24.100000381469727,21.217405319213867,1144900
2007-11-19,24.030000686645508,24.049999237060547,23.229999542236328,23.5,20.68916893005371,1192500
2007-11-20,23.68000030517578,23.8799991607666,22.829999923706055,23.209999084472656,20.433853149414062,1281900
2007-11-21,22.899999618530273,23.18000030517578,22.610000610351562,22.899999618530273,20.16093635559082,1301400
2007-11-23,23.100000381469727,23.3700008392334,22.790000915527344,23.0,20.248979568481445,663100
2007-11-26,22.8799991607666,23.219999313354492,22.6299991607666,22.670000076293945,19.958446502685547,1296800
2007-11-27,22.90999984741211,23.239999771118164,22.34000015258789,23.100000381469727,20.337017059326172,2629300
2007-11-28,23.100000381469727,24.229999542236328,23.100000381469727,23.969999313354492,21.10295295715332,2608100
2007-11-29,23.59000015258789,24.270000457763672,23.520000457763672,24.149999618530273,21.26142692565918,1498400
2007-11-30,24.739999771118164,24.829999923706055,23.989999771118164,24.170000076293945,21.279029846191406,2005800
2007-12-03,24.170000076293945,24.34000015258789,23.649999618530273,23.889999389648438,21.032522201538086,1570900
2007-12-04,23.700000762939453,23.889999389648438,23.34000015258789,23.719999313354492,20.882858276367188,3378600
2007-12-05,23.950000762939453,24.200000762939453,23.860000610351562,24.049999237060547,21.173383712768555,3466300
2007-12-06,24.290000915527344,24.600000381469727,24.06999969482422,24.600000381469727,21.6575984954834,1293800
2007-12-07,24.84000015258789,24.860000610351562,24.600000381469727,24.739999771118164,21.780853271484375,1707900
2007-12-10,24.739999771118164,25.450000762939453,24.540000915527344,25.25,22.2298526763916,1939900
2007-12-11,25.399999618530273,26.25,24.639999389648438,24.65999984741211,21.71042251586914,6500300
2007-12-12,25.020000457763672,26.170000076293945,24.8799991607666,25.469999313354492,22.423538208007812,2282600
2007-12-13,25.040000915527344,25.100000381469727,24.100000381469727,24.59000015258789,21.6487979888916,2488600
2007-12-14,24.399999618530273,24.8799991607666,24.149999618530273,24.469999313354492,21.543148040771484,3612100
2007-12-17,24.100000381469727,24.489999771118164,23.670000076293945,23.799999237060547,20.95328712463379,1936600
2007-12-18,24.0,24.450000762939453,23.739999771118164,24.229999542236328,21.33185577392578,2422000
2007-12-19,23.969999313354492,24.540000915527344,23.969999313354492,24.040000915527344,21.16458511352539,1373300
2007-12-20,24.329999923706055,24.469999313354492,24.079999923706055,24.209999084472656,21.31424903869629,1473300
2007-12-21,24.5,24.600000381469727,24.190000534057617,24.469999313354492,21.543148040771484,1659700
2007-12-24,24.520000457763672,24.690000534057617,24.420000076293945,24.649999618530273,21.70162010192871,409400
2007-12-26,24.520000457763672,24.940000534057617,24.5,24.729999542236328,21.772050857543945,898300
2007-12-27,24.600000381469727,24.600000381469727,23.850000381469727,23.860000610351562,21.006113052368164,898500
2007-12-28,24.239999771118164,24.239999771118164,23.770000457763672,23.780000686645508,20.93568229675293,2926900
2007-12-31,23.780000686645508,24.010000228881836,23.520000457763672,23.770000457763672,20.926877975463867,751900
2008-01-02,23.600000381469727,23.770000457763672,23.110000610351562,23.15999984741211,20.38983726501465,3837600
2008-01-03,23.239999771118164,23.239999771118164,22.670000076293945,23.010000228881836,20.257776260375977,3138900
2008-01-04,22.760000228881836,22.790000915527344,22.270000457763672,22.700000762939453,19.984859466552734,2674600
2008-01-07,22.8799991607666,22.889999389648438,22.530000686645508,22.690000534057617,19.976057052612305,2963500
2008-01-08,22.920000076293945,22.950000762939453,22.469999313354492,22.559999465942383,19.861604690551758,5064400
2008-01-09,22.299999237060547,22.559999465942383,22.100000381469727,22.540000915527344,19.843996047973633,3769500
2008-01-10,22.149999618530273,23.31999969482422,22.149999618530273,23.229999542236328,20.451467514038086,2151900
2008-01-11,23.06999969482422,23.06999969482422,22.600000381469727,22.6200008392334,19.914424896240234,4177600
2008-01-14,22.799999237060547,23.459999084472656,22.690000534057617,23.049999237060547,20.29299545288086,3519800
2008-01-15,22.8700008392334,23.030000686645508,22.040000915527344,22.190000534057617,19.535856246948242,6273900
2008-01-16,21.799999237060547,22.049999237060547,20.940000534057617,21.65999984741211,19.069255828857422,6313600
2008-01-17,21.670000076293945,21.84000015258789,20.969999313354492,21.06999969482422,18.549823760986328,5252900
2008-01-18,21.440000534057617,21.770000457763672,20.860000610351562,21.329999923706055,18.77872657775879,3763200
2008-01-22,20.25,21.190000534057617,18.200000762939453,20.850000381469727,18.356136322021484,6718400
2008-01-23,20.56999969482422,21.790000915527344,19.920000076293945,21.719999313354492,19.1220760345459,7933500
2008-01-24,21.899999618530273,22.989999771118164,21.6299991607666,22.020000457763672,19.386194229125977,4306900
2008-01-25,22.5,22.559999465942383,21.25,21.260000228881836,18.717098236083984,2862200
2008-01-28,21.0,21.799999237060547,20.690000534057617,21.75,19.14849090576172,2188100
2008-01-29,21.899999618530273,22.209999084472656,21.719999313354492,22.149999618530273,19.500646591186523,1139400
2008-01-30,22.059999465942383,22.530000686645508,21.84000015258789,22.100000381469727,19.456623077392578,1647300
2008-01-31,21.899999618530273,22.420000076293945,21.469999313354492,22.25,19.588682174682617,2898100
2008-02-01,22.3799991607666,22.780000686645508,22.239999771118164,22.5,19.808780670166016,2263700
2008-02-04,23.600000381469727,23.600000381469727,22.229999542236328,22.31999969482422,19.650312423706055,1063700
2008-02-05,21.989999771118164,22.15999984741211,21.18000030517578,21.299999237060547,18.75231170654297,3808800
2008-02-06,21.5,21.56999969482422,21.100000381469727,21.18000030517578,18.64666175842285,4182900
2008-02-07,20.920000076293945,21.209999084472656,20.399999618530273,21.06999969482422,18.549823760986328,4339200
2008-02-08,20.899999618530273,21.420000076293945,20.8799991607666,21.329999923706055,18.77872657775879,1873000
2008-02-11,21.40999984741211,21.75,20.950000762939453,21.65999984741211,19.069255828857422,1821300
2008-02-12,21.899999618530273,22.389999389648438,21.600000381469727,21.940000534057617,19.315763473510742,3892100
2008-02-13,22.059999465942383,23.1299991607666,22.010000228881836,23.040000915527344,20.28419303894043,4344500
2008-02-14,23.040000915527344,23.399999618530273,22.889999389648438,23.15999984741211,20.38983726501465,2726600
2008-02-15,23.1299991607666,23.1299991607666,22.670000076293945,22.760000228881836,20.037681579589844,1548000
2008-02-19,23.020000457763672,23.190000534057617,22.739999771118164,22.899999618530273,20.16093635559082,906900
2008-02-20,22.799999237060547,22.989999771118164,22.540000915527344,22.899999618530273,20.16093635559082,1864800
2008-02-21,22.989999771118164,23.049999237060547,22.440000534057617,22.610000610351562,19.90562629699707,1580300
2008-02-22,22.719999313354492,22.989999771118164,22.059999465942383,22.889999389648438,20.152132034301758,3473000
2008-02-25,22.719999313354492,23.100000381469727,22.6299991607666,23.06999969482422,20.31060028076172,3780400
2008-02-26,22.889999389648438,23.260000228881836,22.25,22.709999084472656,19.993661880493164,16212000
2008-02-27,22.600000381469727,23.110000610351562,22.479999542236328,22.8799991607666,20.143325805664062,2825500
2008-02-28,22.780000686645508,23.1200008392334,22.6299991607666,22.68000030517578,19.967252731323242,1568400
2008-02-29,22.459999084472656,22.549999237060547,21.8799991607666,22.0,19.36858558654785,2645000
2008-03-03,21.829999923706055,22.459999084472656,21.68000030517578,22.3700008392334,19.694332122802734,2072700
2008-03-04,22.25,22.360000610351562,21.829999923706055,22.149999618530273,19.500646591186523,1649500
2008-03-05,22.299999237060547,22.489999771118164,21.889999389648438,22.209999084472656,19.553468704223633,1307200
2008-03-06,21.959999084472656,22.170000076293945,21.15999984741211,21.219999313354492,18.681880950927734,3054300
2008-03-07,21.0,21.559999465942383,20.829999923706055,21.219999313354492,18.681880950927734,2659200
2008-03-10,21.329999923706055,21.3799991607666,20.90999984741211,20.969999313354492,18.4617862701416,2022900
2008-03-11,21.719999313354492,21.81999969482422,21.350000381469727,21.81999969482422,19.210113525390625,3989800
2008-03-12,22.020000457763672,22.229999542236328,21.610000610351562,21.649999618530273,19.060449600219727,1493700
2008-03-13,21.18000030517578,22.389999389648438,20.989999771118164,22.229999542236328,19.57107925415039,1979000
2008-03-14,22.420000076293945,22.459999084472656,21.170000076293945,21.549999237060547,18.9724063873291,1768700
2008-03-17,20.75,21.940000534057617,20.75,21.559999465942383,18.98121452331543,1798000
2008-03-18,22.270000457763672,23.079999923706055,21.75,22.8700008392334,20.134525299072266,3144100
2008-03-19,22.780000686645508,23.450000762939453,22.469999313354492,22.469999313354492,19.782363891601562,3324100
2008-03-20,22.760000228881836,22.829999923706055,21.920000076293945,22.790000915527344,20.064096450805664,2304600
2008-03-24,22.709999084472656,24.309999465942383,22.709999084472656,24.06999969482422,21.190990447998047,2843600
2008-03-25,23.90999984741211,24.3799991607666,23.299999237060547,24.25,21.349464416503906,1944500
2008-03-26,24.100000381469727,24.420000076293945,23.719999313354492,24.31999969482422,21.411088943481445,1247500
2008-03-27,24.450000762939453,25.049999237060547,24.360000610351562,24.770000457763672,21.807270050048828,2398900
2008-03-28,24.829999923706055,24.829999923706055,23.93000030517578,24.270000457763672,21.3670711517334,1620200
2008-03-31,24.110000610351562,24.489999771118164,23.969999313354492,24.239999771118164,21.34065818786621,3237900
2008-04-01,24.639999389648438,25.459999084472656,24.610000610351562,25.040000915527344,22.044971466064453,3390100
2008-04-02,24.989999771118164,25.469999313354492,24.809999465942383,25.190000534057617,22.177032470703125,2284800
2008-04-03,25.270000457763672,25.270000457763672,23.8700008392334,24.6299991607666,21.684011459350586,4296000
2008-04-04,24.68000030517578,24.950000762939453,24.5,24.6299991607666,21.684011459350586,1598200
2008-04-07,25.09000015258789,25.18000030517578,24.579999923706055,24.920000076293945,21.9393253326416,1180600
2008-04-08,24.600000381469727,24.75,24.309999465942383,24.510000228881836,21.578365325927734,1955000
2008-04-09,24.559999465942383,24.700000762939453,24.079999923706055,24.290000915527344,21.38468360900879,1619300
2008-04-10,23.719999313354492,24.540000915527344,23.719999313354492,24.40999984741211,21.490325927734375,1572100
2008-04-11,23.700000762939453,24.079999923706055,23.34000015258789,23.520000457763672,20.70677947998047,1325000
2008-04-14,23.31999969482422,23.549999237060547,23.209999084472656,23.31999969482422,20.530698776245117,740300
2008-04-15,23.540000915527344,23.799999237060547,23.329999923706055,23.739999771118164,20.900463104248047,968800
2008-04-16,23.8799991607666,24.719999313354492,23.809999465942383,24.690000534057617,21.736833572387695,1727900
2008-04-17,24.8799991607666,25.1200008392334,24.450000762939453,24.950000762939453,21.96573829650879,1713800
2008-04-18,25.25,25.459999084472656,24.489999771118164,25.149999618530273,22.141817092895508,1740200
2008-04-21,25.1200008392334,25.399999618530273,24.920000076293945,25.399999618530273,22.361915588378906,1291700
2008-04-22,25.389999389648438,25.459999084472656,24.899999618530273,25.3700008392334,22.335500717163086,1801200
2008-04-23,25.1299991607666,25.68000030517578,25.110000610351562,25.43000030517578,22.38832664489746,1487000
2008-04-24,25.559999465942383,26.079999923706055,24.989999771118164,25.530000686645508,22.476362228393555,1844500
2008-04-25,25.729999542236328,26.1200008392334,25.34000015258789,26.040000915527344,22.92536163330078,2529700
2008-04-28,25.579999923706055,26.049999237060547,25.139999389648438,25.219999313354492,22.203441619873047,1874800
2008-04-29,25.100000381469727,25.639999389648438,24.790000915527344,25.040000915527344,22.044971466064453,2073300
2008-04-30,24.860000610351562,25.559999465942383,24.420000076293945,24.68000030517578,21.7280330657959,1955800
2008-05-01,24.84000015258789,25.34000015258789,24.149999618530273,25.229999542236328,22.21224594116211,2666500
2008-05-02,25.639999389648438,25.770000457763672,25.25,25.489999771118164,22.44114875793457,1638500
2008-05-05,24.799999237060547,25.850000381469727,24.530000686645508,25.31999969482422,22.29148292541504,1017900
2008-05-06,25.229999542236328,25.65999984741211,25.0,25.59000015258789,22.529190063476562,1459900
2008-05-07,25.209999084472656,25.8700008392334,24.719999313354492,25.25,22.2298526763916,3207100
2008-05-08,25.399999618530273,25.399999618530273,24.8799991607666,24.989999771118164,22.00094985961914,2882700
2008-05-09,24.950000762939453,25.0,24.56999969482422,24.90999984741211,21.93052101135254,929500
2008-05-12,25.100000381469727,25.670000076293945,24.979999542236328,25.559999465942383,22.502775192260742,1651500
2008-05-13,25.389999389648438,26.399999618530273,25.3700008392334,26.09000015258789,22.96938133239746,2227900
2008-05-14,26.100000381469727,26.940000534057617,26.100000381469727,26.43000030517578,23.268714904785156,2954100
2008-05-15,26.639999389648438,27.350000381469727,26.329999923706055,27.31999969482422,24.052261352539062,2057100
2008-05-16,27.510000228881836,27.510000228881836,26.93000030517578,27.1200008392334,23.876184463500977,2708400
2008-05-19,27.290000915527344,28.1200008392334,27.059999465942383,27.68000030517578,24.36920166015625,2882900
2008-05-20,27.600000381469727,27.600000381469727,26.229999542236328,26.610000610351562,23.427186965942383,3959000
2008-05-21,26.860000610351562,26.8799991607666,25.989999771118164,26.34000015258789,23.18947982788086,2355700
2008-05-22,26.010000228881836,26.940000534057617,26.010000228881836,26.760000228881836,23.559240341186523,1221400
2008-05-23,26.5,26.5,26.06999969482422,26.190000534057617,23.057418823242188,1061900
2008-05-27,25.989999771118164,26.34000015258789,25.84000015258789,26.100000381469727,23.299341201782227,1490300
2008-05-28,26.34000015258789,26.479999542236328,25.90999984741211,26.149999618530273,23.343975067138672,1683100
2008-05-29,26.149999618530273,26.290000915527344,26.0,26.1299991607666,23.326120376586914,1492100
2008-05-30,26.399999618530273,26.399999618530273,26.040000915527344,26.200000762939453,23.388608932495117,1755400
2008-06-02,26.229999542236328,26.34000015258789,25.56999969482422,25.969999313354492,23.18328857421875,1261000
2008-06-03,25.899999618530273,26.100000381469727,25.25,25.440000534057617,22.710163116455078,1886000
2008-06-04,25.190000534057617,25.90999984741211,25.09000015258789,25.780000686645508,23.01367950439453,2897300
2008-06-05,26.0,26.420000076293945,25.829999923706055,26.299999237060547,23.477876663208008,2760900
2008-06-06,26.100000381469727,26.469999313354492,25.09000015258789,25.829999923706055,23.058313369750977,3228800
2008-06-09,26.489999771118164,26.489999771118164,25.139999389648438,25.43000030517578,22.701236724853516,1509800
2008-06-10,25.399999618530273,25.399999618530273,24.84000015258789,25.010000228881836,22.326305389404297,1522000
2008-06-11,24.799999237060547,25.209999084472656,24.31999969482422,24.31999969482422,21.710344314575195,1592600
2008-06-12,24.600000381469727,24.959999084472656,24.469999313354492,24.649999618530273,22.004932403564453,1938800
2008-06-13,24.989999771118164,25.139999389648438,24.639999389648438,25.010000228881836,22.326305389404297,1343100
2008-06-16,24.899999618530273,25.040000915527344,24.459999084472656,24.649999618530273,22.004932403564453,2699000
2008-06-17,24.940000534057617,25.020000457763672,23.790000915527344,23.940000534057617,21.37112045288086,3176700
2008-06-18,23.8799991607666,23.979999542236328,23.450000762939453,23.579999923706055,21.049747467041016,2545500
2008-06-19,23.559999465942383,23.700000762939453,23.200000762939453,23.6200008392334,21.085458755493164,2600900
2008-06-20,23.229999542236328,23.5,22.739999771118164,23.09000015258789,20.612329483032227,3062900
2008-06-23,22.65999984741211,23.479999542236328,22.65999984741211,23.440000534057617,20.924772262573242,1631200
2008-06-24,23.399999618530273,23.989999771118164,23.1299991607666,23.860000610351562,21.29970359802246,2416700
2008-06-25,23.700000762939453,24.5,23.559999465942383,24.329999923706055,21.719270706176758,3195300
2008-06-26,23.709999084472656,24.350000381469727,23.700000762939453,23.780000686645508,21.228288650512695,1576900
2008-06-27,23.90999984741211,24.25,23.40999984741211,23.729999542236328,21.183650970458984,1597100
2008-06-30,23.790000915527344,24.0,23.459999084472656,23.6200008392334,21.085458755493164,1420900
2008-07-01,23.25,23.440000534057617,22.809999465942383,23.15999984741211,20.674816131591797,2139700
2008-07-02,23.31999969482422,23.420000076293945,22.239999771118164,22.299999237060547,19.907100677490234,2654700
2008-07-03,22.31999969482422,23.06999969482422,22.15999984741211,22.360000610351562,19.960662841796875,1379400
2008-07-07,22.510000228881836,22.989999771118164,22.280000686645508,22.93000030517578,20.469499588012695,2440800
2008-07-08,22.84000015258789,23.06999969482422,22.440000534057617,23.0,20.531982421875,2047200
2008-07-09,23.0,23.489999771118164,22.719999313354492,22.809999465942383,20.36237335205078,1952300
2008-07-10,22.81999969482422,23.059999465942383,22.420000076293945,22.690000534057617,20.255250930786133,1830100
2008-07-11,22.3700008392334,22.670000076293945,21.940000534057617,22.110000610351562,19.73748779296875,2190400
2008-07-14,22.18000030517578,22.420000076293945,21.8799991607666,22.1299991607666,19.75533676147461,1268900
2008-07-15,22.0,22.670000076293945,21.579999923706055,22.299999237060547,19.907100677490234,1710600
2008-07-16,22.549999237060547,22.59000015258789,22.1299991607666,22.399999618530273,19.996368408203125,3209400
2008-07-17,22.610000610351562,24.030000686645508,22.610000610351562,23.90999984741211,21.34433937072754,4649200
2008-07-18,24.06999969482422,24.43000030517578,23.530000686645508,23.700000762939453,21.156871795654297,2945700
2008-07-21,24.200000762939453,24.299999237060547,23.68000030517578,23.899999618530273,21.335411071777344,2559000
2008-07-22,23.809999465942383,23.809999465942383,23.520000457763672,23.670000076293945,21.130090713500977,1398100
2008-07-23,23.8700008392334,24.030000686645508,23.34000015258789,23.8799991607666,21.31755828857422,2776300
2008-07-24,23.760000228881836,23.760000228881836,22.299999237060547,22.510000228881836,20.094566345214844,2235200
2008-07-25,22.459999084472656,22.829999923706055,22.200000762939453,22.6299991607666,20.201688766479492,1981300
2008-07-28,22.639999389648438,22.84000015258789,22.459999084472656,22.540000915527344,20.12134552001953,998900
2008-07-29,22.40999984741211,23.139999389648438,22.229999542236328,23.1200008392334,20.639110565185547,1769600
2008-07-30,23.209999084472656,23.579999923706055,22.739999771118164,23.06999969482422,20.5944766998291,1241100
2008-07-31,22.799999237060547,23.110000610351562,22.43000030517578,22.489999771118164,20.07671356201172,2077200
2008-08-01,22.729999542236328,22.770000457763672,22.190000534057617,22.6299991607666,20.201688766479492,1377600
2008-08-04,22.59000015258789,22.649999618530273,21.829999923706055,21.920000076293945,19.567874908447266,1976500
2008-08-05,22.299999237060547,22.8700008392334,22.270000457763672,22.530000686645508,20.11241912841797,2327500
2008-08-06,22.639999389648438,24.329999923706055,22.219999313354492,24.059999465942383,21.478240966796875,3857400
2008-08-07,24.049999237060547,24.3799991607666,23.6299991607666,24.200000762939453,21.603219985961914,3610600
2008-08-08,24.020000457763672,24.25,23.68000030517578,24.18000030517578,21.585369110107422,1632600
2008-08-11,24.100000381469727,24.600000381469727,24.049999237060547,24.549999237060547,21.91566276550293,2159800
2008-08-12,24.559999465942383,25.0,24.350000381469727,24.739999771118164,22.085275650024414,2668900
2008-08-13,24.579999923706055,24.889999389648438,24.34000015258789,24.8799991607666,22.210250854492188,1297500
2008-08-14,24.600000381469727,25.520000457763672,24.600000381469727,25.329999923706055,22.61196517944336,4399500
2008-08-15,25.299999237060547,26.040000915527344,25.15999984741211,25.959999084472656,23.17436408996582,4934500
2008-08-18,26.1200008392334,26.1200008392334,25.260000228881836,25.59000015258789,22.844066619873047,2363400
2008-08-19,25.260000228881836,25.34000015258789,24.6200008392334,24.860000610351562,22.192398071289062,1921300
2008-08-20,24.889999389648438,24.889999389648438,24.25,24.6200008392334,21.978153228759766,1951100
2008-08-21,24.530000686645508,24.8799991607666,24.18000030517578,24.459999084472656,21.83531951904297,1256100
2008-08-22,24.18000030517578,24.81999969482422,24.18000030517578,24.65999984741211,22.013858795166016,712900
2008-08-25,24.360000610351562,24.649999618530273,23.790000915527344,23.90999984741211,21.34433937072754,735800
2008-08-26,23.799999237060547,23.899999618530273,23.360000610351562,23.65999984741211,21.12116241455078,1034500
2008-08-27,23.899999618530273,24.1299991607666,23.639999389648438,23.790000915527344,21.237215042114258,743100
2008-08-28,24.09000015258789,24.09000015258789,23.200000762939453,23.56999969482422,21.040822982788086,1412100
2008-08-29,23.510000228881836,23.510000228881836,23.139999389648438,23.18000030517578,20.692672729492188,1315700
2008-09-02,23.260000228881836,23.799999237060547,23.25,23.639999389648438,21.103309631347656,1519200
2008-09-03,23.520000457763672,23.670000076293945,23.110000610351562,23.389999389648438,20.880136489868164,1390200
2008-09-04,23.34000015258789,23.5,22.940000534057617,23.25,20.755159378051758,1637300
2008-09-05,23.040000915527344,23.059999465942383,22.639999389648438,22.760000228881836,20.317739486694336,2382000
2008-09-08,23.059999465942383,24.0,22.93000030517578,23.889999389648438,21.32648468017578,4752800
2008-09-09,23.860000610351562,23.969999313354492,23.360000610351562,23.399999618530273,20.889062881469727,1590600
2008-09-10,23.549999237060547,23.899999618530273,23.270000457763672,23.649999618530273,21.11223602294922,2637700
2008-09-11,23.209999084472656,23.780000686645508,23.209999084472656,23.690000534057617,21.147945404052734,2881400
2008-09-12,23.489999771118164,23.75,22.6200008392334,22.920000076293945,20.460569381713867,5076600
2008-09-15,22.3700008392334,22.809999465942383,21.420000076293945,21.450000762939453,19.148311614990234,2763500
2008-09-16,21.200000762939453,21.850000381469727,20.649999618530273,21.6200008392334,19.300065994262695,3891200
2008-09-17,21.399999618530273,21.75,19.760000228881836,19.920000076293945,17.782485961914062,4437900
2008-09-18,20.25,22.770000457763672,20.020000457763672,21.81999969482422,19.478605270385742,4711900
2008-09-19,22.75,25.350000381469727,22.1299991607666,22.56999969482422,20.14812660217285,5137500
2008-09-22,22.799999237060547,22.979999542236328,22.1299991607666,22.309999465942383,19.916027069091797,2385100
2008-09-23,22.139999389648438,22.530000686645508,21.290000915527344,21.65999984741211,19.335777282714844,1718600
2008-09-24,21.600000381469727,22.209999084472656,21.43000030517578,21.950000762939453,19.59465980529785,1263600
2008-09-25,21.90999984741211,22.68000030517578,21.899999618530273,22.610000610351562,20.183835983276367,2326700
2008-09-26,22.34000015258789,22.5,21.959999084472656,22.239999771118164,19.853538513183594,1514600
2008-09-29,21.6200008392334,21.670000076293945,19.959999084472656,20.110000610351562,17.952098846435547,3244300
2008-09-30,21.149999618530273,23.600000381469727,19.920000076293945,21.8700008392334,19.52324104309082,3367600
2008-10-01,21.520000457763672,22.25,21.43000030517578,22.190000534057617,19.80890464782715,3203400
2008-10-02,22.06999969482422,22.079999923706055,20.299999237060547,20.479999542236328,18.282394409179688,2164300
2008-10-03,20.600000381469727,21.31999969482422,19.34000015258789,19.360000610351562,17.282577514648438,2307700
2008-10-06,18.690000534057617,18.770000457763672,17.1299991607666,18.299999237060547,16.336320877075195,3682200
2008-10-07,17.850000381469727,18.469999313354492,17.239999771118164,17.299999237060547,15.443622589111328,4397300
2008-10-08,16.75,17.8799991607666,15.829999923706055,16.93000030517578,15.113327026367188,4940100
2008-10-09,17.5,18.09000015258789,15.989999771118164,16.229999542236328,14.48844051361084,3110000
2008-10-10,15.039999961853027,16.649999618530273,13.149999618530273,15.4399995803833,13.783211708068848,4740600
2008-10-13,16.719999313354492,18.670000076293945,16.6200008392334,18.649999618530273,16.648761749267578,2940800
2008-10-14,19.290000915527344,19.670000076293945,17.739999771118164,17.899999618530273,15.979239463806152,3034800
2008-10-15,17.25,17.600000381469727,15.84000015258789,16.299999237060547,14.550929069519043,3938900
2008-10-16,16.15999984741211,17.09000015258789,15.369999885559082,17.049999237060547,15.22044849395752,5514800
2008-10-17,17.139999389648438,17.440000534057617,16.639999389648438,16.739999771118164,14.943716049194336,2487900
2008-10-20,16.940000534057617,17.100000381469727,16.170000076293945,16.350000381469727,14.595561981201172,3209200
2008-10-21,15.989999771118164,16.450000762939453,15.40999984741211,15.489999771118164,13.827847480773926,1726200
2008-10-22,14.9399995803833,15.1899995803833,14.300000190734863,14.710000038146973,13.131545066833496,3343200
2008-10-23,14.399999618530273,15.050000190734863,13.520000457763672,14.1899995803833,12.667344093322754,3489000
2008-10-24,13.34000015258789,14.279999732971191,12.989999771118164,13.399999618530273,11.962112426757812,2920800
2008-10-27,13.260000228881836,14.0,13.109999656677246,13.350000381469727,11.917479515075684,2645500
2008-10-28,13.850000381469727,16.56999969482422,13.789999961853027,16.450000762939453,14.684833526611328,3208800
2008-10-29,16.270000457763672,17.959999084472656,15.880000114440918,17.5,15.622160911560059,3639100
2008-10-30,18.079999923706055,18.75,16.829999923706055,17.450000762939453,15.577529907226562,3369000
2008-10-31,17.309999465942383,18.0,16.90999984741211,17.65999984741211,15.764995574951172,2462200
2008-11-03,18.0,18.5,17.479999542236328,18.100000381469727,16.157779693603516,1888200
2008-11-04,18.31999969482422,19.139999389648438,17.850000381469727,19.100000381469727,17.05047607421875,3096400
2008-11-05,18.709999084472656,18.709999084472656,17.049999237060547,17.110000610351562,15.27401351928711,1251800
2008-11-06,17.0,17.030000686645508,15.710000038146973,15.84000015258789,14.140290260314941,1751600
2008-11-07,16.040000915527344,16.670000076293945,15.720000267028809,16.18000030517578,14.443806648254395,1770000
2008-11-10,16.510000228881836,16.690000534057617,15.720000267028809,15.930000305175781,14.220632553100586,1596000
2008-11-11,15.779999732971191,15.90999984741211,15.100000381469727,15.100000381469727,13.479695320129395,1928300
2008-11-12,14.729999542236328,14.90999984741211,14.079999923706055,14.170000076293945,12.649489402770996,1837400
2008-11-13,14.449999809265137,15.550000190734863,13.630000114440918,15.470000267028809,13.809990882873535,3752100
2008-11-14,15.229999542236328,15.680000305175781,14.890000343322754,15.09000015258789,13.470768928527832,2656700
2008-11-17,14.720000267028809,14.800000190734863,13.789999961853027,13.850000381469727,12.363826751708984,1859700
2008-11-18,13.850000381469727,14.329999923706055,13.670000076293945,14.220000267028809,12.694123268127441,3006800
2008-11-19,14.0,14.270000457763672,13.760000228881836,13.789999961853027,12.310263633728027,6289000
2008-11-20,13.4399995803833,14.029999732971191,13.149999618530273,13.210000038146973,11.792501449584961,5070200
2008-11-21,13.569999694824219,14.170000076293945,13.220000267028809,14.149999618530273,12.631634712219238,4637800
2008-11-24,14.520000457763672,15.300000190734863,14.270000457763672,14.850000381469727,13.256523132324219,3144600
2008-11-25,15.279999732971191,15.460000038146973,14.430000305175781,14.960000038146973,13.354718208312988,2326200
2008-11-26,14.680000305175781,15.069999694824219,14.319999694824219,15.0,13.390425682067871,2608900
2008-11-28,15.239999771118164,15.239999771118164,14.649999618530273,14.859999656677246,13.265447616577148,590500
2008-12-01,14.020000457763672,14.84000015258789,14.020000457763672,14.369999885559082,12.828027725219727,1576800
2008-12-02,14.6899995803833,15.199999809265137,14.15999984741211,14.670000076293945,13.095836639404297,2849900
2008-12-03,14.300000190734863,15.720000267028809,14.279999732971191,15.550000190734863,13.88140869140625,3163200
2008-12-04,15.140000343322754,15.720000267028809,14.520000457763672,14.859999656677246,13.265447616577148,1593600
2008-12-05,14.510000228881836,15.270000457763672,14.199999809265137,15.239999771118164,13.604671478271484,1629500
2008-12-08,15.329999923706055,16.06999969482422,15.329999923706055,15.920000076293945,14.211705207824707,2153900
2008-12-09,16.100000381469727,16.100000381469727,15.619999885559082,15.899999618530273,14.19385051727295,2822100
2008-12-10,16.110000610351562,16.450000762939453,15.920000076293945,16.389999389648438,14.631270408630371,2590800
2008-12-11,16.100000381469727,16.600000381469727,15.789999961853027,15.920000076293945,14.211705207824707,3210600
2008-12-12,15.729999542236328,15.90999984741211,14.539999961853027,15.529999732971191,13.863554000854492,1465700
2008-12-15,15.829999923706055,16.010000228881836,15.289999961853027,15.59000015258789,13.917116165161133,2191800
2008-12-16,15.930000305175781,16.09000015258789,15.449999809265137,15.90999984741211,14.202778816223145,3393600
2008-12-17,15.630000114440918,15.960000038146973,15.300000190734863,15.829999923706055,14.131361961364746,2780900
2008-12-18,16.229999542236328,16.229999542236328,15.1899995803833,15.34000015258789,13.69394302368164,2975700
2008-12-19,15.489999771118164,15.5,14.5600004196167,15.0600004196167,13.443986892700195,2444900
2008-12-22,14.829999923706055,15.0,14.0,14.479999542236328,12.926222801208496,2940800
2008-12-23,14.479999542236328,14.569999694824219,14.210000038146973,14.319999694824219,12.783391952514648,1708600
2008-12-24,14.449999809265137,14.84000015258789,14.229999542236328,14.640000343322754,13.069056510925293,942000
2008-12-26,14.800000190734863,15.0,14.369999885559082,14.819999694824219,13.229740142822266,1026100
2008-12-29,14.6899995803833,14.789999961853027,14.239999771118164,14.5,12.944079399108887,1508500
2008-12-30,14.510000228881836,14.850000381469727,14.289999961853027,14.649999618530273,13.077981948852539,1419100
2008-12-31,15.0,15.039999961853027,14.420000076293945,14.9399995803833,13.33686351776123,1379700
2009-01-02,15.0,15.8100004196167,14.920000076293945,15.680000305175781,13.997458457946777,1530600
2009-01-05,15.4399995803833,16.31999969482422,15.40999984741211,16.190000534057617,14.452733039855957,2295800
2009-01-06,16.350000381469727,17.329999923706055,16.299999237060547,16.65999984741211,14.872300148010254,3292900
2009-01-07,16.65999984741211,16.65999984741211,15.510000228881836,15.729999542236328,14.042094230651855,2884600
2009-01-08,15.579999923706055,15.579999923706055,14.979999542236328,15.100000381469727,13.479695320129395,2827100
2009-01-09,15.229999542236328,15.260000228881836,14.720000267028809,14.9399995803833,13.33686351776123,1522100
2009-01-12,14.739999771118164,14.960000038146973,14.5,14.510000228881836,12.953004837036133,1423300
2009-01-13,14.479999542236328,14.729999542236328,14.350000381469727,14.529999732971191,12.97085952758789,1491300
2009-01-14,13.970000267028809,14.5600004196167,13.789999961853027,14.350000381469727,12.810173988342285,4341400
2009-01-15,14.3100004196167,15.079999923706055,14.0,14.829999923706055,13.238667488098145,4251400
2009-01-16,15.0,15.260000228881836,14.319999694824219,14.850000381469727,13.256523132324219,2171000
2009-01-20,14.609999656677246,14.850000381469727,14.180000305175781,14.210000038146973,12.685195922851562,3591800
2009-01-21,14.800000190734863,14.800000190734863,13.880000114440918,14.359999656677246,12.819101333618164,5006400
2009-01-22,14.020000457763672,15.210000038146973,13.770000457763672,15.109999656677246,13.488621711730957,6428800
2009-01-23,14.449999809265137,15.100000381469727,14.329999923706055,15.0600004196167,13.443986892700195,4423300
2009-01-26,14.880000114440918,15.40999984741211,14.729999542236328,15.109999656677246,13.488621711730957,2436400
2009-01-27,15.119999885559082,15.5,14.75,14.90999984741211,13.310084342956543,2675700
2009-01-28,15.109999656677246,15.3100004196167,14.6899995803833,14.979999542236328,13.372570991516113,2309700
2009-01-29,14.789999961853027,14.84000015258789,14.149999618530273,14.359999656677246,12.819101333618164,1563600
2009-01-30,14.350000381469727,14.479999542236328,13.84000015258789,13.989999771118164,12.488802909851074,3345900
2009-02-02,13.800000190734863,14.479999542236328,13.800000190734863,14.180000305175781,12.658415794372559,1846800
2009-02-03,14.25,14.25,13.850000381469727,14.069999694824219,12.56021785736084,1728200
2009-02-04,14.140000343322754,14.15999984741211,13.5,13.569999694824219,12.113870620727539,3983700
2009-02-05,13.479999542236328,14.300000190734863,13.319999694824219,14.0600004196167,12.55129337310791,4185000
2009-02-06,14.0600004196167,14.680000305175781,14.050000190734863,14.390000343322754,12.845882415771484,2936000
2009-02-09,14.25,14.489999771118164,14.199999809265137,14.289999961853027,12.756612777709961,2174800
2009-02-10,14.279999732971191,14.34000015258789,13.0600004196167,13.279999732971191,11.854989051818848,3862700
2009-02-11,13.890000343322754,13.890000343322754,13.069999694824219,13.199999809265137,11.783574104309082,3621200
2009-02-12,13.020000457763672,13.5,12.609999656677246,13.289999961853027,11.863917350769043,5446800
2009-02-13,13.40999984741211,13.479999542236328,13.079999923706055,13.09000015258789,11.685379028320312,2017800
2009-02-17,12.75,12.859999656677246,12.010000228881836,12.34000015258789,11.01585578918457,4369100
2009-02-18,12.4399995803833,12.489999771118164,11.90999984741211,12.15999984741211,10.855172157287598,4959600
2009-02-19,12.289999961853027,12.520000457763672,12.069999694824219,12.100000381469727,10.801609992980957,2937600
2009-02-20,11.899999618530273,12.289999961853027,11.779999732971191,12.069999694824219,10.77482795715332,3601400
2009-02-23,12.149999618530273,12.319999694824219,11.770000457763672,11.829999923706055,10.56058120727539,3064200
2009-02-24,11.789999961853027,12.260000228881836,11.699999809265137,12.140000343322754,10.837318420410156,4121900
2009-02-25,12.09000015258789,12.130000114440918,11.680000305175781,11.859999656677246,10.587363243103027,2473600
2009-02-26,11.979999542236328,12.029999732971191,11.619999885559082,11.6899995803833,10.435604095458984,3736400
2009-02-27,11.369999885559082,12.350000381469727,11.369999885559082,12.170000076293945,10.86409854888916,6005800
2009-03-02,12.0,12.119999885559082,11.449999809265137,11.579999923706055,10.337408065795898,3580200
2009-03-03,11.729999542236328,11.739999771118164,11.319999694824219,11.5,10.2659912109375,2480700
2009-03-04,11.5,12.09000015258789,11.5,11.949999809265137,10.667705535888672,2959900
2009-03-05,11.710000038146973,11.720000267028809,10.880000114440918,11.140000343322754,9.944623947143555,5640000
2009-03-06,11.199999809265137,11.649999618530273,10.930000305175781,11.220000267028809,10.016039848327637,3470000
2009-03-09,10.869999885559082,11.539999961853027,10.869999885559082,10.920000076293945,9.748229026794434,3037200
2009-03-10,11.279999732971191,11.380000114440918,10.989999771118164,11.239999771118164,10.033893585205078,6692900
2009-03-11,11.260000228881836,12.029999732971191,11.210000038146973,11.880000114440918,10.605218887329102,2998100
2009-03-12,11.899999618530273,13.010000228881836,11.59000015258789,12.859999656677246,11.480058670043945,4426400
2009-03-13,12.829999923706055,13.65999984741211,12.829999923706055,12.979999542236328,11.58718204498291,6185400
2009-03-16,13.0,13.420000076293945,12.970000267028809,12.979999542236328,11.58718204498291,2432300
2009-03-17,12.890000343322754,13.399999618530273,12.770000457763672,13.350000381469727,11.917479515075684,4140600
2009-03-18,13.350000381469727,13.470000267028809,13.0600004196167,13.34000015258789,11.908552169799805,4730300
2009-03-19,13.489999771118164,13.489999771118164,12.859999656677246,12.970000267028809,11.578255653381348,3311600
2009-03-20,12.970000267028809,13.100000381469727,12.720000267028809,12.75,11.381860733032227,1370300
2009-03-23,13.15999984741211,13.890000343322754,12.970000267028809,13.890000343322754,12.399535179138184,4929400
2009-03-24,13.739999771118164,14.109999656677246,13.470000267028809,13.550000190734863,12.096019744873047,3111900
2009-03-25,13.5600004196167,14.029999732971191,13.279999732971191,13.65999984741211,12.194215774536133,2514200
2009-03-26,14.119999885559082,14.619999885559082,13.720000267028809,14.619999885559082,13.051201820373535,4567600
2009-03-27,14.180000305175781,14.270000457763672,12.970000267028809,13.90999984741211,12.417387008666992,3076400
2009-03-30,13.579999923706055,13.8100004196167,13.300000190734863,13.4399995803833,11.997819900512695,3367200
2009-03-31,13.670000076293945,13.989999771118164,13.420000076293945,13.640000343322754,12.176359176635742,3160900
2009-04-01,13.510000228881836,14.229999542236328,13.40999984741211,14.15999984741211,12.640562057495117,2115200
2009-04-02,14.420000076293945,15.609999656677246,14.420000076293945,15.520000457763672,13.85462760925293,5005000
2009-04-03,15.25,15.539999961853027,14.430000305175781,15.539999961853027,13.872481346130371,1686400
2009-04-06,15.510000228881836,15.529999732971191,15.149999618530273,15.239999771118164,13.604671478271484,1563100
2009-04-07,14.899999618530273,15.25,14.8100004196167,15.010000228881836,13.399352073669434,2264300
2009-04-08,15.3100004196167,15.539999961853027,15.010000228881836,15.220000267028809,13.586819648742676,2624700
2009-04-09,15.729999542236328,16.239999771118164,15.380000114440918,16.219999313354492,14.479513168334961,2401600
2009-04-13,16.010000228881836,16.43000030517578,15.739999771118164,16.299999237060547,14.550929069519043,2787600
2009-04-14,16.389999389648438,16.56999969482422,16.010000228881836,16.350000381469727,14.595561981201172,3203000
2009-04-15,16.469999313354492,17.1299991607666,16.049999237060547,17.1299991607666,15.291865348815918,3946600
2009-04-16,16.59000015258789,17.0,16.309999465942383,16.760000228881836,14.96157169342041,3253200
2009-04-17,16.799999237060547,16.799999237060547,16.420000076293945,16.540000915527344,14.765177726745605,2533400
2009-04-20,16.09000015258789,16.540000915527344,15.640000343322754,15.739999771118164,14.051017761230469,2372800
2009-04-21,15.789999961853027,16.1200008392334,15.529999732971191,16.059999465942383,14.336682319641113,2408900
2009-04-22,16.040000915527344,16.649999618530273,15.949999809265137,16.299999237060547,14.550929069519043,2208800
2009-04-23,16.110000610351562,16.600000381469727,15.960000038146973,16.15999984741211,14.425950050354004,2930600
2009-04-24,16.200000762939453,16.600000381469727,16.030000686645508,16.260000228881836,14.51522159576416,1743500
2009-04-27,16.06999969482422,16.06999969482422,14.9399995803833,15.039999961853027,13.426133155822754,4691000
2009-04-28,15.119999885559082,15.40999984741211,14.6899995803833,15.34000015258789,13.69394302368164,2605100
2009-04-29,15.430000305175781,16.15999984741211,15.319999694824219,16.049999237060547,14.327752113342285,2507800
2009-04-30,15.800000190734863,16.440000534057617,15.40999984741211,15.479999542236328,13.818918228149414,3330000
2009-05-01,15.640000343322754,15.970000267028809,15.489999771118164,15.760000228881836,14.06887435913086,1057700
2009-05-04,15.770000457763672,16.850000381469727,15.720000267028809,16.729999542236328,14.934785842895508,2949700
2009-05-05,16.690000534057617,17.139999389648438,16.299999237060547,17.09000015258789,15.256156921386719,1961000
2009-05-06,17.40999984741211,17.920000076293945,17.030000686645508,17.84000015258789,15.925679206848145,2428100
2009-05-07,17.989999771118164,18.469999313354492,16.700000762939453,17.1200008392334,15.282938957214355,4713000
2009-05-08,17.549999237060547,17.770000457763672,17.170000076293945,17.579999923706055,15.693578720092773,2225700
2009-05-11,17.25,17.5,17.06999969482422,17.209999084472656,15.363280296325684,1978400
2009-05-12,17.020000457763672,17.229999542236328,16.440000534057617,16.809999465942383,15.006203651428223,2356400
2009-05-13,16.31999969482422,16.770000457763672,16.049999237060547,16.639999389648438,14.85444450378418,3296200
2009-05-14,16.610000610351562,17.010000228881836,16.579999923706055,16.989999771118164,15.166889190673828,1823600
2009-05-15,16.969999313354492,17.190000534057617,16.65999984741211,16.93000030517578,15.113327026367188,2104900
2009-05-18,16.959999084472656,17.6200008392334,16.940000534057617,17.56999969482422,15.684649467468262,1375900
2009-05-19,17.450000762939453,18.040000915527344,17.31999969482422,17.770000457763672,15.863190650939941,1752000
2009-05-20,17.75,18.040000915527344,17.639999389648438,17.670000076293945,15.773920059204102,3290900
2009-05-21,17.389999389648438,17.600000381469727,17.040000915527344,17.25,15.3989896774292,1940200
2009-05-22,17.31999969482422,17.68000030517578,17.229999542236328,17.489999771118164,15.613238334655762,1648800
2009-05-26,17.020000457763672,17.68000030517578,17.020000457763672,17.559999465942383,16.26629638671875,3067800
2009-05-27,17.559999465942383,17.799999237060547,17.239999771118164,17.350000381469727,16.07176971435547,3163700
2009-05-28,17.389999389648438,17.670000076293945,17.290000915527344,17.559999465942383,16.26629638671875,2391800
2009-05-29,17.6299991607666,17.979999542236328,17.559999465942383,17.780000686645508,16.470088958740234,3427500
2009-06-01,18.1200008392334,18.5,18.010000228881836,18.200000762939453,16.859146118164062,1888100
2009-06-02,17.850000381469727,18.440000534057617,17.850000381469727,17.989999771118164,16.66461753845215,2318300
2009-06-03,17.90999984741211,17.959999084472656,16.850000381469727,16.959999084472656,15.71049976348877,5531100
2009-06-04,17.31999969482422,17.31999969482422,16.90999984741211,17.0,15.747554779052734,2416800
2009-06-05,17.09000015258789,17.34000015258789,16.68000030517578,17.329999923706055,16.05324363708496,4056900
2009-06-08,17.190000534057617,17.809999465942383,17.040000915527344,17.690000534057617,16.386722564697266,3152900
2009-06-09,17.739999771118164,18.389999389648438,17.149999618530273,17.639999389648438,16.340402603149414,3987800
2009-06-10,17.799999237060547,17.850000381469727,17.209999084472656,17.3799991607666,16.09955406188965,2663700
2009-06-11,17.299999237060547,17.850000381469727,17.219999313354492,17.780000686645508,16.470088958740234,1660400
2009-06-12,17.530000686645508,17.719999313354492,17.329999923706055,17.6299991607666,16.331138610839844,1466700
2009-06-15,17.31999969482422,17.59000015258789,17.190000534057617,17.329999923706055,16.05324363708496,2106700
2009-06-16,17.40999984741211,17.469999313354492,16.989999771118164,17.059999465942383,15.803133964538574,1990900
2009-06-17,16.920000076293945,17.239999771118164,16.790000915527344,16.950000762939453,15.701239585876465,2493900
2009-06-18,17.0,17.149999618530273,16.829999923706055,16.850000381469727,15.608604431152344,2410900
2009-06-19,17.0,17.06999969482422,16.84000015258789,16.850000381469727,15.608604431152344,2461500
2009-06-22,16.739999771118164,16.790000915527344,16.219999313354492,16.219999313354492,15.025017738342285,1616500
2009-06-23,16.299999237060547,16.40999984741211,16.06999969482422,16.110000610351562,14.923123359680176,2443700
2009-06-24,16.299999237060547,16.56999969482422,16.200000762939453,16.270000457763672,15.071337699890137,2933100
2009-06-25,16.25,16.979999542236328,16.149999618530273,16.799999237060547,15.562287330627441,2560600
2009-06-26,16.6299991607666,17.260000228881836,16.6299991607666,17.1299991607666,15.867975234985352,1701500
2009-06-29,16.969999313354492,17.309999465942383,16.780000686645508,17.25,15.979135513305664,1856200
2009-06-30,17.280000686645508,17.389999389648438,16.969999313354492,17.0,15.747554779052734,2263900
2009-07-01,17.100000381469727,17.540000915527344,16.940000534057617,17.190000534057617,15.923556327819824,2068000
2009-07-02,16.969999313354492,17.010000228881836,16.709999084472656,16.809999465942383,15.571551322937012,1726300
2009-07-06,16.84000015258789,17.049999237060547,16.690000534057617,17.049999237060547,15.793868064880371,2262200
2009-07-07,16.84000015258789,16.959999084472656,16.25,16.299999237060547,15.09912395477295,2310800
2009-07-08,16.299999237060547,16.6299991607666,16.219999313354492,16.459999084472656,15.247336387634277,3012500
2009-07-09,16.59000015258789,16.6299991607666,16.290000915527344,16.540000915527344,15.321444511413574,1603300
2009-07-10,16.40999984741211,16.540000915527344,15.90999984741211,16.540000915527344,15.321444511413574,2143400
2009-07-13,16.520000457763672,16.579999923706055,16.139999389648438,16.5,15.284391403198242,1467500
2009-07-14,16.479999542236328,17.270000457763672,16.440000534057617,17.229999542236328,15.960609436035156,2610400
2009-07-15,17.25,18.299999237060547,17.219999313354492,18.219999313354492,16.87767219543457,2781100
2009-07-16,18.229999542236328,18.229999542236328,17.729999542236328,17.850000381469727,16.53493309020996,2250300
2009-07-17,17.959999084472656,18.079999923706055,17.459999084472656,17.520000457763672,16.2292423248291,3338400
2009-07-20,17.610000610351562,18.299999237060547,17.559999465942383,18.190000534057617,16.849882125854492,2431800
2009-07-21,18.459999084472656,18.479999542236328,17.920000076293945,18.010000228881836,16.68314552307129,2179300
2009-07-22,17.760000228881836,18.290000915527344,17.760000228881836,17.90999984741211,16.59050941467285,1412300
2009-07-23,17.719999313354492,18.25,17.719999313354492,18.15999984741211,16.822092056274414,2004100
2009-07-24,18.110000610351562,18.260000228881836,17.969999313354492,18.030000686645508,16.701669692993164,2535300
2009-07-27,18.0,18.149999618530273,17.350000381469727,17.530000686645508,16.238510131835938,2893400
2009-07-28,17.520000457763672,17.739999771118164,17.280000686645508,17.709999084472656,16.405242919921875,1685800
2009-07-29,17.520000457763672,17.579999923706055,17.299999237060547,17.440000534057617,16.15513801574707,1518100
2009-07-30,17.700000762939453,17.729999542236328,17.520000457763672,17.549999237060547,16.257034301757812,1617200
2009-07-31,17.489999771118164,18.1299991607666,17.489999771118164,18.09000015258789,16.757251739501953,2452200
2009-08-03,18.219999313354492,18.549999237060547,18.219999313354492,18.299999237060547,16.951778411865234,2418900
2009-08-04,18.229999542236328,18.3799991607666,17.940000534057617,18.25,16.905460357666016,2365800
2009-08-05,18.190000534057617,18.3700008392334,17.719999313354492,17.979999542236328,16.655351638793945,1811000
2009-08-06,18.040000915527344,18.270000457763672,17.959999084472656,17.979999542236328,16.655351638793945,3253000
2009-08-07,18.100000381469727,18.459999084472656,17.979999542236328,18.389999389648438,17.035144805908203,4045200
2009-08-10,18.31999969482422,19.0,18.270000457763672,18.989999771118164,17.590940475463867,2823600
2009-08-11,18.899999618530273,18.899999618530273,18.43000030517578,18.440000534057617,17.081462860107422,1642300
2009-08-12,18.34000015258789,18.540000915527344,18.079999923706055,18.280000686645508,16.933252334594727,2539300
2009-08-13,18.360000610351562,18.6200008392334,18.190000534057617,18.3799991607666,17.0258846282959,6220300
2009-08-14,18.549999237060547,18.559999465942383,18.1299991607666,18.360000610351562,17.00735855102539,2636600
2009-08-17,18.139999389648438,18.139999389648438,17.450000762939453,17.489999771118164,16.20145606994629,2562700
2009-08-18,17.389999389648438,17.639999389648438,17.350000381469727,17.420000076293945,16.136613845825195,3143800
2009-08-19,17.299999237060547,17.639999389648438,17.229999542236328,17.579999923706055,16.284822463989258,4449400
2009-08-20,17.610000610351562,17.760000228881836,17.549999237060547,17.700000762939453,16.39598274230957,2408200
2009-08-21,17.850000381469727,18.110000610351562,17.829999923706055,18.06999969482422,16.738723754882812,4944300
2009-08-24,18.229999542236328,18.360000610351562,17.950000762939453,18.049999237060547,16.720197677612305,1754800
2009-08-25,18.049999237060547,18.1299991607666,17.6200008392334,17.670000076293945,16.36819076538086,3538200
2009-08-26,17.700000762939453,17.81999969482422,17.530000686645508,17.780000686645508,16.470088958740234,1763100
2009-08-27,17.760000228881836,17.940000534057617,17.59000015258789,17.899999618530273,16.58124542236328,5614100
2009-08-28,17.8700008392334,17.959999084472656,17.729999542236328,17.829999923706055,16.516403198242188,3645200
2009-08-31,17.479999542236328,17.649999618530273,17.3700008392334,17.479999542236328,16.192190170288086,1101500
2009-09-01,17.360000610351562,17.579999923706055,16.799999237060547,16.93000030517578,15.682711601257324,2500600
2009-09-02,16.90999984741211,17.110000610351562,16.729999542236328,16.760000228881836,15.525237083435059,1691200
2009-09-03,16.829999923706055,17.06999969482422,16.75,16.790000915527344,15.553025245666504,3024200
2009-09-04,16.8799991607666,17.1299991607666,16.799999237060547,17.030000686645508,15.775341987609863,6111300
2009-09-08,17.450000762939453,17.690000534057617,17.040000915527344,17.600000381469727,16.3033504486084,3506700
2009-09-09,17.540000915527344,17.940000534057617,17.290000915527344,17.479999542236328,16.192190170288086,3706500
2009-09-10,17.389999389648438,17.790000915527344,17.389999389648438,17.780000686645508,16.470088958740234,9513800
2009-09-11,17.93000030517578,18.049999237060547,17.6200008392334,18.030000686645508,16.701669692993164,5757400
2009-09-14,17.940000534057617,17.989999771118164,17.799999237060547,17.979999542236328,16.655351638793945,5354200
2009-09-15,17.979999542236328,18.31999969482422,17.889999389648438,18.31999969482422,16.970304489135742,6022300
2009-09-16,18.399999618530273,18.729999542236328,18.270000457763672,18.579999923706055,17.211149215698242,4652500
2009-09-17,18.559999465942383,18.600000381469727,18.290000915527344,18.450000762939453,17.09072494506836,3970100
2009-09-18,18.399999618530273,18.639999389648438,18.389999389648438,18.6299991607666,17.25746726989746,2960700
2009-09-21,18.56999969482422,18.639999389648438,18.399999618530273,18.59000015258789,17.22041130065918,2888200
2009-09-22,18.670000076293945,18.940000534057617,18.6299991607666,18.690000534057617,17.313047409057617,3947900
2009-09-23,18.90999984741211,19.020000457763672,18.260000228881836,18.270000457763672,16.92399024963379,1561800
2009-09-24,18.110000610351562,18.440000534057617,17.84000015258789,17.989999771118164,16.66461753845215,2299300
2009-09-25,17.8799991607666,18.06999969482422,17.780000686645508,17.979999542236328,16.655351638793945,1560500
2009-09-28,18.239999771118164,18.670000076293945,18.100000381469727,18.420000076293945,17.062938690185547,1854100
2009-09-29,18.420000076293945,18.81999969482422,18.399999618530273,18.709999084472656,17.331573486328125,4820600
2009-09-30,18.790000915527344,18.809999465942383,18.510000228881836,18.59000015258789,17.22041130065918,6452200
2009-10-01,18.260000228881836,18.600000381469727,17.920000076293945,17.920000076293945,16.59977149963379,5831200
2009-10-02,17.719999313354492,17.979999542236328,17.579999923706055,17.739999771118164,16.433034896850586,3640300
2009-10-05,17.889999389648438,18.09000015258789,17.719999313354492,18.020000457763672,16.69240951538086,3242300
2009-10-06,18.1299991607666,18.350000381469727,17.940000534057617,18.020000457763672,16.69240951538086,3434700
2009-10-07,17.90999984741211,18.209999084472656,17.84000015258789,18.110000610351562,16.775775909423828,2327800
2009-10-08,18.18000030517578,18.75,18.18000030517578,18.5,17.13704490661621,2432300
2009-10-09,18.350000381469727,18.760000228881836,18.34000015258789,18.610000610351562,17.238941192626953,2017100
2009-10-12,18.860000610351562,18.989999771118164,18.739999771118164,18.979999542236328,17.581676483154297,1916800
2009-10-13,18.950000762939453,19.229999542236328,18.84000015258789,19.059999465942383,17.65578269958496,2477900
2009-10-14,19.25,19.43000030517578,19.1299991607666,19.389999389648438,17.961471557617188,2559400
2009-10-15,19.280000686645508,19.459999084472656,19.15999984741211,19.3700008392334,17.94294548034668,1986300
2009-10-16,19.25,19.329999923706055,19.030000686645508,19.170000076293945,17.75768280029297,2210300
2009-10-19,19.290000915527344,19.739999771118164,19.0,19.700000762939453,18.24863624572754,1587800
2009-10-20,19.670000076293945,20.049999237060547,19.450000762939453,19.959999084472656,18.48948097229004,3591400
2009-10-21,20.399999618530273,20.81999969482422,19.59000015258789,20.420000076293945,18.915592193603516,5209300
2009-10-22,20.549999237060547,20.649999618530273,20.1299991607666,20.31999969482422,18.822961807250977,2946700
2009-10-23,20.34000015258789,21.049999237060547,20.149999618530273,20.290000915527344,18.795166015625,5126400
2009-10-26,20.34000015258789,20.690000534057617,20.280000686645508,20.440000534057617,18.934114456176758,5208900
2009-10-27,20.920000076293945,20.920000076293945,20.030000686645508,20.190000534057617,18.70253562927246,4869300
2009-10-28,20.15999984741211,20.270000457763672,19.75,19.799999237060547,18.34126853942871,6123000
2009-10-29,20.079999923706055,20.3700008392334,19.84000015258789,20.3700008392334,18.86927604675293,2071900
2009-10-30,20.3700008392334,20.420000076293945,19.200000762939453,19.360000610351562,17.933685302734375,2506200
2009-11-02,19.399999618530273,19.93000030517578,19.350000381469727,19.790000915527344,18.332006454467773,2567000
2009-11-03,19.06999969482422,19.579999923706055,19.030000686645508,19.520000457763672,18.08189582824707,1624000
2009-11-04,19.65999984741211,20.280000686645508,19.649999618530273,19.8700008392334,18.406110763549805,2445600
2009-11-05,19.90999984741211,20.610000610351562,19.8799991607666,20.600000381469727,19.08232879638672,2130900
2009-11-06,20.350000381469727,20.760000228881836,20.280000686645508,20.530000686645508,19.017486572265625,1495400
2009-11-09,20.790000915527344,21.290000915527344,20.59000015258789,21.049999237060547,19.499176025390625,2858800
2009-11-10,20.75,21.239999771118164,20.75,21.149999618530273,19.591806411743164,2049800
2009-11-11,21.329999923706055,21.690000534057617,21.200000762939453,21.600000381469727,20.00865364074707,1933700
2009-11-12,21.59000015258789,21.6200008392334,21.030000686645508,21.239999771118164,19.675174713134766,2196600
2009-11-13,21.229999542236328,21.440000534057617,20.959999084472656,21.049999237060547,19.499176025390625,2476600
2009-11-16,21.290000915527344,22.15999984741211,21.239999771118164,22.1299991607666,20.499605178833008,3356300
2009-11-17,21.770000457763672,21.860000610351562,20.979999542236328,21.190000534057617,19.628864288330078,3649700
2009-11-18,21.31999969482422,21.31999969482422,20.950000762939453,21.0,19.452861785888672,1817500
2009-11-19,20.979999542236328,21.010000228881836,20.690000534057617,20.959999084472656,19.415809631347656,1872000
2009-11-20,20.860000610351562,20.950000762939453,20.719999313354492,20.760000228881836,19.23054313659668,1985500
2009-11-23,20.940000534057617,21.25,20.510000228881836,20.81999969482422,19.28611946105957,3187700
2009-11-24,20.829999923706055,20.84000015258789,20.540000915527344,20.709999084472656,19.18422508239746,2261100
2009-11-25,20.6299991607666,20.860000610351562,20.6299991607666,20.700000762939453,19.174962997436523,2315300
2009-11-27,20.149999618530273,20.700000762939453,20.09000015258789,20.540000915527344,19.026750564575195,926000
2009-11-30,20.360000610351562,20.670000076293945,20.360000610351562,20.56999969482422,19.054540634155273,1439100
2009-12-01,20.739999771118164,21.34000015258789,20.739999771118164,21.06999969482422,19.517702102661133,2484200
2009-12-02,20.920000076293945,21.34000015258789,20.920000076293945,21.0,19.452861785888672,2148300
2009-12-03,21.149999618530273,21.190000534057617,20.899999618530273,20.979999542236328,19.434329986572266,1802000
2009-12-04,21.280000686645508,21.59000015258789,21.030000686645508,21.350000381469727,19.777076721191406,4027400
2009-12-07,21.299999237060547,21.610000610351562,21.209999084472656,21.389999389648438,19.81412696838379,1774700
2009-12-08,21.360000610351562,21.360000610351562,20.920000076293945,20.959999084472656,19.415809631347656,1549900
2009-12-09,21.030000686645508,21.030000686645508,20.56999969482422,20.920000076293945,19.378751754760742,1339400
2009-12-10,20.75,21.020000457763672,20.75,20.940000534057617,19.397281646728516,1538500
2009-12-11,21.059999465942383,21.06999969482422,20.739999771118164,20.850000381469727,19.31391143798828,2782900
2009-12-14,21.049999237060547,21.229999542236328,20.829999923706055,20.889999389648438,19.35096549987793,2200200
2009-12-15,20.940000534057617,21.190000534057617,20.780000686645508,21.100000381469727,19.545495986938477,3961300
2009-12-16,21.219999313354492,21.450000762939453,21.149999618530273,21.3799991607666,19.80486297607422,1528300
2009-12-17,20.979999542236328,21.0,20.530000686645508,20.530000686645508,19.493427276611328,1370800
2009-12-18,20.34000015258789,20.56999969482422,20.059999465942383,20.549999237060547,19.51241683959961,1478500
2009-12-21,20.709999084472656,20.940000534057617,20.479999542236328,20.65999984741211,19.616859436035156,985100
2009-12-22,20.780000686645508,20.8799991607666,20.700000762939453,20.799999237060547,19.74979591369629,2013100
2009-12-23,20.899999618530273,20.899999618530273,20.649999618530273,20.780000686645508,19.730802536010742,1849700
2009-12-24,20.75,21.010000228881836,20.700000762939453,20.969999313354492,19.911211013793945,406300
2009-12-28,21.030000686645508,21.030000686645508,20.709999084472656,20.8700008392334,19.816261291503906,658800
2009-12-29,20.979999542236328,21.059999465942383,20.809999465942383,20.950000762939453,19.892221450805664,1679500
2009-12-30,20.940000534057617,21.049999237060547,20.700000762939453,20.850000381469727,19.79726791381836,1451100
2009-12-31,20.93000030517578,21.110000610351562,20.739999771118164,20.760000228881836,19.71181297302246,694700
2010-01-04,20.84000015258789,21.190000534057617,20.84000015258789,21.149999618530273,20.082120895385742,1006300
2010-01-05,21.25,21.270000457763672,20.860000610351562,20.969999313354492,19.911211013793945,1670000
2010-01-06,20.93000030517578,21.1200008392334,20.809999465942383,20.889999389648438,19.835250854492188,949000
2010-01-07,20.920000076293945,21.18000030517578,20.809999465942383,21.1200008392334,20.053634643554688,1475700
2010-01-08,20.969999313354492,21.010000228881836,20.65999984741211,20.760000228881836,19.71181297302246,2601400
2010-01-11,20.75,20.799999237060547,20.399999618530273,20.649999618530273,19.60736656188965,2337100
2010-01-12,20.299999237060547,20.549999237060547,20.15999984741211,20.219999313354492,19.199079513549805,2559900
2010-01-13,20.219999313354492,20.690000534057617,19.979999542236328,20.649999618530273,19.60736656188965,3514300
2010-01-14,20.6299991607666,20.729999542236328,20.530000686645508,20.690000534057617,19.645347595214844,2183000
2010-01-15,20.65999984741211,20.709999084472656,20.399999618530273,20.40999984741211,19.379486083984375,3263500
2010-01-19,20.329999923706055,20.399999618530273,20.149999618530273,20.290000915527344,19.265541076660156,2213400
2010-01-20,20.290000915527344,20.34000015258789,19.989999771118164,20.170000076293945,19.151601791381836,2183600
2010-01-21,20.280000686645508,20.290000915527344,19.829999923706055,19.84000015258789,18.8382625579834,2076800
2010-01-22,19.799999237060547,19.940000534057617,19.459999084472656,19.68000030517578,18.686342239379883,2227900
2010-01-25,19.979999542236328,19.979999542236328,19.65999984741211,19.799999237060547,18.800281524658203,1749400
2010-01-26,19.549999237060547,19.760000228881836,19.510000228881836,19.549999237060547,18.562904357910156,2469900
2010-01-27,19.549999237060547,19.65999984741211,19.239999771118164,19.559999465942383,18.572402954101562,1751900
2010-01-28,19.719999313354492,19.84000015258789,19.209999084472656,19.739999771118164,18.743310928344727,2355500
2010-01-29,19.920000076293945,20.010000228881836,19.360000610351562,19.540000915527344,18.553409576416016,2294000
2010-02-01,19.600000381469727,19.649999618530273,19.239999771118164,19.6299991607666,18.63886833190918,1702500
2010-02-02,19.8700008392334,20.270000457763672,19.579999923706055,20.239999771118164,19.21806526184082,1766000
2010-02-03,20.299999237060547,20.40999984741211,19.81999969482422,19.90999984741211,18.90472984313965,1555200
2010-02-04,19.690000534057617,19.690000534057617,18.920000076293945,19.059999465942383,18.097646713256836,2650700
2010-02-05,18.950000762939453,19.0,18.31999969482422,18.770000457763672,17.82229232788086,2321300
2010-02-08,18.8799991607666,18.889999389648438,18.260000228881836,18.299999237060547,17.376020431518555,4906900
2010-02-09,18.56999969482422,18.979999542236328,18.530000686645508,18.809999465942383,17.860271453857422,2344300
2010-02-10,18.510000228881836,18.920000076293945,18.5,18.639999389648438,17.698856353759766,2354600
2010-02-11,18.520000457763672,18.829999923706055,18.5,18.780000686645508,17.831785202026367,2092200
2010-02-12,18.6299991607666,18.670000076293945,18.360000610351562,18.639999389648438,17.698856353759766,2386000
2010-02-16,19.239999771118164,19.239999771118164,18.649999618530273,19.100000381469727,18.135629653930664,4136900
2010-02-17,19.1200008392334,19.479999542236328,19.110000610351562,19.3700008392334,18.391992568969727,2588800
2010-02-18,19.3799991607666,19.700000762939453,19.200000762939453,19.670000076293945,18.67684555053711,2677200
2010-02-19,19.700000762939453,19.729999542236328,19.399999618530273,19.700000762939453,18.705333709716797,2974200
2010-02-22,19.850000381469727,19.8700008392334,19.6299991607666,19.65999984741211,18.667354583740234,1512400
2010-02-23,19.65999984741211,19.739999771118164,19.299999237060547,19.350000381469727,18.373004913330078,2212200
2010-02-24,19.420000076293945,19.450000762939453,19.190000534057617,19.290000915527344,18.3160343170166,3479600
2010-02-25,18.950000762939453,18.979999542236328,18.6200008392334,18.760000228881836,17.81279182434082,5632400
2010-02-26,18.65999984741211,18.739999771118164,18.079999923706055,18.459999084472656,17.52794075012207,6805600
2010-03-01,18.6299991607666,19.1299991607666,18.6299991607666,19.1299991607666,18.164113998413086,3625700
2010-03-02,19.239999771118164,19.399999618530273,19.149999618530273,19.239999771118164,18.268558502197266,3116300
2010-03-03,19.15999984741211,19.450000762939453,19.15999984741211,19.3799991607666,18.4014892578125,3016100
2010-03-04,19.540000915527344,19.559999465942383,19.1200008392334,19.299999237060547,18.32552719116211,1753800
2010-03-05,19.3799991607666,19.469999313354492,19.280000686645508,19.299999237060547,18.32552719116211,4719800
2010-03-08,19.329999923706055,19.440000534057617,19.260000228881836,19.3700008392334,18.391992568969727,5591700
2010-03-09,19.329999923706055,19.59000015258789,19.280000686645508,19.530000686645508,18.543916702270508,3806000
2010-03-10,19.530000686645508,20.040000915527344,19.459999084472656,20.020000457763672,19.009180068969727,2387200
2010-03-11,19.889999389648438,20.15999984741211,19.889999389648438,20.15999984741211,19.142105102539062,2365200
2010-03-12,20.270000457763672,20.420000076293945,20.270000457763672,20.350000381469727,19.32251739501953,1416200
2010-03-15,20.25,20.43000030517578,20.1299991607666,20.3700008392334,19.341503143310547,2125100
2010-03-16,20.489999771118164,20.540000915527344,20.239999771118164,20.530000686645508,19.493427276611328,1597600
2010-03-17,20.639999389648438,20.8700008392334,20.6299991607666,20.829999923706055,19.778278350830078,2372500
2010-03-18,20.799999237060547,20.90999984741211,20.6299991607666,20.850000381469727,19.79726791381836,2531700
2010-03-19,20.700000762939453,21.0,20.56999969482422,20.700000762939453,19.654844284057617,2373900
2010-03-22,20.600000381469727,21.100000381469727,20.459999084472656,20.989999771118164,19.930198669433594,2648400
2010-03-23,21.1200008392334,21.1200008392334,20.8700008392334,21.040000915527344,19.977678298950195,1520600
2010-03-24,20.989999771118164,21.079999923706055,20.3700008392334,20.6200008392334,19.578882217407227,2626100
2010-03-25,20.84000015258789,20.979999542236328,20.579999923706055,20.6299991607666,19.588376998901367,2956000
2010-03-26,20.6200008392334,20.860000610351562,20.40999984741211,20.579999923706055,19.54090118408203,1643700
2010-03-29,20.760000228881836,20.93000030517578,20.649999618530273,20.93000030517578,19.87322998046875,1092800
2010-03-30,20.90999984741211,21.059999465942383,20.84000015258789,21.030000686645508,19.968181610107422,1004700
2010-03-31,21.030000686645508,21.200000762939453,20.93000030517578,21.020000457763672,19.95868682861328,2637900
2010-04-01,21.1299991607666,21.389999389648438,21.020000457763672,21.1200008392334,20.053634643554688,1579800
2010-04-05,21.260000228881836,21.729999542236328,21.229999542236328,21.65999984741211,20.56637191772461,1822300
2010-04-06,21.65999984741211,21.65999984741211,21.459999084472656,21.5,20.414453506469727,1716600
2010-04-07,21.510000228881836,21.510000228881836,21.040000915527344,21.100000381469727,20.034650802612305,2661500
2010-04-08,20.969999313354492,21.200000762939453,20.889999389648438,21.100000381469727,20.034650802612305,1769800
2010-04-09,21.09000015258789,21.389999389648438,21.09000015258789,21.350000381469727,20.272024154663086,1056600
2010-04-12,21.31999969482422,21.5,21.219999313354492,21.450000762939453,20.366975784301758,1019500
2010-04-13,21.43000030517578,21.579999923706055,21.229999542236328,21.579999923706055,20.49040985107422,986200
2010-04-14,21.6200008392334,21.65999984741211,21.40999984741211,21.549999237060547,20.461925506591797,1229600
2010-04-15,21.559999465942383,21.59000015258789,21.329999923706055,21.489999771118164,20.40495491027832,768100
2010-04-16,21.290000915527344,21.420000076293945,20.760000228881836,20.950000762939453,19.892221450805664,1454000
2010-04-19,20.559999465942383,21.18000030517578,20.559999465942383,21.100000381469727,20.034650802612305,1271200
2010-04-20,21.329999923706055,21.389999389648438,21.110000610351562,21.360000610351562,20.281518936157227,985800
2010-04-21,21.459999084472656,21.479999542236328,20.700000762939453,20.799999237060547,19.74979591369629,3021300
2010-04-22,20.690000534057617,21.190000534057617,20.549999237060547,21.1299991607666,20.063129425048828,2138600
2010-04-23,21.18000030517578,21.219999313354492,20.950000762939453,21.15999984741211,20.09161376953125,2152900
2010-04-26,21.110000610351562,21.3799991607666,20.93000030517578,21.149999618530273,20.082120895385742,2253900
2010-04-27,21.049999237060547,21.06999969482422,19.6200008392334,19.75,18.7528076171875,4378900
2010-04-28,19.799999237060547,20.219999313354492,19.579999923706055,20.200000762939453,19.180089950561523,4410000
2010-04-29,20.459999084472656,21.040000915527344,20.440000534057617,20.68000030517578,19.63585662841797,3564000
2010-04-30,20.760000228881836,21.030000686645508,20.5,20.780000686645508,19.730802536010742,3411900
2010-05-03,21.010000228881836,21.020000457763672,20.549999237060547,20.75,19.702314376831055,1918100
2010-05-04,20.3799991607666,20.40999984741211,19.59000015258789,19.59000015258789,18.600887298583984,2931300
2010-05-05,19.270000457763672,19.549999237060547,18.940000534057617,18.989999771118164,18.031177520751953,3147000
2010-05-06,19.1200008392334,19.209999084472656,17.049999237060547,18.31999969482422,17.395008087158203,4211100
2010-05-07,18.34000015258789,18.709999084472656,17.959999084472656,18.229999542236328,17.309553146362305,6202100
2010-05-10,18.899999618530273,19.399999618530273,18.899999618530273,19.25,18.278053283691406,4533100
2010-05-11,18.950000762939453,19.34000015258789,18.8700008392334,18.979999542236328,18.021686553955078,2053500
2010-05-12,19.0,19.600000381469727,19.0,19.559999465942383,18.572402954101562,3260000
2010-05-13,19.549999237060547,19.68000030517578,19.43000030517578,19.459999084472656,18.477449417114258,2311600
2010-05-14,19.25,19.3799991607666,18.770000457763672,19.049999237060547,18.088150024414062,2663900
2010-05-17,19.209999084472656,19.209999084472656,18.3799991607666,18.850000381469727,17.89824867248535,1938200
2010-05-18,19.0,19.1200008392334,18.479999542236328,18.559999465942383,17.622892379760742,1393600
2010-05-19,18.350000381469727,18.59000015258789,18.18000030517578,18.3700008392334,17.442485809326172,2890300
2010-05-20,17.940000534057617,18.309999465942383,17.809999465942383,18.010000228881836,17.100664138793945,5777700
2010-05-21,17.809999465942383,18.399999618530273,17.700000762939453,18.299999237060547,17.376020431518555,2902100
2010-05-24,18.309999465942383,18.540000915527344,18.09000015258789,18.09000015258789,17.17662239074707,1444100
2010-05-25,17.59000015258789,17.959999084472656,17.43000030517578,17.950000762939453,17.04369354248047,2665800
2010-05-26,18.030000686645508,18.549999237060547,18.030000686645508,18.200000762939453,17.281068801879883,2057700
2010-05-27,18.639999389648438,19.0,18.489999771118164,19.0,18.040678024291992,1801500
2010-05-28,18.790000915527344,18.950000762939453,18.43000030517578,18.59000015258789,17.651376724243164,2389200
2010-06-01,18.739999771118164,19.110000610351562,18.5,18.559999465942383,17.622892379760742,2679400
2010-06-02,18.799999237060547,18.850000381469727,18.56999969482422,18.809999465942383,17.860271453857422,4318600
2010-06-03,19.239999771118164,19.239999771118164,18.579999923706055,18.719999313354492,17.774812698364258,4981200
2010-06-04,18.170000076293945,18.56999969482422,17.979999542236328,18.040000915527344,17.129148483276367,2879600
2010-06-07,18.059999465942383,18.149999618530273,17.489999771118164,17.520000457763672,16.635404586791992,3591500
2010-06-08,17.59000015258789,17.649999618530273,17.329999923706055,17.579999923706055,16.692371368408203,6343500
2010-06-09,17.670000076293945,18.149999618530273,17.489999771118164,17.889999389648438,16.98672103881836,5352000
2010-06-10,18.15999984741211,18.690000534057617,17.850000381469727,18.690000534057617,17.7463321685791,4099800
2010-06-11,18.5,18.799999237060547,18.489999771118164,18.700000762939453,17.75582504272461,1501600
2010-06-14,18.860000610351562,19.09000015258789,18.579999923706055,18.600000381469727,17.66087532043457,4495000
2010-06-15,18.84000015258789,19.0,18.700000762939453,18.940000534057617,17.983707427978516,3441800
2010-06-16,18.84000015258789,18.979999542236328,18.709999084472656,18.799999237060547,17.850772857666016,2741900
2010-06-17,18.770000457763672,18.81999969482422,18.540000915527344,18.799999237060547,17.850772857666016,2232000
2010-06-18,18.790000915527344,18.989999771118164,18.639999389648438,18.950000762939453,17.993200302124023,1960200
2010-06-21,19.290000915527344,19.43000030517578,18.920000076293945,18.969999313354492,18.012189865112305,2059800
2010-06-22,18.93000030517578,19.06999969482422,18.459999084472656,18.5,17.565921783447266,3735200
2010-06-23,18.56999969482422,18.56999969482422,18.1200008392334,18.309999465942383,17.385517120361328,2140500
2010-06-24,18.1200008392334,18.219999313354492,17.850000381469727,17.889999389648438,16.98672103881836,1616000
2010-06-25,17.889999389648438,18.200000762939453,17.75,18.049999237060547,17.138641357421875,1991800
2010-06-28,18.049999237060547,18.18000030517578,17.8799991607666,18.09000015258789,17.17662239074707,1240100
2010-06-29,17.729999542236328,17.8700008392334,17.59000015258789,17.690000534057617,16.79682159423828,2202300
2010-06-30,17.690000534057617,17.860000610351562,17.3700008392334,17.40999984741211,16.53095817565918,3259600
2010-07-01,17.3700008392334,17.6299991607666,17.139999389648438,17.579999923706055,16.692371368408203,2891300
2010-07-02,17.719999313354492,17.950000762939453,17.520000457763672,17.8700008392334,16.967731475830078,2056600
2010-07-06,18.18000030517578,18.459999084472656,17.959999084472656,18.18000030517578,17.262081146240234,2864600
2010-07-07,18.15999984741211,18.59000015258789,18.15999984741211,18.59000015258789,17.651376724243164,1307600
2010-07-08,18.829999923706055,18.829999923706055,18.34000015258789,18.690000534057617,17.7463321685791,1365700
2010-07-09,18.649999618530273,18.8799991607666,18.610000610351562,18.8799991607666,17.926733016967773,1625900
2010-07-12,18.799999237060547,19.059999465942383,18.649999618530273,18.829999923706055,17.879261016845703,1455100
2010-07-13,19.0,19.110000610351562,18.729999542236328,18.780000686645508,17.831785202026367,2108700
2010-07-14,18.719999313354492,18.920000076293945,18.65999984741211,18.899999618530273,17.94572639465332,1282300
2010-07-15,18.969999313354492,19.020000457763672,18.690000534057617,18.950000762939453,17.993200302124023,2045300
2010-07-16,18.90999984741211,18.920000076293945,18.34000015258789,18.360000610351562,17.43299102783203,1725400
2010-07-19,18.479999542236328,18.709999084472656,18.299999237060547,18.43000030517578,17.49945640563965,1408300
2010-07-20,18.25,18.5,18.200000762939453,18.469999313354492,17.537433624267578,1548800
2010-07-21,18.5,18.600000381469727,18.09000015258789,18.149999618530273,17.233592987060547,1997800
2010-07-22,18.239999771118164,18.6200008392334,18.209999084472656,18.59000015258789,17.651376724243164,1960900
2010-07-23,18.59000015258789,18.81999969482422,18.479999542236328,18.729999542236328,17.78430938720703,2810200
2010-07-26,18.670000076293945,19.100000381469727,18.670000076293945,19.030000686645508,18.069162368774414,1496200
2010-07-27,19.15999984741211,19.15999984741211,18.809999465942383,18.81999969482422,17.869762420654297,1981300
2010-07-28,18.68000030517578,18.889999389648438,18.56999969482422,18.84000015258789,17.888755798339844,2677700
2010-07-29,18.8700008392334,19.09000015258789,18.420000076293945,18.600000381469727,17.66087532043457,1579700
2010-07-30,18.309999465942383,19.1200008392334,18.229999542236328,19.0,18.040678024291992,2711000
2010-08-02,19.239999771118164,19.489999771118164,19.049999237060547,19.440000534057617,18.458457946777344,1631000
2010-08-03,19.450000762939453,19.5,19.239999771118164,19.389999389648438,18.410985946655273,1479400
2010-08-04,19.489999771118164,19.809999465942383,19.40999984741211,19.770000457763672,18.771799087524414,1067400
2010-08-05,19.75,19.860000610351562,19.489999771118164,19.809999465942383,18.809778213500977,917800
2010-08-06,19.649999618530273,19.81999969482422,19.530000686645508,19.729999542236328,18.733821868896484,1106100
2010-08-09,19.760000228881836,19.93000030517578,19.700000762939453,19.75,18.7528076171875,591100
2010-08-10,19.489999771118164,19.709999084472656,19.40999984741211,19.6200008392334,18.629371643066406,1015700
2010-08-11,19.350000381469727,19.360000610351562,18.93000030517578,19.1200008392334,18.154621124267578,1487500
2010-08-12,18.93000030517578,19.1200008392334,18.8799991607666,19.06999969482422,18.107139587402344,1028200
2010-08-13,19.0,19.219999313354492,19.0,19.1200008392334,18.154621124267578,1397100
2010-08-16,18.90999984741211,19.239999771118164,18.639999389648438,19.139999389648438,18.17360496520996,1379200
2010-08-17,19.350000381469727,19.68000030517578,19.219999313354492,19.239999771118164,18.268558502197266,1481500
2010-08-18,19.239999771118164,19.469999313354492,19.040000915527344,19.270000457763672,18.297042846679688,1010300
2010-08-19,19.25,19.40999984741211,18.809999465942383,18.989999771118164,18.031177520751953,1122200
2010-08-20,18.84000015258789,19.290000915527344,18.729999542236328,19.290000915527344,18.3160343170166,1308300
2010-08-23,19.350000381469727,19.389999389648438,19.06999969482422,19.09000015258789,18.126131057739258,1590800
2010-08-24,18.700000762939453,18.780000686645508,18.43000030517578,18.56999969482422,17.63238525390625,1720200
2010-08-25,18.299999237060547,18.610000610351562,17.969999313354492,18.56999969482422,17.63238525390625,2968300
2010-08-26,18.600000381469727,18.860000610351562,18.440000534057617,18.459999084472656,17.52794075012207,2180500
2010-08-27,18.6299991607666,19.1200008392334,18.389999389648438,19.010000228881836,18.0501708984375,2866600
2010-08-30,18.940000534057617,19.06999969482422,18.559999465942383,18.610000610351562,17.67037010192871,1577500
2010-08-31,18.510000228881836,18.690000534057617,18.34000015258789,18.489999771118164,17.556425094604492,2073300
2010-09-01,18.829999923706055,19.1299991607666,18.719999313354492,19.06999969482422,18.107139587402344,2117900
2010-09-02,19.079999923706055,19.219999313354492,18.920000076293945,18.969999313354492,18.012189865112305,1508800
2010-09-03,19.239999771118164,19.43000030517578,18.969999313354492,19.309999465942383,18.33502769470215,1788100
2010-09-07,19.260000228881836,19.260000228881836,18.459999084472656,18.5,17.565921783447266,2536500
2010-09-08,18.6200008392334,18.790000915527344,18.350000381469727,18.399999618530273,17.470970153808594,3156200
2010-09-09,18.559999465942383,18.670000076293945,18.389999389648438,18.5,17.565921783447266,1893500
2010-09-10,18.540000915527344,18.860000610351562,18.540000915527344,18.829999923706055,17.879261016845703,1310900
2010-09-13,18.979999542236328,19.18000030517578,18.889999389648438,19.059999465942383,18.097646713256836,1879700
2010-09-14,19.049999237060547,19.3700008392334,19.0,19.309999465942383,18.33502769470215,1259300
2010-09-15,19.170000076293945,19.350000381469727,19.020000457763672,19.31999969482422,18.344520568847656,1526900
2010-09-16,19.299999237060547,19.399999618530273,18.8700008392334,19.1200008392334,18.154621124267578,1243100
2010-09-17,19.25,19.5,19.06999969482422,19.399999618530273,18.420482635498047,1080000
2010-09-20,19.43000030517578,19.559999465942383,19.31999969482422,19.420000076293945,18.439470291137695,909600
2010-09-21,19.440000534057617,19.450000762939453,18.979999542236328,19.040000915527344,18.078657150268555,3147600
2010-09-22,19.020000457763672,19.18000030517578,18.65999984741211,18.899999618530273,17.94572639465332,3381900
2010-09-23,18.809999465942383,19.170000076293945,18.670000076293945,18.829999923706055,17.879261016845703,1798400
2010-09-24,19.010000228881836,19.209999084472656,18.59000015258789,18.700000762939453,17.75582504272461,3963100
2010-09-27,18.729999542236328,18.790000915527344,18.469999313354492,18.479999542236328,17.546934127807617,3858700
2010-09-28,18.559999465942383,18.940000534057617,18.440000534057617,18.81999969482422,17.869762420654297,10918600
2010-09-29,18.709999084472656,19.030000686645508,18.709999084472656,18.90999984741211,17.95522117614746,4304700
2010-09-30,19.059999465942383,19.270000457763672,18.84000015258789,18.920000076293945,17.96471405029297,2707000
2010-10-01,19.0,19.1299991607666,18.829999923706055,18.959999084472656,18.002696990966797,1666400
2010-10-04,18.989999771118164,19.1200008392334,18.81999969482422,18.90999984741211,17.95522117614746,2222700
2010-10-05,20.0,21.649999618530273,19.700000762939453,21.510000228881836,20.4239444732666,16116400
2010-10-06,21.459999084472656,22.149999618530273,21.3700008392334,21.899999618530273,20.794254302978516,6845400
2010-10-07,21.920000076293945,21.989999771118164,21.530000686645508,21.739999771118164,20.642333984375,2914500
2010-10-08,21.850000381469727,22.1200008392334,21.709999084472656,22.06999969482422,20.955669403076172,1396400
2010-10-11,22.15999984741211,22.299999237060547,21.450000762939453,21.68000030517578,20.58536148071289,2749900
2010-10-12,21.579999923706055,21.850000381469727,21.3799991607666,21.760000228881836,20.66132354736328,2372400
2010-10-13,21.860000610351562,22.3700008392334,21.780000686645508,22.280000686645508,21.15506935119629,2761900
2010-10-14,22.309999465942383,22.739999771118164,22.079999923706055,22.309999465942383,21.183551788330078,4866400
2010-10-15,22.329999923706055,22.549999237060547,21.559999465942383,21.979999542236328,20.87021255493164,3275700
2010-10-18,22.010000228881836,22.540000915527344,21.93000030517578,22.309999465942383,21.183551788330078,2222500
2010-10-19,21.959999084472656,22.229999542236328,21.690000534057617,21.84000015258789,20.737281799316406,2029000
2010-10-20,21.8799991607666,22.399999618530273,21.780000686645508,22.1200008392334,21.00314712524414,1678900
2010-10-21,22.56999969482422,22.56999969482422,21.979999542236328,22.290000915527344,21.164562225341797,1708300
2010-10-22,22.239999771118164,22.389999389648438,22.1200008392334,22.260000228881836,21.13607406616211,1893300
2010-10-25,22.209999084472656,22.469999313354492,22.100000381469727,22.1200008392334,21.00314712524414,1843900
2010-10-26,21.93000030517578,22.329999923706055,21.90999984741211,22.299999237060547,21.17405891418457,2592900
2010-10-27,22.06999969482422,22.440000534057617,21.920000076293945,22.170000076293945,21.050621032714844,2363400
2010-10-28,22.40999984741211,22.6299991607666,22.209999084472656,22.219999313354492,21.098094940185547,3918500
2010-10-29,22.229999542236328,22.510000228881836,22.139999389648438,22.450000762939453,21.316484451293945,3550200
2010-11-01,22.540000915527344,22.969999313354492,22.399999618530273,22.8799991607666,21.72477149963379,2343100
2010-11-02,22.989999771118164,23.020000457763672,22.5,22.65999984741211,21.515880584716797,1398700
2010-11-03,22.809999465942383,23.010000228881836,22.59000015258789,22.899999618530273,21.74376106262207,2086000
2010-11-04,23.25,23.34000015258789,23.020000457763672,23.079999923706055,21.9146728515625,1272600
2010-11-05,23.139999389648438,23.270000457763672,23.0,23.170000076293945,22.000131607055664,1563500
2010-11-08,23.020000457763672,23.43000030517578,22.889999389648438,23.399999618530273,22.218515396118164,1362800
2010-11-09,23.489999771118164,23.860000610351562,23.049999237060547,23.1299991607666,21.9621524810791,2652900
2010-11-10,23.1299991607666,23.549999237060547,22.899999618530273,23.549999237060547,22.360942840576172,1491700
2010-11-11,23.190000534057617,23.40999984741211,22.940000534057617,23.100000381469727,21.93366241455078,1916400
2010-11-12,22.84000015258789,23.260000228881836,22.6299991607666,22.850000381469727,21.696285247802734,1586500
2010-11-15,23.010000228881836,23.270000457763672,22.860000610351562,22.8700008392334,21.71527862548828,722800
2010-11-16,22.65999984741211,22.81999969482422,22.1200008392334,22.219999313354492,21.098094940185547,1232600
2010-11-17,22.260000228881836,22.489999771118164,21.969999313354492,22.360000610351562,21.231029510498047,1592500
2010-11-18,22.700000762939453,22.8700008392334,22.690000534057617,22.850000381469727,21.696285247802734,1268000
2010-11-19,22.610000610351562,23.020000457763672,22.510000228881836,23.010000228881836,21.848209381103516,840900
2010-11-22,22.889999389648438,23.020000457763672,22.520000457763672,22.940000534057617,21.7817440032959,1114100
2010-11-23,22.549999237060547,22.59000015258789,22.149999618530273,22.31999969482422,21.19304847717285,1653400
2010-11-24,22.459999084472656,23.520000457763672,22.459999084472656,23.479999542236328,22.294477462768555,2569800
2010-11-26,23.1200008392334,23.40999984741211,22.90999984741211,23.18000030517578,22.009624481201172,1009900
2010-11-29,22.940000534057617,23.139999389648438,22.399999618530273,23.06999969482422,21.905181884765625,2067300
2010-11-30,22.809999465942383,23.440000534057617,22.670000076293945,23.299999237060547,22.123567581176758,2335200
2010-12-01,23.719999313354492,24.18000030517578,23.610000610351562,24.049999237060547,22.8356990814209,2453700
2010-12-02,24.020000457763672,24.59000015258789,23.959999084472656,24.3799991607666,23.149038314819336,1845300
2010-12-03,24.15999984741211,24.459999084472656,24.1200008392334,24.389999389648438,23.15852928161621,1360000
2010-12-06,24.3700008392334,24.809999465942383,24.219999313354492,24.780000686645508,23.52884292602539,3367600
2010-12-07,25.0,25.100000381469727,24.81999969482422,24.90999984741211,23.65227699279785,3025100
2010-12-08,24.959999084472656,24.959999084472656,24.149999618530273,24.299999237060547,23.073074340820312,4034100
2010-12-09,24.420000076293945,24.690000534057617,24.229999542236328,24.559999465942383,23.319948196411133,2865900
2010-12-10,24.579999923706055,24.579999923706055,24.149999618530273,24.459999084472656,23.224998474121094,1253300
2010-12-13,24.729999542236328,24.81999969482422,24.6299991607666,24.739999771118164,23.490859985351562,1537600
2010-12-14,24.739999771118164,25.100000381469727,24.739999771118164,24.989999771118164,23.72823715209961,3360500
2010-12-15,24.829999923706055,25.030000686645508,24.81999969482422,25.0,23.73773193359375,3616700
2010-12-16,25.079999923706055,25.219999313354492,24.860000610351562,25.219999313354492,23.946624755859375,1811800
2010-12-17,25.239999771118164,25.469999313354492,25.079999923706055,25.299999237060547,24.0225830078125,2197800
2010-12-20,25.489999771118164,25.84000015258789,25.350000381469727,25.610000610351562,24.316932678222656,1324200
2010-12-21,25.65999984741211,26.260000228881836,25.65999984741211,26.260000228881836,24.93411636352539,1794200
2010-12-22,26.1200008392334,26.579999923706055,26.1200008392334,26.510000228881836,25.171491622924805,3402900
2010-12-23,26.34000015258789,26.34000015258789,25.799999237060547,25.979999542236328,24.668249130249023,1769500
2010-12-27,25.889999389648438,26.079999923706055,25.809999465942383,25.940000534057617,24.63027000427246,800600
2010-12-28,26.139999389648438,26.139999389648438,25.790000915527344,25.8700008392334,24.56380271911621,659500
2010-12-29,25.8799991607666,26.020000457763672,25.799999237060547,25.90999984741211,24.601783752441406,687100
2010-12-30,25.889999389648438,25.989999771118164,25.780000686645508,25.920000076293945,24.611284255981445,540000
2010-12-31,25.790000915527344,26.040000915527344,25.739999771118164,25.93000030517578,24.620779037475586,845400
2011-01-03,26.110000610351562,26.59000015258789,26.09000015258789,26.5,25.161996841430664,1090800
2011-01-04,26.670000076293945,26.670000076293945,25.920000076293945,26.030000686645508,24.715728759765625,1630600
2011-01-05,26.049999237060547,26.170000076293945,25.790000915527344,25.850000381469727,24.544816970825195,1380200
2011-01-06,25.899999618530273,25.90999984741211,25.530000686645508,25.600000381469727,24.307437896728516,1335100
2011-01-07,25.760000228881836,25.790000915527344,25.299999237060547,25.440000534057617,24.155515670776367,1506900
2011-01-10,25.469999313354492,25.75,25.25,25.670000076293945,24.373903274536133,2033900
2011-01-11,25.68000030517578,25.84000015258789,25.399999618530273,25.450000762939453,24.165010452270508,1419800
2011-01-12,25.760000228881836,25.860000610351562,25.43000030517578,25.670000076293945,24.373903274536133,1821400
2011-01-13,25.729999542236328,25.940000534057617,25.6200008392334,25.899999618530273,24.592287063598633,1958700
2011-01-14,25.739999771118164,26.040000915527344,25.729999542236328,26.0,24.687244415283203,2335000
2011-01-18,25.729999542236328,26.1299991607666,25.65999984741211,25.860000610351562,24.55431365966797,2517300
2011-01-19,25.889999389648438,25.889999389648438,25.100000381469727,25.239999771118164,23.96561622619629,1297100
2011-01-20,25.079999923706055,25.09000015258789,24.709999084472656,24.739999771118164,23.490859985351562,2476300
2011-01-21,24.90999984741211,25.010000228881836,24.469999313354492,24.559999465942383,23.319948196411133,1626200
2011-01-24,24.549999237060547,24.969999313354492,24.25,24.940000534057617,23.68076515197754,1793500
2011-01-25,24.889999389648438,24.940000534057617,24.219999313354492,24.25,23.025602340698242,2497600
2011-01-26,24.329999923706055,24.329999923706055,23.920000076293945,23.920000076293945,22.712265014648438,3292400
2011-01-27,24.049999237060547,24.420000076293945,23.760000228881836,23.850000381469727,22.645797729492188,2299600
2011-01-28,23.860000610351562,24.0,22.989999771118164,23.459999084472656,22.275489807128906,3093500
2011-01-31,23.399999618530273,24.1299991607666,23.3700008392334,24.059999465942383,22.84519386291504,2310300
2011-02-01,23.989999771118164,24.56999969482422,23.989999771118164,24.510000228881836,23.272470474243164,1828100
2011-02-02,24.479999542236328,25.149999618530273,24.479999542236328,24.700000762939453,23.452878952026367,3080400
2011-02-03,24.549999237060547,24.760000228881836,24.399999618530273,24.450000762939453,23.215505599975586,924400
2011-02-04,24.579999923706055,24.600000381469727,24.34000015258789,24.510000228881836,23.272470474243164,1138900
2011-02-07,24.549999237060547,24.989999771118164,24.549999237060547,24.68000030517578,23.433889389038086,734000
2011-02-08,24.670000076293945,24.670000076293945,23.670000076293945,24.110000610351562,22.892667770385742,2746900
2011-02-09,24.040000915527344,24.459999084472656,23.65999984741211,23.81999969482422,22.6173095703125,2474200
2011-02-10,23.790000915527344,24.030000686645508,23.68000030517578,23.850000381469727,22.645797729492188,2189300
2011-02-11,23.81999969482422,24.3799991607666,23.75,24.34000015258789,23.111055374145508,1222700
2011-02-14,24.270000457763672,24.360000610351562,24.100000381469727,24.229999542236328,23.006608963012695,1269900
2011-02-15,24.200000762939453,24.450000762939453,24.020000457763672,24.110000610351562,22.892667770385742,1539000
2011-02-16,24.209999084472656,24.489999771118164,24.09000015258789,24.290000915527344,23.063583374023438,1373900
2011-02-17,24.260000228881836,24.350000381469727,24.0,24.200000762939453,22.97812271118164,2231100
2011-02-18,24.34000015258789,25.079999923706055,24.329999923706055,24.700000762939453,23.452878952026367,3465900
2011-02-22,24.450000762939453,24.600000381469727,23.940000534057617,23.989999771118164,22.778728485107422,2022700
2011-02-23,23.860000610351562,24.100000381469727,23.549999237060547,23.559999465942383,22.37043571472168,2384100
2011-02-24,23.5,23.84000015258789,23.459999084472656,23.489999771118164,22.303974151611328,2418500
2011-02-25,23.59000015258789,23.700000762939453,23.43000030517578,23.65999984741211,22.465389251708984,2896200
2011-02-28,23.899999618530273,23.899999618530273,23.469999313354492,23.6200008392334,22.427410125732422,2736400
2011-03-01,23.760000228881836,23.760000228881836,23.34000015258789,23.34000015258789,22.161548614501953,1843600
2011-03-02,23.299999237060547,23.43000030517578,23.139999389648438,23.360000610351562,22.180538177490234,2920200
2011-03-03,23.719999313354492,23.809999465942383,23.639999389648438,23.760000228881836,22.560344696044922,4610300
2011-03-04,23.75,23.81999969482422,23.209999084472656,23.690000534057617,22.49387550354004,2109400
2011-03-07,23.610000610351562,23.760000228881836,23.219999313354492,23.280000686645508,22.104576110839844,2284300
2011-03-08,23.25,23.540000915527344,23.200000762939453,23.43000030517578,22.247005462646484,2538900
2011-03-09,23.229999542236328,23.770000457763672,23.229999542236328,23.639999389648438,22.446399688720703,2847800
2011-03-10,22.65999984741211,23.549999237060547,22.65999984741211,23.520000457763672,22.33245849609375,4062100
2011-03-11,23.290000915527344,23.860000610351562,23.290000915527344,23.68000030517578,22.48438262939453,1873800
2011-03-14,23.520000457763672,23.6200008392334,23.190000534057617,23.510000228881836,22.32296371459961,1316700
2011-03-15,22.739999771118164,23.469999313354492,22.690000534057617,23.3799991607666,22.199527740478516,2249700
2011-03-16,23.309999465942383,23.31999969482422,22.579999923706055,22.780000686645508,21.629823684692383,4053900
2011-03-17,23.09000015258789,23.329999923706055,22.81999969482422,22.989999771118164,21.829219818115234,1546900
2011-03-18,23.299999237060547,23.309999465942383,22.780000686645508,22.8700008392334,21.71527862548828,1737700
2011-03-21,23.200000762939453,23.40999984741211,23.059999465942383,23.299999237060547,22.123567581176758,867200
2011-03-22,23.40999984741211,23.440000534057617,23.110000610351562,23.290000915527344,22.114070892333984,2102900
2011-03-23,23.329999923706055,23.709999084472656,23.229999542236328,23.65999984741211,22.465389251708984,2164700
2011-03-24,23.799999237060547,24.110000610351562,23.690000534057617,23.969999313354492,22.759737014770508,2326500
2011-03-25,23.989999771118164,24.079999923706055,23.799999237060547,23.889999389648438,22.683774948120117,1172000
2011-03-28,23.959999084472656,24.020000457763672,23.65999984741211,23.690000534057617,22.49387550354004,1341300
2011-03-29,23.600000381469727,24.110000610351562,23.579999923706055,24.110000610351562,22.892667770385742,2607700
2011-03-30,24.190000534057617,24.65999984741211,24.100000381469727,24.6200008392334,23.376916885375977,2305900
2011-03-31,24.489999771118164,24.700000762939453,24.309999465942383,24.530000686645508,23.29146385192871,1464300
2011-04-01,24.6200008392334,25.479999542236328,24.6200008392334,25.079999923706055,23.81369400024414,2649800
2011-04-04,25.190000534057617,25.399999618530273,25.09000015258789,25.309999465942383,24.032081604003906,1357300
2011-04-05,25.239999771118164,25.3799991607666,24.6200008392334,24.709999084472656,23.462377548217773,2262200
2011-04-06,24.940000534057617,24.959999084472656,23.65999984741211,24.059999465942383,22.84519386291504,4227600
2011-04-07,23.969999313354492,24.200000762939453,22.93000030517578,22.969999313354492,21.810232162475586,6934800
2011-04-08,22.84000015258789,23.09000015258789,22.6299991607666,23.040000915527344,21.87669563293457,5997200
2011-04-11,22.920000076293945,23.170000076293945,22.780000686645508,22.979999542236328,21.81972312927246,2861300
2011-04-12,22.719999313354492,23.0,22.719999313354492,22.860000610351562,21.705781936645508,1467200
2011-04-13,22.90999984741211,23.059999465942383,22.760000228881836,22.829999923706055,21.67729377746582,2040300
2011-04-14,22.799999237060547,22.8700008392334,22.65999984741211,22.729999542236328,21.582347869873047,1956600
2011-04-15,22.920000076293945,22.920000076293945,22.239999771118164,22.469999313354492,21.335474014282227,6075000
2011-04-18,22.149999618530273,22.469999313354492,22.110000610351562,22.399999618530273,21.269010543823242,3243400
2011-04-19,22.489999771118164,23.030000686645508,22.450000762939453,22.90999984741211,21.75325584411621,2700400
2011-04-20,23.25,23.469999313354492,22.93000030517578,23.1200008392334,21.952653884887695,2697200
2011-04-21,23.170000076293945,23.440000534057617,22.950000762939453,23.40999984741211,22.228012084960938,1813900
2011-04-25,23.440000534057617,23.510000228881836,23.229999542236328,23.420000076293945,22.23750877380371,1470600
2011-04-26,23.469999313354492,23.549999237060547,23.309999465942383,23.549999237060547,22.360942840576172,1400000
2011-04-27,23.520000457763672,23.790000915527344,23.31999969482422,23.760000228881836,22.560344696044922,2049600
2011-04-28,23.829999923706055,23.93000030517578,23.6200008392334,23.719999313354492,22.522361755371094,1989500
2011-04-29,23.670000076293945,23.829999923706055,23.440000534057617,23.719999313354492,22.522361755371094,1383300
2011-05-02,23.770000457763672,24.030000686645508,23.65999984741211,23.719999313354492,22.522361755371094,1271900
2011-05-03,23.510000228881836,23.850000381469727,23.270000457763672,23.59000015258789,22.39892578125,1517000
2011-05-04,23.520000457763672,23.670000076293945,23.239999771118164,23.639999389648438,22.446399688720703,2142200
2011-05-05,23.420000076293945,23.549999237060547,23.239999771118164,23.299999237060547,22.123567581176758,1914300
2011-05-06,23.610000610351562,23.68000030517578,22.940000534057617,23.010000228881836,21.848209381103516,2824500
2011-05-09,23.030000686645508,23.170000076293945,22.90999984741211,22.950000762939453,21.791234970092773,3263800
2011-05-10,22.969999313354492,23.690000534057617,22.969999313354492,23.6200008392334,22.427410125732422,1042100
2011-05-11,23.610000610351562,23.84000015258789,23.299999237060547,23.389999389648438,22.209026336669922,1292400
2011-05-12,23.3700008392334,23.3700008392334,23.010000228881836,23.09000015258789,21.924171447753906,1687800
2011-05-13,23.170000076293945,23.229999542236328,22.790000915527344,22.90999984741211,21.75325584411621,1933600
2011-05-16,22.889999389648438,23.34000015258789,22.850000381469727,23.170000076293945,22.000131607055664,1838100
2011-05-17,22.959999084472656,23.239999771118164,22.93000030517578,23.18000030517578,22.009624481201172,1806900
2011-05-18,22.979999542236328,23.510000228881836,22.950000762939453,23.469999313354492,22.284982681274414,1328900
2011-05-19,23.6299991607666,23.90999984741211,23.399999618530273,23.65999984741211,22.465389251708984,1558300
2011-05-20,23.639999389648438,23.84000015258789,23.469999313354492,23.559999465942383,22.37043571472168,1284800
2011-05-23,23.25,23.270000457763672,22.90999984741211,23.010000228881836,21.848209381103516,974800
2011-05-24,23.15999984741211,23.270000457763672,22.8700008392334,22.920000076293945,21.762752532958984,1159200
2011-05-25,22.84000015258789,23.030000686645508,22.75,22.969999313354492,21.810232162475586,1256000
2011-05-26,22.920000076293945,23.719999313354492,22.920000076293945,23.610000610351562,22.41791343688965,1253800
2011-05-27,23.6299991607666,23.799999237060547,23.479999542236328,23.6299991607666,22.43690299987793,744900
2011-05-31,23.860000610351562,23.899999618530273,23.3700008392334,23.530000686645508,22.341955184936523,1202100
2011-06-01,23.610000610351562,23.809999465942383,22.940000534057617,23.020000457763672,21.857702255249023,1503100
2011-06-02,22.959999084472656,23.190000534057617,22.709999084472656,22.959999084472656,21.80073356628418,2049600
2011-06-03,22.530000686645508,23.079999923706055,22.489999771118164,23.020000457763672,22.001440048217773,1495400
2011-06-06,22.860000610351562,22.950000762939453,22.450000762939453,22.540000915527344,21.542680740356445,1493300
2011-06-07,22.6299991607666,22.850000381469727,22.510000228881836,22.520000457763672,21.5235652923584,1217800
2011-06-08,22.469999313354492,22.6299991607666,22.309999465942383,22.5,21.50444984436035,923900
2011-06-09,22.5,22.790000915527344,22.459999084472656,22.75,21.74338722229004,1175900
2011-06-10,22.540000915527344,22.649999618530273,22.209999084472656,22.25,21.26551055908203,880500
2011-06-13,22.329999923706055,22.5,22.25,22.329999923706055,21.341968536376953,581600
2011-06-14,22.56999969482422,23.270000457763672,22.510000228881836,23.190000534057617,22.16391944885254,1464500
2011-06-15,22.90999984741211,23.1299991607666,22.68000030517578,22.90999984741211,21.89630699157715,1258600
2011-06-16,22.81999969482422,22.920000076293945,22.56999969482422,22.700000762939453,21.695600509643555,1039400
2011-06-17,22.93000030517578,23.030000686645508,22.75,22.8799991607666,21.867633819580078,1248600
2011-06-20,22.850000381469727,23.190000534057617,22.850000381469727,23.149999618530273,22.125688552856445,1202000
2011-06-21,23.270000457763672,23.780000686645508,23.09000015258789,23.729999542236328,22.680023193359375,1181000
2011-06-22,23.700000762939453,23.860000610351562,23.6200008392334,23.760000228881836,22.708702087402344,1370700
2011-06-23,23.450000762939453,24.18000030517578,23.299999237060547,24.170000076293945,23.100557327270508,1517100
2011-06-24,24.170000076293945,24.239999771118164,23.760000228881836,23.809999465942383,22.756484985351562,1490100
2011-06-27,23.770000457763672,24.079999923706055,23.670000076293945,23.979999542236328,22.918962478637695,898000
2011-06-28,24.149999618530273,24.709999084472656,24.1299991607666,24.670000076293945,23.578433990478516,1175600
2011-06-29,24.969999313354492,25.1299991607666,24.700000762939453,24.770000457763672,23.67401123046875,1539300
2011-06-30,25.010000228881836,25.010000228881836,24.43000030517578,24.600000381469727,23.51152992248535,1679400
2011-07-01,24.56999969482422,24.760000228881836,24.540000915527344,24.690000534057617,23.597549438476562,1603900
2011-07-05,24.700000762939453,24.75,24.170000076293945,24.290000915527344,23.21525001525879,2239200
2011-07-06,24.25,24.34000015258789,23.760000228881836,23.84000015258789,22.785160064697266,3223100
2011-07-07,24.100000381469727,24.1200008392334,23.950000762939453,24.010000228881836,22.9476375579834,2823200
2011-07-08,23.719999313354492,23.8700008392334,23.450000762939453,23.579999923706055,22.53666114807129,1872200
2011-07-11,23.290000915527344,23.40999984741211,22.6299991607666,22.860000610351562,21.848520278930664,2110700
2011-07-12,22.709999084472656,22.799999237060547,22.520000457763672,22.540000915527344,21.542680740356445,1594800
2011-07-13,22.1299991607666,22.450000762939453,22.100000381469727,22.399999618530273,21.408876419067383,2634500
2011-07-14,22.399999618530273,22.399999618530273,21.540000915527344,21.690000534057617,20.73029136657715,2399200
2011-07-15,21.81999969482422,22.0,21.43000030517578,21.670000076293945,20.7111759185791,2241000
2011-07-18,21.530000686645508,21.540000915527344,21.170000076293945,21.25,20.309757232666016,2007700
2011-07-19,21.479999542236328,22.110000610351562,21.399999618530273,22.059999465942383,21.08391571044922,3794200
2011-07-20,22.06999969482422,22.389999389648438,22.0,22.100000381469727,21.122148513793945,1976800
2011-07-21,22.209999084472656,22.469999313354492,22.170000076293945,22.3700008392334,21.380203247070312,1347000
2011-07-22,22.3700008392334,22.739999771118164,22.270000457763672,22.579999923706055,21.580909729003906,1147100
2011-07-25,22.270000457763672,22.469999313354492,22.229999542236328,22.280000686645508,21.294185638427734,1274500
2011-07-26,22.329999923706055,22.360000610351562,22.1200008392334,22.299999237060547,21.31330108642578,904100
2011-07-27,22.209999084472656,22.309999465942383,22.059999465942383,22.229999542236328,21.246395111083984,1825000
2011-07-28,22.200000762939453,22.850000381469727,22.190000534057617,22.43000030517578,21.437545776367188,1266200
2011-07-29,22.149999618530273,22.350000381469727,21.899999618530273,22.190000534057617,21.208168029785156,2105200
2011-08-01,22.5,22.510000228881836,21.989999771118164,22.200000762939453,21.21772575378418,3049800
2011-08-02,21.889999389648438,22.139999389648438,21.469999313354492,21.5,20.5487003326416,2133000
2011-08-03,21.510000228881836,21.559999465942383,21.149999618530273,21.280000686645508,20.338430404663086,2448500
2011-08-04,20.950000762939453,20.989999771118164,20.329999923706055,20.34000015258789,19.440021514892578,2563500
2011-08-05,20.670000076293945,20.799999237060547,20.0,20.59000015258789,19.678958892822266,2607600
2011-08-08,19.950000762939453,20.360000610351562,18.93000030517578,18.959999084472656,18.121084213256836,4325200
2011-08-09,19.139999389648438,19.959999084472656,18.690000534057617,19.90999984741211,19.029048919677734,3101500
2011-08-10,19.559999465942383,19.729999542236328,18.979999542236328,19.110000610351562,18.264446258544922,2105300
2011-08-11,19.270000457763672,20.420000076293945,19.139999389648438,20.229999542236328,19.334888458251953,2389200
2011-08-12,20.459999084472656,21.049999237060547,20.030000686645508,20.190000534057617,19.296659469604492,1684100
2011-08-15,20.40999984741211,20.559999465942383,20.1299991607666,20.40999984741211,19.506925582885742,1136400
2011-08-16,20.360000610351562,20.360000610351562,19.8799991607666,20.209999084472656,19.315771102905273,1311200
2011-08-17,20.3700008392334,20.5,19.739999771118164,20.100000381469727,19.210643768310547,1212200
2011-08-18,19.40999984741211,19.709999084472656,19.15999984741211,19.440000534057617,18.57984161376953,1540600
2011-08-19,19.190000534057617,19.950000762939453,19.15999984741211,19.530000686645508,18.665863037109375,1422600
2011-08-22,19.950000762939453,20.049999237060547,19.610000610351562,19.8700008392334,18.99081802368164,1568100
2011-08-23,19.920000076293945,20.639999389648438,19.8700008392334,20.600000381469727,19.688522338867188,1814600
2011-08-24,20.520000457763672,20.780000686645508,20.079999923706055,20.420000076293945,19.516481399536133,1945400
2011-08-25,20.520000457763672,20.56999969482422,20.079999923706055,20.190000534057617,19.296659469604492,1226900
2011-08-26,20.020000457763672,20.530000686645508,19.729999542236328,20.299999237060547,19.401790618896484,1692100
2011-08-29,20.6200008392334,21.270000457763672,20.610000610351562,21.25,20.309757232666016,1047100
2011-08-30,21.190000534057617,21.6200008392334,21.0,21.520000457763672,20.567811965942383,1224600
2011-08-31,21.760000228881836,22.100000381469727,21.68000030517578,22.040000915527344,21.064804077148438,2290900
2011-09-01,22.010000228881836,22.229999542236328,21.799999237060547,21.93000030517578,20.959667205810547,1718500
2011-09-02,21.43000030517578,21.540000915527344,20.610000610351562,20.780000686645508,19.860553741455078,1743900
2011-09-06,20.020000457763672,20.030000686645508,19.31999969482422,19.739999771118164,18.866567611694336,2703300
2011-09-07,20.040000915527344,20.350000381469727,19.93000030517578,20.25,19.35400390625,1050500
2011-09-08,20.030000686645508,20.270000457763672,19.610000610351562,19.6299991607666,18.761438369750977,1346700
2011-09-09,19.399999618530273,19.489999771118164,18.690000534057617,18.979999542236328,18.14019775390625,2001500
2011-09-12,18.559999465942383,18.989999771118164,18.3799991607666,18.8799991607666,18.044620513916016,1497000
2011-09-13,18.920000076293945,19.209999084472656,18.81999969482422,19.079999923706055,18.23577308654785,1110900
2011-09-14,19.219999313354492,19.440000534057617,18.809999465942383,19.200000762939453,18.3504638671875,963600
2011-09-15,19.459999084472656,19.959999084472656,19.389999389648438,19.760000228881836,18.88568878173828,1291000
2011-09-16,19.93000030517578,19.93000030517578,19.3799991607666,19.450000762939453,18.589401245117188,854000
2011-09-19,18.93000030517578,19.1299991607666,18.579999923706055,18.729999542236328,17.901260375976562,1893200
2011-09-20,18.8700008392334,19.110000610351562,18.6299991607666,18.6299991607666,17.80568504333496,1421100
2011-09-21,18.600000381469727,18.850000381469727,18.079999923706055,18.110000610351562,17.30869483947754,1411600
2011-09-22,17.440000534057617,17.799999237060547,17.030000686645508,17.700000762939453,16.916833877563477,2831100
2011-09-23,17.68000030517578,18.600000381469727,17.649999618530273,18.59000015258789,17.767452239990234,1836800
2011-09-26,18.75,18.760000228881836,18.110000610351562,18.709999084472656,17.88214683532715,2295100
2011-09-27,19.190000534057617,19.649999618530273,19.09000015258789,19.170000076293945,18.321792602539062,2131800
2011-09-28,19.170000076293945,19.270000457763672,18.540000915527344,18.600000381469727,17.777013778686523,1522600
2011-09-29,19.09000015258789,19.209999084472656,18.5,18.790000915527344,17.958608627319336,1924500
2011-09-30,18.40999984741211,18.59000015258789,18.0,18.389999389648438,17.576305389404297,2149500
2011-10-03,18.309999465942383,18.559999465942383,18.020000457763672,18.280000686645508,17.47117042541504,2429500
2011-10-04,18.040000915527344,19.510000228881836,18.0,19.450000762939453,18.589401245117188,3000000
2011-10-05,19.440000534057617,19.760000228881836,19.280000686645508,19.65999984741211,18.790111541748047,1704500
2011-10-06,19.610000610351562,20.15999984741211,19.34000015258789,20.1299991607666,19.23931121826172,1674200
2011-10-07,20.329999923706055,20.360000610351562,19.15999984741211,19.190000534057617,18.340906143188477,2126300
2011-10-10,19.59000015258789,19.81999969482422,19.489999771118164,19.809999465942383,18.9334716796875,1546200
2011-10-11,19.709999084472656,20.219999313354492,19.610000610351562,20.190000534057617,19.296659469604492,1795100
2011-10-12,20.350000381469727,20.5,20.229999542236328,20.290000915527344,19.39223289489746,1217000
2011-10-13,20.020000457763672,20.059999465942383,19.5,19.809999465942383,18.9334716796875,1989400
2011-10-14,20.1299991607666,20.260000228881836,20.0,20.190000534057617,19.296659469604492,1095900
2011-10-17,20.06999969482422,20.06999969482422,19.290000915527344,19.3700008392334,18.512939453125,1537000
2011-10-18,19.469999313354492,20.239999771118164,19.190000534057617,20.139999389648438,19.248868942260742,1481600
2011-10-19,20.1200008392334,20.329999923706055,19.459999084472656,19.639999389648438,18.770992279052734,1893800
2011-10-20,19.780000686645508,20.75,19.709999084472656,20.079999923706055,19.191526412963867,2817800
2011-10-21,20.3700008392334,20.510000228881836,20.049999237060547,20.510000228881836,19.602502822875977,1447600
2011-10-24,20.649999618530273,21.309999465942383,20.579999923706055,21.260000228881836,20.319316864013672,1709000
2011-10-25,21.079999923706055,21.1200008392334,20.709999084472656,20.760000228881836,19.84143829345703,990600
2011-10-26,21.059999465942383,21.43000030517578,20.690000534057617,21.34000015258789,20.395776748657227,1869200
2011-10-27,21.799999237060547,22.31999969482422,21.649999618530273,22.020000457763672,21.04568862915039,2607700
2011-10-28,21.799999237060547,22.43000030517578,21.780000686645508,22.329999923706055,21.341968536376953,1814000
2011-10-31,21.940000534057617,21.979999542236328,21.329999923706055,21.329999923706055,20.386220932006836,1724900
2011-11-01,20.549999237060547,21.09000015258789,20.399999618530273,20.850000381469727,19.92745590209961,2318900
2011-11-02,21.3799991607666,21.559999465942383,21.010000228881836,21.110000610351562,20.17595100402832,943000
2011-11-03,21.420000076293945,21.520000457763672,21.059999465942383,21.229999542236328,20.29064178466797,1627900
2011-11-04,21.1299991607666,21.149999618530273,20.799999237060547,21.09000015258789,20.156837463378906,994200
2011-11-07,21.020000457763672,21.59000015258789,20.989999771118164,21.559999465942383,20.606040954589844,1498700
2011-11-08,21.610000610351562,21.65999984741211,21.200000762939453,21.520000457763672,20.567811965942383,1539400
2011-11-09,20.899999618530273,21.010000228881836,20.399999618530273,20.579999923706055,19.669403076171875,1858900
2011-11-10,20.959999084472656,20.989999771118164,20.510000228881836,20.690000534057617,19.7745361328125,931900
2011-11-11,20.969999313354492,21.209999084472656,20.90999984741211,21.18000030517578,20.242856979370117,1685600
2011-11-14,21.09000015258789,21.34000015258789,20.93000030517578,21.049999237060547,20.118608474731445,923700
2011-11-15,20.920000076293945,21.270000457763672,20.8700008392334,21.110000610351562,20.17595100402832,787000
2011-11-16,20.84000015258789,21.010000228881836,20.479999542236328,20.540000915527344,19.63117027282715,1262100
2011-11-17,20.559999465942383,20.809999465942383,20.110000610351562,20.170000076293945,19.277544021606445,1670000
2011-11-18,20.34000015258789,20.450000762939453,20.040000915527344,20.209999084472656,19.315771102905273,1065000
2011-11-21,19.719999313354492,20.020000457763672,19.649999618530273,19.829999923706055,18.95258903503418,1681100
2011-11-22,19.8799991607666,19.8799991607666,19.459999084472656,19.559999465942383,18.694536209106445,1586000
2011-11-23,19.329999923706055,19.3700008392334,18.940000534057617,18.969999313354492,18.130638122558594,1387500
2011-11-25,18.850000381469727,19.200000762939453,18.600000381469727,18.700000762939453,17.872589111328125,1071100
2011-11-28,19.239999771118164,19.40999984741211,19.09000015258789,19.309999465942383,18.455598831176758,1659000
2011-11-29,19.280000686645508,19.709999084472656,18.989999771118164,19.0,18.15931510925293,2358300
2011-11-30,19.709999084472656,20.760000228881836,19.479999542236328,20.760000228881836,19.84143829345703,6085200
2011-12-01,20.709999084472656,20.829999923706055,20.329999923706055,20.420000076293945,19.516481399536133,2010800
2011-12-02,20.610000610351562,20.75,20.25,20.350000381469727,19.449583053588867,1458500
2011-12-05,20.780000686645508,21.010000228881836,20.540000915527344,20.700000762939453,19.784095764160156,1910000
2011-12-06,20.6299991607666,20.90999984741211,20.600000381469727,20.75,19.831878662109375,870800
2011-12-07,20.610000610351562,21.09000015258789,20.5,20.979999542236328,20.05170440673828,1772800
2011-12-08,20.760000228881836,20.829999923706055,20.559999465942383,20.59000015258789,19.678958892822266,1440700
2011-12-09,20.6200008392334,21.139999389648438,20.56999969482422,21.059999465942383,20.128164291381836,1268100
2011-12-12,20.600000381469727,21.209999084472656,20.600000381469727,21.1299991607666,20.195066452026367,1183400
2011-12-13,21.139999389648438,21.219999313354492,20.469999313354492,20.719999313354492,19.803211212158203,3486900
2011-12-14,20.559999465942383,20.729999542236328,20.18000030517578,20.299999237060547,19.401790618896484,2942900
2011-12-15,20.600000381469727,20.799999237060547,20.389999389648438,20.420000076293945,19.516481399536133,2272200
2011-12-16,20.450000762939453,20.549999237060547,19.989999771118164,20.06999969482422,19.18196678161621,2066800
2011-12-19,20.06999969482422,20.200000762939453,19.440000534057617,19.520000457763672,18.65630531311035,1843100
2011-12-20,20.0,20.209999084472656,19.8700008392334,20.139999389648438,19.248868942260742,2155600
2011-12-21,20.170000076293945,20.469999313354492,19.889999389648438,20.450000762939453,19.545156478881836,1647700
2011-12-22,20.479999542236328,20.780000686645508,20.440000534057617,20.6200008392334,19.70763397216797,1620800
2011-12-23,20.649999618530273,20.700000762939453,20.5,20.579999923706055,19.669403076171875,856800
2011-12-27,20.520000457763672,20.56999969482422,20.31999969482422,20.3700008392334,19.46869468688965,796400
2011-12-28,20.40999984741211,20.520000457763672,20.190000534057617,20.479999542236328,19.573829650878906,1983100
2011-12-29,20.610000610351562,21.010000228881836,20.530000686645508,20.969999313354492,20.04214859008789,1286700
2011-12-30,21.040000915527344,21.110000610351562,20.889999389648438,21.059999465942383,20.128164291381836,749700
2012-01-03,21.709999084472656,21.709999084472656,21.299999237060547,21.309999465942383,20.367103576660156,2217000
2012-01-04,21.229999542236328,21.520000457763672,21.229999542236328,21.43000030517578,20.481796264648438,828700
2012-01-05,21.260000228881836,21.440000534057617,21.1200008392334,21.350000381469727,20.40533447265625,994700
2012-01-06,21.110000610351562,21.299999237060547,21.030000686645508,21.270000457763672,20.328874588012695,2396300
2012-01-09,21.420000076293945,21.549999237060547,21.09000015258789,21.15999984741211,20.223737716674805,848300
2012-01-10,21.489999771118164,21.780000686645508,21.450000762939453,21.520000457763672,20.567811965942383,896200
2012-01-11,21.469999313354492,21.6200008392334,21.43000030517578,21.5,20.5487003326416,857700
2012-01-12,21.6299991607666,21.719999313354492,21.3700008392334,21.59000015258789,20.634716033935547,559600
2012-01-13,21.479999542236328,21.5,20.579999923706055,20.700000762939453,19.784095764160156,1610000
2012-01-17,21.079999923706055,21.360000610351562,20.68000030517578,20.780000686645508,19.860553741455078,2041000
2012-01-18,20.940000534057617,21.600000381469727,20.770000457763672,21.5,20.5487003326416,3125500
2012-01-19,21.540000915527344,21.649999618530273,21.389999389648438,21.5,20.5487003326416,2758400
2012-01-20,21.5,21.709999084472656,21.399999618530273,21.530000686645508,20.57736587524414,1332200
2012-01-23,21.5,21.68000030517578,21.270000457763672,21.309999465942383,20.367103576660156,3347900
2012-01-24,21.299999237060547,21.350000381469727,20.979999542236328,21.049999237060547,20.118608474731445,1634500
2012-01-25,20.780000686645508,21.09000015258789,20.719999313354492,20.75,19.831878662109375,2610700
2012-01-26,20.940000534057617,20.969999313354492,20.030000686645508,20.079999923706055,19.191526412963867,4020600
2012-01-27,20.1200008392334,20.15999984741211,19.829999923706055,19.940000534057617,19.057722091674805,3040300
2012-01-30,19.690000534057617,19.799999237060547,19.639999389648438,19.760000228881836,18.88568878173828,3222800
2012-01-31,19.639999389648438,20.25,19.579999923706055,19.719999313354492,18.847454071044922,2080000
2012-02-01,19.84000015258789,20.81999969482422,19.799999237060547,20.399999618530273,19.49736785888672,4644100
2012-02-02,20.389999389648438,20.440000534057617,19.59000015258789,19.809999465942383,18.9334716796875,4517100
2012-02-03,20.1299991607666,20.25,19.940000534057617,20.010000228881836,19.1246280670166,5384900
2012-02-06,19.899999618530273,20.309999465942383,19.84000015258789,19.8799991607666,19.00037384033203,1397700
2012-02-07,19.90999984741211,20.059999465942383,19.81999969482422,19.8799991607666,19.00037384033203,2822400
2012-02-08,19.950000762939453,20.219999313354492,19.790000915527344,20.09000015258789,19.201086044311523,3061500
2012-02-09,20.010000228881836,20.1200008392334,19.90999984741211,20.06999969482422,19.18196678161621,2381800
2012-02-10,19.780000686645508,19.850000381469727,19.59000015258789,19.790000915527344,18.914358139038086,2445800
2012-02-13,20.0,20.09000015258789,19.84000015258789,19.90999984741211,19.029048919677734,1475000
2012-02-14,19.829999923706055,20.239999771118164,19.81999969482422,20.219999313354492,19.325332641601562,2691300
2012-02-15,20.34000015258789,20.6200008392334,20.219999313354492,20.290000915527344,19.39223289489746,2534900
2012-02-16,20.219999313354492,20.780000686645508,20.219999313354492,20.760000228881836,19.84143829345703,2741700
2012-02-17,20.799999237060547,21.31999969482422,20.719999313354492,21.260000228881836,20.319316864013672,5798800
2012-02-21,21.270000457763672,21.329999923706055,20.780000686645508,20.81999969482422,19.898784637451172,2004200
2012-02-22,20.75,20.75,20.59000015258789,20.709999084472656,19.793649673461914,1543700
2012-02-23,20.700000762939453,20.770000457763672,20.469999313354492,20.6299991607666,19.717191696166992,1484800
2012-02-24,20.6299991607666,20.780000686645508,20.5,20.770000457763672,19.850996017456055,1385000
2012-02-27,20.360000610351562,20.90999984741211,20.360000610351562,20.790000915527344,19.8701114654541,1116500
2012-02-28,20.770000457763672,20.950000762939453,20.709999084472656,20.8799991607666,19.95612907409668,813900
2012-02-29,20.8799991607666,21.389999389648438,20.8799991607666,21.329999923706055,20.386220932006836,3369900
2012-03-01,21.31999969482422,21.3700008392334,21.030000686645508,21.270000457763672,20.328874588012695,1358700
2012-03-02,21.280000686645508,21.450000762939453,20.950000762939453,21.260000228881836,20.319316864013672,901700
2012-03-05,21.139999389648438,21.139999389648438,20.809999465942383,20.940000534057617,20.013471603393555,774600
2012-03-06,20.6299991607666,20.75,20.31999969482422,20.450000762939453,19.545156478881836,974700
2012-03-07,20.420000076293945,20.540000915527344,20.309999465942383,20.3700008392334,19.46869468688965,1311500
2012-03-08,20.59000015258789,20.729999542236328,20.540000915527344,20.690000534057617,19.7745361328125,1409000
2012-03-09,20.84000015258789,21.06999969482422,20.75,20.770000457763672,19.850996017456055,783000
2012-03-12,20.729999542236328,20.81999969482422,20.559999465942383,20.6299991607666,19.717191696166992,391800
2012-03-13,20.700000762939453,21.139999389648438,20.700000762939453,21.1299991607666,20.195066452026367,1020100
2012-03-14,21.139999389648438,21.18000030517578,20.81999969482422,20.899999618530273,19.975244522094727,1171200
2012-03-15,20.950000762939453,21.18000030517578,20.8700008392334,21.149999618530273,20.214181900024414,938000
2012-03-16,21.209999084472656,21.3799991607666,20.979999542236328,21.020000457763672,20.089935302734375,840100
2012-03-19,20.950000762939453,21.209999084472656,20.899999618530273,21.170000076293945,20.23329734802246,618100
2012-03-20,20.979999542236328,21.190000534057617,20.81999969482422,20.899999618530273,19.975244522094727,676100
2012-03-21,21.010000228881836,21.059999465942383,20.760000228881836,20.889999389648438,19.965688705444336,1281600
2012-03-22,20.670000076293945,20.959999084472656,20.65999984741211,20.940000534057617,20.013471603393555,1083300
2012-03-23,20.950000762939453,21.190000534057617,20.809999465942383,21.149999618530273,20.214181900024414,694100
2012-03-26,21.360000610351562,21.579999923706055,21.309999465942383,21.579999923706055,20.62515640258789,1140100
2012-03-27,21.6299991607666,21.690000534057617,21.299999237060547,21.3799991607666,20.434003829956055,837900
2012-03-28,21.290000915527344,21.329999923706055,20.809999465942383,21.299999237060547,20.357547760009766,1643400
2012-03-29,21.110000610351562,21.1200008392334,20.770000457763672,20.940000534057617,20.013471603393555,2400600
2012-03-30,21.059999465942383,21.170000076293945,20.8799991607666,21.079999923706055,20.147279739379883,1739000
2012-04-02,21.110000610351562,21.729999542236328,21.0,21.729999542236328,20.768518447875977,1681400
2012-04-03,21.639999389648438,21.639999389648438,21.190000534057617,21.34000015258789,20.395776748657227,1607700
2012-04-04,21.0,21.15999984741211,20.969999313354492,21.1299991607666,20.195066452026367,1158700
2012-04-05,21.06999969482422,21.3799991607666,21.0,21.200000762939453,20.26197052001953,783800
2012-04-09,20.860000610351562,21.149999618530273,20.670000076293945,20.989999771118164,20.061260223388672,1274700
2012-04-10,20.899999618530273,20.93000030517578,20.360000610351562,20.40999984741211,19.506925582885742,2138500
2012-04-11,20.6299991607666,20.700000762939453,20.299999237060547,20.3799991607666,19.47825050354004,860900
2012-04-12,20.399999618530273,20.700000762939453,20.389999389648438,20.670000076293945,19.75541877746582,512900
2012-04-13,20.530000686645508,20.559999465942383,20.010000228881836,20.079999923706055,19.191526412963867,934400
2012-04-16,20.219999313354492,20.459999084472656,20.09000015258789,20.360000610351562,19.459136962890625,1041600
2012-04-17,20.65999984741211,20.709999084472656,20.459999084472656,20.5,19.592941284179688,952500
2012-04-18,20.420000076293945,20.520000457763672,20.280000686645508,20.360000610351562,19.459136962890625,546200
2012-04-19,20.350000381469727,20.43000030517578,20.15999984741211,20.190000534057617,19.296659469604492,717800
2012-04-20,20.299999237060547,20.530000686645508,20.149999618530273,20.299999237060547,19.401790618896484,705700
2012-04-23,20.06999969482422,20.299999237060547,19.920000076293945,20.260000228881836,19.363561630249023,1128100
2012-04-24,20.25,20.469999313354492,20.190000534057617,20.260000228881836,19.363561630249023,1121800
2012-04-25,20.43000030517578,20.469999313354492,20.040000915527344,20.219999313354492,19.325332641601562,1217900
2012-04-26,20.200000762939453,20.510000228881836,20.040000915527344,20.459999084472656,19.55470848083496,1572600
2012-04-27,20.959999084472656,21.829999923706055,20.6299991607666,21.739999771118164,20.778078079223633,4065100
2012-04-30,21.729999542236328,22.049999237060547,21.65999984741211,21.969999313354492,20.997900009155273,3106200
2012-05-01,22.030000686645508,22.469999313354492,22.0,22.280000686645508,21.294185638427734,2379100
2012-05-02,22.030000686645508,22.239999771118164,21.979999542236328,22.149999618530273,21.169937133789062,3022000
2012-05-03,22.209999084472656,22.209999084472656,21.489999771118164,21.739999771118164,20.778078079223633,1905500
2012-05-04,21.610000610351562,21.670000076293945,21.360000610351562,21.3799991607666,20.434003829956055,1238500
2012-05-07,21.299999237060547,21.43000030517578,21.15999984741211,21.389999389648438,20.44356346130371,2691700
2012-05-08,21.190000534057617,21.459999084472656,21.06999969482422,21.40999984741211,20.46268081665039,1104300
2012-05-09,21.040000915527344,21.3799991607666,20.8700008392334,21.31999969482422,20.376657485961914,1251000
2012-05-10,21.559999465942383,21.6299991607666,21.020000457763672,21.06999969482422,20.13772201538086,1053800
2012-05-11,20.8700008392334,21.049999237060547,20.290000915527344,20.5,19.592941284179688,1689600
2012-05-14,20.209999084472656,20.59000015258789,20.209999084472656,20.34000015258789,19.440021514892578,1680700
2012-05-15,20.280000686645508,20.420000076293945,19.829999923706055,19.93000030517578,19.04816246032715,1804000
2012-05-16,20.079999923706055,20.209999084472656,19.670000076293945,19.770000457763672,18.89524269104004,1409400
2012-05-17,19.850000381469727,19.950000762939453,19.450000762939453,19.559999465942383,18.694536209106445,1453100
2012-05-18,19.549999237060547,19.8700008392334,19.510000228881836,19.649999618530273,18.780553817749023,1520100
2012-05-21,19.6299991607666,20.260000228881836,19.469999313354492,20.229999542236328,19.334888458251953,1949500
2012-05-22,20.6299991607666,20.6299991607666,19.899999618530273,20.030000686645508,19.143739700317383,2629000
2012-05-23,20.18000030517578,20.270000457763672,19.559999465942383,19.969999313354492,19.086393356323242,2568200
2012-05-24,20.06999969482422,20.739999771118164,19.780000686645508,19.920000076293945,19.038606643676758,1414600
2012-05-25,19.829999923706055,19.920000076293945,19.469999313354492,19.579999923706055,18.833723068237305,1764800
2012-05-29,19.850000381469727,20.030000686645508,19.65999984741211,19.8700008392334,19.1126708984375,2247000
2012-05-30,19.600000381469727,19.600000381469727,19.200000762939453,19.25,18.51630210876465,1280700
2012-05-31,19.270000457763672,19.280000686645508,18.860000610351562,18.989999771118164,18.26620864868164,1739200
2012-06-01,18.799999237060547,19.020000457763672,18.690000534057617,18.75,18.035356521606445,1805200
2012-06-04,18.84000015258789,19.100000381469727,18.780000686645508,18.979999542236328,18.256591796875,1607200
2012-06-05,18.940000534057617,19.110000610351562,18.790000915527344,19.030000686645508,18.3046875,2263900
2012-06-06,19.139999389648438,19.489999771118164,18.959999084472656,19.3700008392334,18.631725311279297,2709300
2012-06-07,19.5,19.950000762939453,19.280000686645508,19.350000381469727,18.612489700317383,1564600
2012-06-08,19.399999618530273,19.549999237060547,19.1299991607666,19.5,18.75677490234375,1677800
2012-06-11,19.6200008392334,19.75,18.84000015258789,18.8799991607666,18.160402297973633,1558100
2012-06-12,19.049999237060547,19.3799991607666,18.860000610351562,19.3799991607666,18.641345977783203,1455000
2012-06-13,19.219999313354492,19.729999542236328,19.209999084472656,19.6200008392334,18.87220001220703,1290300
2012-06-14,19.860000610351562,20.1200008392334,19.719999313354492,20.100000381469727,19.333908081054688,1999700
2012-06-15,20.09000015258789,20.389999389648438,19.950000762939453,20.209999084472656,19.43971061706543,2584000
2012-06-18,20.239999771118164,20.270000457763672,19.920000076293945,19.950000762939453,19.18962287902832,2752200
2012-06-19,19.979999542236328,20.100000381469727,19.81999969482422,19.959999084472656,19.199237823486328,4168400
2012-06-20,20.110000610351562,20.34000015258789,19.850000381469727,20.329999923706055,19.55513572692871,2119000
2012-06-21,20.43000030517578,20.43000030517578,20.020000457763672,20.049999237060547,19.285808563232422,1233500
2012-06-22,20.200000762939453,20.56999969482422,20.170000076293945,20.520000457763672,19.737897872924805,1354800
2012-06-25,20.1200008392334,20.360000610351562,19.969999313354492,20.030000686645508,19.266572952270508,923300
2012-06-26,20.170000076293945,20.540000915527344,20.0,20.479999542236328,19.69942283630371,1672700
2012-06-27,20.600000381469727,21.489999771118164,20.540000915527344,21.389999389648438,20.574739456176758,3395600
2012-06-28,21.059999465942383,21.270000457763672,20.969999313354492,21.1200008392334,20.315027236938477,3579600
2012-06-29,21.709999084472656,21.729999542236328,21.350000381469727,21.479999542236328,20.661306381225586,3090800
2012-07-02,21.549999237060547,21.600000381469727,21.280000686645508,21.530000686645508,20.709400177001953,1930600
2012-07-03,21.670000076293945,21.790000915527344,21.510000228881836,21.790000915527344,20.95949363708496,2096000
2012-07-05,21.56999969482422,21.799999237060547,21.559999465942383,21.579999923706055,20.757497787475586,1847100
2012-07-06,21.299999237060547,21.489999771118164,21.229999542236328,21.40999984741211,20.593976974487305,2409500
2012-07-09,21.459999084472656,21.5,20.940000534057617,21.079999923706055,20.27655029296875,1213800
2012-07-10,21.389999389648438,21.700000762939453,21.200000762939453,21.290000915527344,20.47854995727539,3408400
2012-07-11,21.3799991607666,21.65999984741211,21.3799991607666,21.6299991607666,20.80558967590332,6942500
2012-07-12,21.270000457763672,21.68000030517578,21.149999618530273,21.59000015258789,20.76711654663086,4110100
2012-07-13,21.469999313354492,21.93000030517578,21.440000534057617,21.889999389648438,21.055681228637695,2132400
2012-07-16,21.90999984741211,22.280000686645508,21.739999771118164,22.239999771118164,21.392337799072266,1679900
2012-07-17,22.229999542236328,22.739999771118164,22.170000076293945,22.709999084472656,21.844425201416016,1821700
2012-07-18,22.469999313354492,22.860000610351562,22.40999984741211,22.6299991607666,21.767475128173828,2627200
2012-07-19,22.760000228881836,22.81999969482422,21.989999771118164,22.68000030517578,21.81557273864746,1656800
2012-07-20,22.549999237060547,22.75,22.3700008392334,22.43000030517578,21.575098037719727,1017200
2012-07-23,22.030000686645508,22.229999542236328,21.860000610351562,22.200000762939453,21.353866577148438,1338400
2012-07-24,22.100000381469727,22.190000534057617,21.649999618530273,21.90999984741211,21.07491683959961,1242400
2012-07-25,22.06999969482422,22.149999618530273,21.920000076293945,22.010000228881836,21.171106338500977,1939100
2012-07-26,22.299999237060547,22.950000762939453,22.239999771118164,22.799999237060547,21.930994033813477,1959100
2012-07-27,22.940000534057617,23.280000686645508,22.690000534057617,23.239999771118164,22.354225158691406,1663500
2012-07-30,23.149999618530273,23.309999465942383,22.770000457763672,22.969999313354492,22.094520568847656,1286300
2012-07-31,23.700000762939453,23.700000762939453,22.670000076293945,22.790000915527344,21.921377182006836,2350100
2012-08-01,23.1200008392334,23.200000762939453,22.790000915527344,22.809999465942383,21.940616607666016,1838600
2012-08-02,22.75,22.850000381469727,22.43000030517578,22.75,21.88290023803711,2069500
2012-08-03,23.329999923706055,23.329999923706055,23.0,23.110000610351562,22.22917938232422,741200
2012-08-06,23.079999923706055,23.440000534057617,23.010000228881836,23.309999465942383,22.42155647277832,1033800
2012-08-07,23.299999237060547,23.5,23.149999618530273,23.399999618530273,22.508129119873047,1153700
2012-08-08,23.389999389648438,23.709999084472656,23.329999923706055,23.6200008392334,22.719741821289062,1390000
2012-08-09,23.6299991607666,23.799999237060547,23.479999542236328,23.549999237060547,22.65241050720215,1319600
2012-08-10,23.489999771118164,23.809999465942383,23.459999084472656,23.780000686645508,22.873645782470703,2553600
2012-08-13,23.649999618530273,23.950000762939453,23.579999923706055,23.639999389648438,22.73897933959961,1317400
2012-08-14,23.809999465942383,23.8799991607666,23.280000686645508,23.40999984741211,22.517744064331055,2401800
2012-08-15,23.489999771118164,23.56999969482422,23.270000457763672,23.440000534057617,22.546602249145508,1077000
2012-08-16,23.600000381469727,23.6200008392334,23.420000076293945,23.469999313354492,22.575458526611328,1056100
2012-08-17,23.459999084472656,23.59000015258789,23.450000762939453,23.5,22.60431480407715,933500
2012-08-20,23.360000610351562,23.530000686645508,23.280000686645508,23.34000015258789,22.450414657592773,744100
2012-08-21,23.399999618530273,23.68000030517578,23.040000915527344,23.209999084472656,22.325366973876953,977400
2012-08-22,23.200000762939453,23.31999969482422,22.969999313354492,23.309999465942383,22.42155647277832,1323300
2012-08-23,23.18000030517578,23.299999237060547,23.0,23.1200008392334,22.238798141479492,933300
2012-08-24,23.100000381469727,23.31999969482422,23.010000228881836,23.18000030517578,22.296512603759766,806200
2012-08-27,23.34000015258789,23.3799991607666,23.139999389648438,23.190000534057617,22.306133270263672,710000
2012-08-28,23.200000762939453,23.280000686645508,23.06999969482422,23.18000030517578,22.296512603759766,878300
2012-08-29,23.200000762939453,23.329999923706055,23.100000381469727,23.1299991607666,22.248422622680664,1079000
2012-08-30,23.059999465942383,23.100000381469727,22.889999389648438,23.079999923706055,22.2003231048584,1032400
2012-08-31,23.260000228881836,23.420000076293945,22.959999084472656,22.979999542236328,22.104135513305664,2232200
2012-09-04,23.06999969482422,23.3700008392334,22.979999542236328,23.1299991607666,22.248422622680664,1819300
2012-09-05,23.219999313354492,23.299999237060547,23.010000228881836,23.15999984741211,22.27727508544922,922300
2012-09-06,23.329999923706055,23.489999771118164,23.25,23.389999389648438,22.498510360717773,1363000
2012-09-07,23.5,23.719999313354492,23.260000228881836,23.34000015258789,22.450414657592773,1304700
2012-09-10,23.350000381469727,23.40999984741211,23.110000610351562,23.290000915527344,22.402320861816406,948400
2012-09-11,23.200000762939453,23.549999237060547,23.200000762939453,23.489999771118164,22.594697952270508,905000
2012-09-12,23.489999771118164,23.719999313354492,23.479999542236328,23.68000030517578,22.77745819091797,1302400
2012-09-13,23.670000076293945,24.709999084472656,23.670000076293945,24.690000534057617,23.748960494995117,1953900
2012-09-14,24.510000228881836,24.8799991607666,24.1200008392334,24.270000457763672,23.344968795776367,1734300
2012-09-17,24.139999389648438,24.469999313354492,23.950000762939453,24.100000381469727,23.181447982788086,1599300
2012-09-18,24.020000457763672,24.219999313354492,23.809999465942383,23.93000030517578,23.017927169799805,1506500
2012-09-19,23.8799991607666,24.610000610351562,23.56999969482422,24.540000915527344,23.60468101501465,1918300
2012-09-20,24.190000534057617,24.280000686645508,23.790000915527344,23.8799991607666,22.969833374023438,1133700
2012-09-21,24.040000915527344,24.15999984741211,23.030000686645508,23.1200008392334,22.238798141479492,1917000
2012-09-24,23.15999984741211,23.559999465942383,22.889999389648438,23.489999771118164,22.594697952270508,952100
2012-09-25,23.440000534057617,23.690000534057617,23.100000381469727,23.1200008392334,22.238798141479492,888600
2012-09-26,23.049999237060547,23.270000457763672,22.799999237060547,23.15999984741211,22.27727508544922,1267200
2012-09-27,23.309999465942383,23.459999084472656,23.049999237060547,23.309999465942383,22.42155647277832,1458500
2012-09-28,23.170000076293945,23.579999923706055,23.15999984741211,23.510000228881836,22.613937377929688,1283100
2012-10-01,23.530000686645508,23.950000762939453,23.530000686645508,23.780000686645508,22.873645782470703,961600
2012-10-02,23.81999969482422,24.09000015258789,23.479999542236328,23.540000915527344,22.642791748046875,1206500
2012-10-03,23.559999465942383,23.65999984741211,23.280000686645508,23.31999969482422,22.431177139282227,1344700
2012-10-04,23.56999969482422,23.6299991607666,23.229999542236328,23.56999969482422,22.671648025512695,2411100
2012-10-05,23.760000228881836,24.1299991607666,23.690000534057617,23.790000915527344,22.883262634277344,1167900
2012-10-08,23.719999313354492,24.329999923706055,23.6200008392334,24.239999771118164,23.316112518310547,1150200
2012-10-09,24.18000030517578,24.360000610351562,23.920000076293945,23.979999542236328,23.066020965576172,1999000
2012-10-10,23.850000381469727,23.950000762939453,23.40999984741211,23.440000534057617,22.546602249145508,679000
2012-10-11,23.540000915527344,23.8700008392334,23.260000228881836,23.75,22.844791412353516,982900
2012-10-12,23.790000915527344,23.979999542236328,23.579999923706055,23.8700008392334,22.960214614868164,1500700
2012-10-15,23.860000610351562,23.920000076293945,23.600000381469727,23.68000030517578,22.77745819091797,2208600
2012-10-16,23.6200008392334,23.729999542236328,23.469999313354492,23.540000915527344,22.642791748046875,1530400
2012-10-17,23.6200008392334,23.709999084472656,23.520000457763672,23.559999465942383,22.662029266357422,2024200
2012-10-18,23.8700008392334,23.8700008392334,23.40999984741211,23.600000381469727,22.70050621032715,946500
2012-10-19,23.829999923706055,23.829999923706055,23.420000076293945,23.530000686645508,22.6331729888916,1492800
2012-10-22,23.540000915527344,23.6299991607666,23.219999313354492,23.399999618530273,22.508129119873047,857200
2012-10-23,23.030000686645508,23.389999389648438,23.030000686645508,23.239999771118164,22.354225158691406,1237900
2012-10-24,23.56999969482422,23.579999923706055,23.170000076293945,23.280000686645508,22.392702102661133,851300
2012-10-25,23.610000610351562,23.610000610351562,22.5,22.700000762939453,21.834808349609375,2409400
2012-10-26,22.59000015258789,22.780000686645508,22.399999618530273,22.649999618530273,21.786712646484375,1106200
2012-10-31,22.920000076293945,22.920000076293945,22.420000076293945,22.600000381469727,21.738618850708008,1820200
2012-11-01,22.719999313354492,23.040000915527344,22.510000228881836,23.030000686645508,22.15222930908203,1156300
2012-11-02,23.1299991607666,23.260000228881836,22.8700008392334,22.950000762939453,22.07527732849121,1360300
2012-11-05,22.899999618530273,22.899999618530273,22.479999542236328,22.549999237060547,21.69052505493164,1114600
2012-11-06,22.530000686645508,23.399999618530273,22.510000228881836,23.229999542236328,22.344606399536133,1655500
2012-11-07,23.139999389648438,23.139999389648438,22.56999969482422,22.770000457763672,21.90213966369629,1754900
2012-11-08,22.780000686645508,22.860000610351562,22.469999313354492,22.579999923706055,21.71938133239746,1172800
2012-11-09,22.59000015258789,22.809999465942383,22.420000076293945,22.649999618530273,21.786712646484375,1253400
2012-11-12,22.790000915527344,22.860000610351562,22.360000610351562,22.510000228881836,21.652048110961914,513100
2012-11-13,22.309999465942383,22.690000534057617,22.110000610351562,22.489999771118164,21.632810592651367,1272400
2012-11-14,22.5,22.709999084472656,22.190000534057617,22.239999771118164,21.392337799072266,597900
2012-11-15,22.329999923706055,22.6200008392334,22.329999923706055,22.469999313354492,21.61357307434082,1377400
2012-11-16,22.440000534057617,22.670000076293945,22.280000686645508,22.649999618530273,21.786712646484375,797300
2012-11-19,22.889999389648438,23.110000610351562,22.770000457763672,22.969999313354492,22.094520568847656,937700
2012-11-20,22.959999084472656,23.1200008392334,22.690000534057617,22.969999313354492,22.094520568847656,818000
2012-11-21,23.100000381469727,23.200000762939453,22.760000228881836,23.079999923706055,22.2003231048584,418200
2012-11-23,23.190000534057617,23.440000534057617,23.100000381469727,23.3799991607666,22.4888916015625,191400
2012-11-26,23.1299991607666,23.43000030517578,23.1299991607666,23.3700008392334,22.479272842407227,507700
2012-11-27,23.280000686645508,23.65999984741211,23.1299991607666,23.209999084472656,22.325366973876953,1019500
2012-11-28,23.079999923706055,23.579999923706055,22.959999084472656,23.56999969482422,22.671648025512695,1352000
2012-11-29,23.729999542236328,23.979999542236328,23.510000228881836,23.920000076293945,23.008310317993164,960200
2012-11-30,23.780000686645508,23.850000381469727,23.56999969482422,23.670000076293945,22.767839431762695,1342900
2012-12-03,23.6299991607666,23.81999969482422,23.3700008392334,23.600000381469727,22.70050621032715,1359800
2012-12-04,23.610000610351562,23.700000762939453,23.219999313354492,23.280000686645508,22.392702102661133,1170500
2012-12-05,23.440000534057617,24.229999542236328,23.290000915527344,24.18000030517578,23.25840187072754,1729700
2012-12-06,24.200000762939453,24.969999313354492,23.959999084472656,24.790000915527344,23.845149993896484,2265300
2012-12-07,24.690000534057617,25.260000228881836,24.690000534057617,25.1200008392334,24.16257095336914,1626600
2012-12-10,24.920000076293945,25.290000915527344,24.8799991607666,25.020000457763672,24.066383361816406,862100
2012-12-11,25.190000534057617,25.389999389648438,25.020000457763672,25.360000610351562,24.39342498779297,1070200
2012-12-12,25.260000228881836,25.600000381469727,25.010000228881836,25.389999389648438,24.42228126525879,1371500
2012-12-13,25.25,25.530000686645508,25.149999618530273,25.459999084472656,24.489612579345703,1587700
2012-12-14,25.329999923706055,25.670000076293945,25.329999923706055,25.40999984741211,24.441516876220703,1417200
2012-12-17,25.40999984741211,25.770000457763672,25.290000915527344,25.579999923706055,24.605037689208984,1372600
2012-12-18,25.610000610351562,26.239999771118164,25.559999465942383,26.079999923706055,25.085983276367188,1565700
2012-12-19,26.219999313354492,26.56999969482422,26.1299991607666,26.520000457763672,25.50920867919922,2189900
2012-12-20,26.399999618530273,26.770000457763672,26.3799991607666,26.770000457763672,25.74968147277832,1853800
2012-12-21,26.450000762939453,26.829999923706055,26.299999237060547,26.5,25.489973068237305,1440300
2012-12-24,26.40999984741211,26.639999389648438,26.170000076293945,26.229999542236328,25.230262756347656,326500
2012-12-26,26.389999389648438,26.459999084472656,25.969999313354492,26.079999923706055,25.085983276367188,685100
2012-12-27,26.229999542236328,26.329999923706055,25.940000534057617,26.299999237060547,25.297595977783203,971200
2012-12-28,26.260000228881836,26.3799991607666,25.940000534057617,26.1200008392334,25.12445831298828,785200
2012-12-31,26.030000686645508,26.729999542236328,26.0,26.579999923706055,25.566925048828125,900300
2013-01-02,27.1200008392334,27.610000610351562,26.950000762939453,27.5,26.451862335205078,1319200
2013-01-03,27.479999542236328,28.09000015258789,27.469999313354492,27.6299991607666,26.576904296875,1970200
2013-01-04,28.0,28.0,27.34000015258789,27.690000534057617,26.634618759155273,1470800
2013-01-07,27.479999542236328,27.600000381469727,27.31999969482422,27.5,26.451862335205078,823300
2013-01-08,27.399999618530273,27.6299991607666,27.290000915527344,27.510000228881836,26.461477279663086,682800
2013-01-09,27.34000015258789,27.829999923706055,27.34000015258789,27.799999237060547,26.74042320251465,1244400
2013-01-10,27.950000762939453,28.079999923706055,27.6299991607666,27.739999771118164,26.682710647583008,1327700
2013-01-11,27.700000762939453,27.8799991607666,27.489999771118164,27.709999084472656,26.653854370117188,863000
2013-01-14,27.700000762939453,27.90999984741211,27.520000457763672,27.850000381469727,26.78852081298828,899200
2013-01-15,27.799999237060547,27.799999237060547,27.149999618530273,27.40999984741211,26.365291595458984,1129300
2013-01-16,27.40999984741211,27.450000762939453,27.260000228881836,27.40999984741211,26.365291595458984,1596500
2013-01-17,27.729999542236328,27.829999923706055,27.6299991607666,27.780000686645508,26.721187591552734,1762100
2013-01-18,27.729999542236328,27.979999542236328,27.6299991607666,27.950000762939453,26.884708404541016,983600
2013-01-22,27.729999542236328,28.309999465942383,27.459999084472656,28.299999237060547,27.22136688232422,1345300
2013-01-23,28.18000030517578,28.280000686645508,27.950000762939453,28.260000228881836,27.182891845703125,779400
2013-01-24,28.280000686645508,28.559999465942383,27.8700008392334,28.1299991607666,27.05784797668457,830000
2013-01-25,28.190000534057617,28.280000686645508,27.920000076293945,28.270000457763672,27.19251251220703,652900
2013-01-28,28.270000457763672,28.34000015258789,27.860000610351562,28.239999771118164,27.163652420043945,1429700
2013-01-29,28.1200008392334,28.729999542236328,27.899999618530273,28.399999618530273,27.317554473876953,1359300
2013-01-30,28.459999084472656,28.799999237060547,28.360000610351562,28.459999084472656,27.375268936157227,921400
2013-01-31,28.290000915527344,28.59000015258789,27.8799991607666,28.010000228881836,26.94242286682129,1297400
2013-02-01,28.280000686645508,29.18000030517578,28.229999542236328,29.18000030517578,28.067827224731445,2974000
2013-02-04,28.90999984741211,28.979999542236328,28.530000686645508,28.59000015258789,27.500314712524414,1674600
2013-02-05,28.799999237060547,28.969999313354492,28.6299991607666,28.799999237060547,27.702312469482422,1650800
2013-02-06,28.799999237060547,28.799999237060547,28.389999389648438,28.469999313354492,27.3848876953125,970500
2013-02-07,28.450000762939453,28.68000030517578,27.809999465942383,27.959999084472656,26.89432716369629,2119800
2013-02-08,28.079999923706055,28.260000228881836,27.65999984741211,27.889999389648438,26.826995849609375,3808200
2013-02-11,27.979999542236328,28.209999084472656,27.8799991607666,28.079999923706055,27.00975227355957,819900
2013-02-12,28.06999969482422,28.06999969482422,27.81999969482422,27.8799991607666,26.81737518310547,760600
2013-02-13,28.0,28.0,27.520000457763672,27.690000534057617,26.634618759155273,1235100
2013-02-14,27.649999618530273,27.729999542236328,27.149999618530273,27.6299991607666,26.576904296875,2834400
2013-02-15,27.68000030517578,28.0,27.6200008392334,27.780000686645508,26.721187591552734,1116400
2013-02-19,27.81999969482422,28.290000915527344,27.670000076293945,28.1299991607666,27.05784797668457,1599600
2013-02-20,28.110000610351562,28.56999969482422,28.06999969482422,28.290000915527344,27.21175193786621,1790500
2013-02-21,28.0,28.239999771118164,27.979999542236328,28.09000015258789,27.019376754760742,2153600
2013-02-22,28.139999389648438,28.139999389648438,27.3700008392334,27.5,26.451862335205078,1729300
2013-02-25,27.670000076293945,27.68000030517578,26.420000076293945,26.510000228881836,25.49959373474121,2982200
2013-02-26,26.5,26.920000076293945,25.90999984741211,26.229999542236328,25.230262756347656,3752200
2013-02-27,26.25,26.520000457763672,26.049999237060547,26.450000762939453,25.44188117980957,2654100
2013-02-28,26.670000076293945,26.940000534057617,26.530000686645508,26.829999923706055,25.807397842407227,2725500
2013-03-01,26.729999542236328,27.510000228881836,26.56999969482422,27.479999542236328,26.4326229095459,1666500
2013-03-04,27.399999618530273,27.670000076293945,27.170000076293945,27.530000686645508,26.480716705322266,1352700
2013-03-05,27.719999313354492,27.799999237060547,27.479999542236328,27.6299991607666,26.576904296875,861400
2013-03-06,27.329999923706055,27.549999237060547,26.420000076293945,26.420000076293945,25.413022994995117,2337200
2013-03-07,26.5,26.729999542236328,26.450000762939453,26.649999618530273,25.63425636291504,1167300
2013-03-08,26.770000457763672,27.010000228881836,26.530000686645508,26.959999084472656,25.93243980407715,1262800
2013-03-11,26.850000381469727,27.149999618530273,26.469999313354492,26.979999542236328,25.951675415039062,2449400
2013-03-12,26.989999771118164,27.170000076293945,26.75,27.1299991607666,26.09596061706543,1619800
2013-03-13,27.139999389648438,27.239999771118164,26.459999084472656,26.530000686645508,25.518829345703125,2318900
2013-03-14,26.579999923706055,26.790000915527344,26.200000762939453,26.450000762939453,25.44188117980957,1473900
2013-03-15,26.530000686645508,26.600000381469727,26.040000915527344,26.09000015258789,25.095603942871094,1243800
2013-03-18,25.889999389648438,26.309999465942383,25.719999313354492,26.190000534057617,25.191791534423828,834900
2013-03-19,26.270000457763672,26.479999542236328,25.56999969482422,25.780000686645508,24.797414779663086,1392400
2013-03-20,26.270000457763672,26.270000457763672,25.639999389648438,26.18000030517578,25.182170867919922,1679800
2013-03-21,25.850000381469727,25.989999771118164,25.610000610351562,25.700000762939453,24.720462799072266,1355500
2013-03-22,25.729999542236328,26.31999969482422,25.639999389648438,25.989999771118164,24.999408721923828,1173700
2013-03-25,26.149999618530273,26.170000076293945,25.860000610351562,26.06999969482422,25.07636070251465,943500
2013-03-26,26.100000381469727,26.290000915527344,26.0,26.270000457763672,25.268739700317383,1815800
2013-03-27,26.18000030517578,26.579999923706055,25.899999618530273,26.530000686645508,25.518829345703125,1129000
2013-03-28,26.510000228881836,26.649999618530273,26.170000076293945,26.610000610351562,25.595781326293945,779200
2013-04-01,26.780000686645508,27.389999389648438,26.360000610351562,26.489999771118164,25.48035430908203,680100
2013-04-02,26.510000228881836,27.579999923706055,26.489999771118164,27.360000610351562,26.31719398498535,1861300
2013-04-03,27.229999542236328,27.729999542236328,26.700000762939453,26.81999969482422,25.79777717590332,2196700
2013-04-04,26.729999542236328,27.079999923706055,26.700000762939453,26.90999984741211,25.884349822998047,1528500
2013-04-05,26.59000015258789,27.1200008392334,26.360000610351562,27.100000381469727,26.067106246948242,1325800
2013-04-08,27.06999969482422,27.18000030517578,26.68000030517578,27.010000228881836,25.98053741455078,1311200
2013-04-09,27.170000076293945,27.3700008392334,26.84000015258789,27.190000534057617,26.153675079345703,1612300
2013-04-10,27.40999984741211,27.889999389648438,27.399999618530273,27.889999389648438,26.826995849609375,2135900
2013-04-11,27.93000030517578,28.18000030517578,27.739999771118164,28.030000686645508,26.961660385131836,2011600
2013-04-12,27.959999084472656,27.959999084472656,27.350000381469727,27.450000762939453,26.403766632080078,1344800
2013-04-15,26.959999084472656,27.260000228881836,26.329999923706055,26.350000381469727,25.345693588256836,2140500
2013-04-16,26.68000030517578,26.75,26.209999084472656,26.229999542236328,25.230262756347656,1683300
2013-04-17,26.079999923706055,26.09000015258789,25.09000015258789,25.299999237060547,24.335708618164062,4342500
2013-04-18,25.520000457763672,25.530000686645508,25.079999923706055,25.260000228881836,24.297237396240234,2315700
2013-04-19,25.399999618530273,25.40999984741211,25.0,25.329999923706055,24.36457061767578,2038700
2013-04-22,25.43000030517578,25.809999465942383,25.389999389648438,25.729999542236328,24.74932289123535,2009400
2013-04-23,25.899999618530273,26.110000610351562,25.709999084472656,25.959999084472656,24.970558166503906,1069600
2013-04-24,26.059999465942383,26.09000015258789,25.440000534057617,25.739999771118164,24.758939743041992,889200
2013-04-25,25.920000076293945,26.290000915527344,25.649999618530273,26.18000030517578,25.182170867919922,1805400
2013-04-26,25.979999542236328,25.979999542236328,25.3799991607666,25.399999618530273,24.431900024414062,1677600
2013-04-29,25.3799991607666,25.489999771118164,25.15999984741211,25.280000686645508,24.316471099853516,1016100
2013-04-30,25.25,25.40999984741211,25.25,25.31999969482422,24.354948043823242,1670900
2013-05-01,25.280000686645508,25.360000610351562,25.200000762939453,25.239999771118164,24.277997970581055,912200
2013-05-02,25.15999984741211,25.600000381469727,24.969999313354492,25.1200008392334,24.16257095336914,1712300
2013-05-03,25.360000610351562,25.639999389648438,25.360000610351562,25.399999618530273,24.431900024414062,1155600
2013-05-06,25.40999984741211,25.600000381469727,25.239999771118164,25.3700008392334,24.403039932250977,736400
2013-05-07,25.40999984741211,25.90999984741211,25.40999984741211,25.809999465942383,24.826271057128906,1285100
2013-05-08,26.030000686645508,26.770000457763672,26.030000686645508,26.56999969482422,25.55730438232422,2653700
2013-05-09,26.719999313354492,26.799999237060547,26.3700008392334,26.510000228881836,25.49959373474121,1617800
2013-05-10,26.5,26.809999465942383,26.479999542236328,26.600000381469727,25.58616065979004,1253800
2013-05-13,26.59000015258789,26.65999984741211,26.40999984741211,26.5,25.489973068237305,1035300
2013-05-14,26.360000610351562,26.68000030517578,26.360000610351562,26.610000610351562,25.595781326293945,1261300
2013-05-15,26.520000457763672,26.959999084472656,26.40999984741211,26.829999923706055,25.807397842407227,1967200
2013-05-16,26.649999618530273,26.940000534057617,26.389999389648438,26.65999984741211,25.643875122070312,1834900
2013-05-17,26.709999084472656,26.940000534057617,26.520000457763672,26.889999389648438,25.865108489990234,1045300
2013-05-20,26.84000015258789,27.09000015258789,26.739999771118164,27.0,25.970916748046875,1536400
2013-05-21,26.920000076293945,26.959999084472656,26.209999084472656,26.239999771118164,25.239883422851562,1761300
2013-05-22,26.280000686645508,26.670000076293945,24.950000762939453,25.760000228881836,24.778182983398438,1425400
2013-05-23,25.399999618530273,26.309999465942383,25.350000381469727,26.299999237060547,25.297595977783203,1202200
2013-05-24,26.110000610351562,26.170000076293945,25.5,25.889999389648438,24.903221130371094,1098500
2013-05-28,26.010000228881836,26.030000686645508,25.489999771118164,25.75,24.90515899658203,1112800
2013-05-29,25.540000915527344,26.170000076293945,25.520000457763672,26.040000915527344,25.18564224243164,1092900
2013-05-30,26.079999923706055,26.200000762939453,25.889999389648438,25.989999771118164,25.13728141784668,1118200
2013-05-31,25.90999984741211,26.209999084472656,25.59000015258789,26.079999923706055,25.224332809448242,2966200
2013-06-03,26.1200008392334,26.1200008392334,25.6200008392334,25.989999771118164,25.13728141784668,1090700
2013-06-04,26.06999969482422,26.25,25.510000228881836,25.56999969482422,24.731061935424805,804200
2013-06-05,25.3799991607666,25.5,24.18000030517578,24.200000762939453,23.4060115814209,1639000
2013-06-06,24.1200008392334,24.190000534057617,23.770000457763672,24.1299991607666,23.33831024169922,2366200
2013-06-07,24.280000686645508,24.549999237060547,23.940000534057617,24.059999465942383,23.270606994628906,1968900
2013-06-10,24.1200008392334,24.209999084472656,23.649999618530273,23.670000076293945,22.893400192260742,2974200
2013-06-11,23.40999984741211,23.979999542236328,23.149999618530273,23.850000381469727,23.0674991607666,4581400
2013-06-12,23.940000534057617,23.989999771118164,23.010000228881836,23.299999237060547,22.535539627075195,2611400
2013-06-13,23.420000076293945,23.729999542236328,23.0,23.709999084472656,22.932086944580078,2841400
2013-06-14,23.700000762939453,23.8700008392334,23.6299991607666,23.68000030517578,22.903072357177734,2558300
2013-06-17,23.790000915527344,23.989999771118164,23.6200008392334,23.81999969482422,23.038482666015625,1416300
2013-06-18,23.59000015258789,24.079999923706055,23.59000015258789,23.709999084472656,22.932086944580078,878200
2013-06-19,23.719999313354492,23.979999542236328,23.399999618530273,23.469999313354492,22.699960708618164,1808800
2013-06-20,23.149999618530273,23.229999542236328,22.43000030517578,22.610000610351562,21.868181228637695,5139500
2013-06-21,22.709999084472656,22.850000381469727,22.280000686645508,22.489999771118164,21.752119064331055,2864100
2013-06-24,22.280000686645508,22.40999984741211,21.860000610351562,22.309999465942383,21.578022003173828,1623600
2013-06-25,22.600000381469727,22.739999771118164,22.299999237060547,22.649999618530273,21.90686798095703,1412600
2013-06-26,22.850000381469727,23.889999389648438,22.850000381469727,23.799999237060547,23.019136428833008,2058800
2013-06-27,24.020000457763672,24.739999771118164,23.940000534057617,24.209999084472656,23.41568374633789,1958000
2013-06-28,23.940000534057617,25.06999969482422,23.920000076293945,24.84000015258789,24.02501678466797,2544400
2013-07-01,24.889999389648438,25.079999923706055,24.440000534057617,24.68000030517578,23.870262145996094,1378100
2013-07-02,22.479999542236328,24.829999923706055,22.479999542236328,24.389999389648438,23.58977699279785,1062500
2013-07-03,24.200000762939453,24.450000762939453,24.059999465942383,24.059999465942383,23.270606994628906,1265800
2013-07-05,24.469999313354492,24.559999465942383,24.030000686645508,24.479999542236328,23.67682647705078,1047600
2013-07-08,24.6200008392334,24.719999313354492,23.959999084472656,23.979999542236328,23.19322967529297,1364000
2013-07-09,24.81999969482422,25.559999465942383,24.6200008392334,25.530000686645508,24.69237518310547,2750500
2013-07-10,25.3700008392334,25.6200008392334,24.579999923706055,24.6299991607666,23.8219051361084,1645700
2013-07-11,25.229999542236328,25.479999542236328,24.90999984741211,25.3799991607666,24.54729652404785,1150400
2013-07-12,25.40999984741211,25.469999313354492,24.950000762939453,25.399999618530273,24.566640853881836,989700
2013-07-15,25.299999237060547,25.639999389648438,25.100000381469727,25.450000762939453,24.615001678466797,1019600
2013-07-16,25.43000030517578,25.510000228881836,24.81999969482422,25.139999389648438,24.31517219543457,1107300
2013-07-17,25.209999084472656,25.770000457763672,24.8700008392334,25.75,24.90515899658203,2013200
2013-07-18,25.709999084472656,25.899999618530273,25.709999084472656,25.799999237060547,24.953516006469727,1816000
2013-07-19,25.530000686645508,26.06999969482422,25.280000686645508,25.559999465942383,24.721391677856445,1327700
2013-07-22,25.530000686645508,25.739999771118164,25.479999542236328,25.65999984741211,24.818113327026367,1614300
2013-07-23,25.719999313354492,26.0,25.579999923706055,25.979999542236328,25.12761116027832,1027100
2013-07-24,25.709999084472656,26.239999771118164,25.709999084472656,26.100000381469727,25.243675231933594,1810500
2013-07-25,26.09000015258789,26.520000457763672,26.030000686645508,26.40999984741211,25.543506622314453,1416600
2013-07-26,26.219999313354492,26.389999389648438,26.100000381469727,26.34000015258789,25.475801467895508,830800
2013-07-29,26.309999465942383,26.40999984741211,26.18000030517578,26.270000457763672,25.408096313476562,1353900
2013-07-30,26.25,26.5,26.229999542236328,26.459999084472656,25.59186553955078,2035300
2013-07-31,26.280000686645508,27.360000610351562,26.06999969482422,27.100000381469727,26.210866928100586,3523600
2013-08-01,27.329999923706055,28.149999618530273,27.06999969482422,27.110000610351562,26.220537185668945,3099100
2013-08-02,27.0,27.860000610351562,26.829999923706055,27.829999923706055,26.916912078857422,1655800
2013-08-05,27.860000610351562,27.860000610351562,27.280000686645508,27.450000762939453,26.54938316345215,1399500
2013-08-06,27.34000015258789,27.770000457763672,27.139999389648438,27.6200008392334,26.713804244995117,1270400
2013-08-07,27.6299991607666,27.65999984741211,27.299999237060547,27.510000228881836,26.60741424560547,1009100
2013-08-08,27.399999618530273,28.040000915527344,27.399999618530273,27.989999771118164,27.071664810180664,1262800
2013-08-09,27.829999923706055,28.950000762939453,27.760000228881836,28.809999465942383,27.864763259887695,3184800
2013-08-12,28.799999237060547,28.950000762939453,28.600000381469727,28.709999084472656,27.768041610717773,2044800
2013-08-13,28.459999084472656,28.899999618530273,28.059999465942383,28.139999389648438,27.216745376586914,1837300
2013-08-14,28.079999923706055,28.329999923706055,27.81999969482422,27.850000381469727,26.936260223388672,1550300
2013-08-15,27.530000686645508,27.65999984741211,27.190000534057617,27.459999084472656,26.559053421020508,1085500
2013-08-16,27.459999084472656,27.68000030517578,27.309999465942383,27.489999771118164,26.58806800842285,991400
2013-08-19,27.40999984741211,27.770000457763672,26.969999313354492,26.989999771118164,26.104475021362305,1039800
2013-08-20,27.030000686645508,27.649999618530273,26.93000030517578,27.559999465942383,26.65577507019043,4021100
2013-08-21,27.510000228881836,27.600000381469727,26.6299991607666,26.850000381469727,25.96906852722168,1416500
2013-08-22,26.950000762939453,27.200000762939453,26.440000534057617,26.700000762939453,25.823989868164062,1817400
2013-08-23,26.729999542236328,26.889999389648438,26.43000030517578,26.860000610351562,25.978740692138672,2326900
2013-08-26,26.93000030517578,27.049999237060547,26.690000534057617,26.93000030517578,26.04644203186035,3671700
2013-08-27,26.670000076293945,26.670000076293945,25.6299991607666,25.790000915527344,24.943849563598633,1528600
2013-08-28,25.860000610351562,25.90999984741211,25.3700008392334,25.399999618530273,24.566640853881836,1260100
2013-08-29,25.420000076293945,25.969999313354492,25.309999465942383,25.75,24.90515899658203,2740700
2013-08-30,25.920000076293945,26.09000015258789,25.059999465942383,25.149999618530273,24.324846267700195,2506600
2013-09-03,25.56999969482422,25.700000762939453,25.139999389648438,25.40999984741211,24.576311111450195,1527900
2013-09-04,25.450000762939453,25.889999389648438,25.260000228881836,25.549999237060547,24.711719512939453,1125900
2013-09-05,25.56999969482422,25.959999084472656,25.479999542236328,25.719999313354492,24.876144409179688,1561800
2013-09-06,26.049999237060547,27.299999237060547,25.760000228881836,27.110000610351562,26.220537185668945,2433000
2013-09-09,27.219999313354492,27.690000534057617,27.15999984741211,27.540000915527344,26.636428833007812,2094600
2013-09-10,27.450000762939453,27.829999923706055,27.209999084472656,27.729999542236328,26.82019805908203,1518200
2013-09-11,27.729999542236328,28.100000381469727,27.489999771118164,27.780000686645508,26.868555068969727,1136300
2013-09-12,27.829999923706055,27.829999923706055,27.040000915527344,27.149999618530273,26.259225845336914,889300
2013-09-13,27.399999618530273,27.860000610351562,27.3799991607666,27.799999237060547,26.887897491455078,1281900
2013-09-16,28.440000534057617,28.450000762939453,28.079999923706055,28.170000076293945,27.245759963989258,1013200
2013-09-17,28.06999969482422,28.420000076293945,28.020000457763672,28.40999984741211,27.47788429260254,1469100
2013-09-18,28.229999542236328,29.510000228881836,28.1200008392334,29.15999984741211,28.203275680541992,2314100
2013-09-19,29.200000762939453,29.260000228881836,28.700000762939453,28.790000915527344,27.845420837402344,3426500
2013-09-20,28.770000457763672,30.309999465942383,28.639999389648438,28.670000076293945,27.729354858398438,3853200
2013-09-23,28.18000030517578,28.809999465942383,28.030000686645508,28.770000457763672,27.82607650756836,1434100
2013-09-24,28.780000686645508,28.790000915527344,28.200000762939453,28.270000457763672,27.342479705810547,1403000
2013-09-25,28.190000534057617,28.420000076293945,27.959999084472656,28.299999237060547,27.37149429321289,900900
2013-09-26,28.299999237060547,28.399999618530273,27.979999542236328,28.100000381469727,27.178056716918945,1297400
2013-09-27,27.989999771118164,28.15999984741211,27.84000015258789,27.979999542236328,27.06199073791504,732400
2013-09-30,27.790000915527344,28.209999084472656,27.790000915527344,27.950000762939453,27.032978057861328,1290100
2013-10-01,27.93000030517578,28.610000610351562,27.84000015258789,28.489999771118164,27.555259704589844,1212900
2013-10-02,28.200000762939453,28.59000015258789,28.079999923706055,28.549999237060547,27.613292694091797,1306400
2013-10-03,28.520000457763672,28.850000381469727,27.979999542236328,28.049999237060547,27.129697799682617,554100
2013-10-04,28.09000015258789,28.670000076293945,28.030000686645508,28.479999542236328,27.545589447021484,728100
2013-10-07,28.170000076293945,28.34000015258789,28.0,28.09000015258789,27.168384552001953,861800
2013-10-08,28.059999465942383,28.229999542236328,27.6200008392334,27.709999084472656,26.800851821899414,1024300
2013-10-09,27.780000686645508,27.809999465942383,27.360000610351562,27.389999389648438,26.491352081298828,1428700
2013-10-10,27.739999771118164,28.219999313354492,27.709999084472656,27.959999084472656,27.042648315429688,1531500
2013-10-11,27.959999084472656,29.75,27.959999084472656,29.700000762939453,28.72556495666504,3502200
2013-10-14,29.68000030517578,29.969999313354492,29.270000457763672,29.459999084472656,28.49343490600586,1779700
2013-10-15,29.399999618530273,29.59000015258789,28.809999465942383,29.100000381469727,28.145246505737305,1076300
2013-10-16,29.290000915527344,29.360000610351562,28.93000030517578,28.950000762939453,28.000165939331055,1141400
2013-10-17,29.040000915527344,29.540000915527344,28.8799991607666,29.5,28.53212547302246,863600
2013-10-18,29.489999771118164,30.229999542236328,29.479999542236328,30.170000076293945,29.18014144897461,2051900
2013-10-21,30.049999237060547,30.270000457763672,29.860000610351562,30.06999969482422,29.08342170715332,2777700
2013-10-22,30.100000381469727,30.8700008392334,30.06999969482422,30.530000686645508,29.528329849243164,1490700
2013-10-23,30.229999542236328,30.43000030517578,30.040000915527344,30.170000076293945,29.18014144897461,1296300
2013-10-24,30.149999618530273,30.520000457763672,29.969999313354492,30.489999771118164,29.489643096923828,1762200
2013-10-25,30.40999984741211,30.81999969482422,30.18000030517578,30.239999771118164,29.247844696044922,2121000
2013-10-28,30.270000457763672,30.329999923706055,29.639999389648438,30.270000457763672,29.276859283447266,1472100
2013-10-29,30.309999465942383,30.649999618530273,30.06999969482422,30.510000228881836,29.50898551940918,1511500
2013-10-30,30.56999969482422,30.739999771118164,30.450000762939453,30.6299991607666,29.625049591064453,2481000
2013-10-31,30.600000381469727,30.920000076293945,30.270000457763672,30.440000534057617,29.441286087036133,3273900
2013-11-01,30.389999389648438,30.6200008392334,30.3799991607666,30.530000686645508,29.528329849243164,895200
2013-11-04,30.549999237060547,31.020000457763672,30.540000915527344,30.68000030517578,29.67340850830078,1164400
2013-11-05,30.469999313354492,30.520000457763672,29.979999542236328,30.270000457763672,29.276859283447266,2836800
2013-11-06,30.489999771118164,30.559999465942383,29.75,29.81999969482422,28.84162139892578,1243800
2013-11-07,30.0,30.280000686645508,29.389999389648438,29.540000915527344,28.570812225341797,1147400
2013-11-08,29.5,29.5,28.540000915527344,28.790000915527344,27.845420837402344,2266400
2013-11-11,28.639999389648438,29.56999969482422,28.56999969482422,29.459999084472656,28.49343490600586,1685900
2013-11-12,29.329999923706055,29.709999084472656,28.90999984741211,29.299999237060547,28.33868408203125,1667300
2013-11-13,29.040000915527344,29.530000686645508,28.770000457763672,29.40999984741211,28.445077896118164,1545500
2013-11-14,29.40999984741211,29.709999084472656,29.1299991607666,29.600000381469727,28.628843307495117,1104700
2013-11-15,29.739999771118164,30.299999237060547,29.65999984741211,30.170000076293945,29.18014144897461,1579900
2013-11-18,30.3799991607666,30.389999389648438,29.75,29.860000610351562,28.880311965942383,798300
2013-11-19,30.010000228881836,30.010000228881836,29.1200008392334,29.479999542236328,28.512779235839844,1363700
2013-11-20,29.450000762939453,29.790000915527344,28.969999313354492,29.1200008392334,28.16459083557129,1847900
2013-11-21,29.110000610351562,29.579999923706055,29.06999969482422,29.510000228881836,28.54179573059082,1069800
2013-11-22,29.489999771118164,29.719999313354492,29.350000381469727,29.399999618530273,28.435405731201172,2043500
2013-11-25,29.520000457763672,29.639999389648438,29.219999313354492,29.520000457763672,28.551469802856445,1853400
2013-11-26,29.299999237060547,30.0,29.299999237060547,29.8799991607666,28.899656295776367,1612300
2013-11-27,29.739999771118164,30.229999542236328,29.739999771118164,30.190000534057617,29.199485778808594,1323000
2013-11-29,30.200000762939453,30.6299991607666,30.09000015258789,30.510000228881836,29.50898551940918,710500
2013-12-02,30.479999542236328,30.56999969482422,29.899999618530273,29.979999542236328,28.996374130249023,1623200
2013-12-03,29.93000030517578,30.010000228881836,29.09000015258789,29.389999389648438,28.425731658935547,912700
2013-12-04,29.229999542236328,29.40999984741211,28.899999618530273,29.020000457763672,28.06787109375,1732900
2013-12-05,28.770000457763672,29.719999313354492,27.899999618530273,28.329999923706055,27.400508880615234,3066700
2013-12-06,28.639999389648438,29.040000915527344,28.5,28.559999465942383,27.622962951660156,1942400
2013-12-09,28.690000534057617,29.3799991607666,28.549999237060547,29.25,28.290325164794922,1915800
2013-12-10,29.25,29.90999984741211,29.200000762939453,29.770000457763672,28.793262481689453,1466200
2013-12-11,29.760000228881836,30.049999237060547,29.610000610351562,29.709999084472656,28.7352352142334,2398900
2013-12-12,29.579999923706055,29.739999771118164,29.040000915527344,29.469999313354492,28.503108978271484,1017400
2013-12-13,29.530000686645508,29.829999923706055,29.43000030517578,29.649999618530273,28.677200317382812,1173100
2013-12-16,29.65999984741211,29.8799991607666,29.06999969482422,29.100000381469727,28.145246505737305,1527500
2013-12-17,30.059999465942383,30.709999084472656,28.790000915527344,28.950000762939453,28.000165939331055,1308400
2013-12-18,29.049999237060547,29.510000228881836,28.420000076293945,29.229999542236328,28.403432846069336,2001500
2013-12-19,29.0,29.59000015258789,28.690000534057617,29.479999542236328,28.646364212036133,1756800
2013-12-20,29.489999771118164,29.969999313354492,29.440000534057617,29.489999771118164,28.656082153320312,2178500
2013-12-23,29.649999618530273,30.030000686645508,29.399999618530273,29.899999618530273,29.054485321044922,2958400
2013-12-24,29.780000686645508,30.190000534057617,29.719999313354492,30.020000457763672,29.171092987060547,854600
2013-12-26,29.920000076293945,30.549999237060547,29.829999923706055,29.899999618530273,29.054485321044922,2654400
2013-12-27,29.93000030517578,30.09000015258789,29.809999465942383,29.979999542236328,29.132225036621094,792200
2013-12-30,29.969999313354492,30.170000076293945,29.81999969482422,30.030000686645508,29.180810928344727,1000000
2013-12-31,30.079999923706055,30.360000610351562,29.979999542236328,30.260000228881836,29.40430450439453,775300
2014-01-02,29.899999618530273,30.09000015258789,29.579999923706055,29.75,28.908729553222656,924100
2014-01-03,29.950000762939453,30.09000015258789,29.739999771118164,29.889999389648438,29.044769287109375,1163500
2014-01-06,29.940000534057617,30.059999465942383,29.639999389648438,29.739999771118164,28.899011611938477,1319300
2014-01-07,29.709999084472656,30.389999389648438,29.700000762939453,30.3700008392334,29.511198043823242,1690000
2014-01-08,30.329999923706055,30.649999618530273,30.139999389648438,30.260000228881836,29.40430450439453,1976300
2014-01-09,30.489999771118164,30.489999771118164,29.989999771118164,30.440000534057617,29.579219818115234,1942900
2014-01-10,30.75,31.989999771118164,30.700000762939453,31.760000228881836,30.861888885498047,2653100
2014-01-13,31.700000762939453,31.920000076293945,31.3799991607666,31.40999984741211,30.52178955078125,2076700
2014-01-14,31.399999618530273,31.709999084472656,31.270000457763672,31.520000457763672,30.628677368164062,1589500
2014-01-15,31.479999542236328,31.690000534057617,31.43000030517578,31.479999542236328,30.589807510375977,2192400
2014-01-16,31.3700008392334,31.479999542236328,30.84000015258789,30.889999389648438,30.016489028930664,1238900
2014-01-17,30.790000915527344,30.899999618530273,30.040000915527344,30.290000915527344,29.433462142944336,3108000
2014-01-21,30.290000915527344,30.389999389648438,29.450000762939453,29.6200008392334,28.78240394592285,2661900
2014-01-22,29.600000381469727,29.84000015258789,29.34000015258789,29.510000228881836,28.67551612854004,1910200
2014-01-23,29.530000686645508,29.530000686645508,28.290000915527344,28.40999984741211,27.60662078857422,2441200
2014-01-24,28.1299991607666,29.0,27.559999465942383,28.690000534057617,27.878704071044922,3442400
2014-01-27,28.81999969482422,29.06999969482422,28.360000610351562,28.729999542236328,27.917572021484375,1890700
2014-01-28,28.739999771118164,29.229999542236328,28.34000015258789,28.549999237060547,27.74266242980957,1105500
2014-01-29,28.15999984741211,28.690000534057617,27.920000076293945,28.260000228881836,27.460865020751953,1636100
2014-01-30,28.520000457763672,28.760000228881836,28.149999618530273,28.690000534057617,27.878704071044922,1082700
2014-01-31,28.479999542236328,29.450000762939453,28.219999313354492,29.059999465942383,28.23824119567871,2374800
2014-02-03,29.059999465942383,29.389999389648438,27.540000915527344,27.860000610351562,27.072175979614258,1735400
2014-02-04,28.25,28.760000228881836,27.829999923706055,28.350000381469727,27.54831886291504,3244200
2014-02-05,28.209999084472656,29.059999465942383,27.719999313354492,28.350000381469727,27.54831886291504,3086200
2014-02-06,28.579999923706055,29.190000534057617,28.549999237060547,28.920000076293945,28.10219955444336,2878800
2014-02-07,29.09000015258789,29.559999465942383,29.079999923706055,29.5,28.665800094604492,5053200
2014-02-10,29.540000915527344,29.899999618530273,29.290000915527344,29.3700008392334,28.539480209350586,3721500
2014-02-11,29.43000030517578,30.239999771118164,29.190000534057617,29.3799991607666,28.549192428588867,4897500
2014-02-12,29.3799991607666,29.610000610351562,29.190000534057617,29.479999542236328,28.646364212036133,1395500
2014-02-13,29.260000228881836,29.3700008392334,28.729999542236328,28.850000381469727,28.034177780151367,2319200
2014-02-14,28.850000381469727,29.25,28.469999313354492,29.18000030517578,28.354848861694336,1464900
2014-02-18,29.229999542236328,29.719999313354492,28.56999969482422,28.65999984741211,27.849550247192383,1744500
2014-02-19,28.520000457763672,28.780000686645508,27.780000686645508,27.84000015258789,27.0527400970459,2269000
2014-02-20,27.75,28.40999984741211,27.420000076293945,28.149999618530273,27.353973388671875,4759400
2014-02-21,28.049999237060547,30.0,28.049999237060547,28.850000381469727,28.034177780151367,5775200
2014-02-24,29.290000915527344,29.729999542236328,29.200000762939453,29.309999465942383,28.481168746948242,2999300
2014-02-25,29.329999923706055,29.420000076293945,28.649999618530273,28.729999542236328,27.917572021484375,2393000
2014-02-26,28.649999618530273,29.59000015258789,28.350000381469727,28.450000762939453,27.645492553710938,3315500
2014-02-27,28.31999969482422,28.920000076293945,28.190000534057617,28.780000686645508,27.966161727905273,1709600
2014-02-28,29.420000076293945,29.989999771118164,28.790000915527344,29.40999984741211,28.578344345092773,2920000
2014-03-03,29.170000076293945,29.559999465942383,29.1299991607666,29.540000915527344,28.704668045043945,2389700
2014-03-04,29.75,31.3700008392334,29.75,31.360000610351562,30.47320556640625,5836200
2014-03-05,31.559999465942383,31.59000015258789,31.149999618530273,31.440000534057617,30.550941467285156,2578000
2014-03-06,31.639999389648438,32.290000915527344,31.6200008392334,31.850000381469727,30.9493465423584,2316000
2014-03-07,32.0,32.0,30.450000762939453,31.1200008392334,30.239990234375,7313300
2014-03-10,31.299999237060547,31.760000228881836,30.93000030517578,31.469999313354492,30.580089569091797,2500400
2014-03-11,31.459999084472656,31.90999984741211,30.969999313354492,31.15999984741211,30.27885627746582,2095700
2014-03-12,31.06999969482422,31.389999389648438,30.700000762939453,31.260000228881836,30.37602996826172,2104100
2014-03-13,31.270000457763672,31.540000915527344,30.860000610351562,31.030000686645508,30.15253448486328,1963300
2014-03-14,31.1200008392334,31.270000457763672,30.610000610351562,30.920000076293945,30.045642852783203,1606900
2014-03-17,30.780000686645508,31.010000228881836,30.510000228881836,30.6299991607666,29.763845443725586,1364900
2014-03-18,30.780000686645508,31.809999465942383,30.479999542236328,31.6299991607666,30.735565185546875,2661500
2014-03-19,31.690000534057617,32.11000061035156,31.40999984741211,31.459999084472656,30.57037353515625,2211000
2014-03-20,31.219999313354492,32.060001373291016,31.209999084472656,31.809999465942383,30.91047477722168,2156200
2014-03-21,31.770000457763672,33.0,31.420000076293945,31.670000076293945,30.774433135986328,2650400
2014-03-24,31.8799991607666,31.940000534057617,31.079999923706055,31.149999618530273,30.26913833618164,1776500
2014-03-25,31.239999771118164,31.90999984741211,31.059999465942383,31.6200008392334,30.725849151611328,2000600
2014-03-26,31.790000915527344,32.84000015258789,31.3799991607666,32.540000915527344,31.619836807250977,3358800
2014-03-27,32.47999954223633,32.779998779296875,32.290000915527344,32.61000061035156,31.68785285949707,2716300
2014-03-28,32.630001068115234,33.150001525878906,32.47999954223633,32.83000183105469,31.901636123657227,2184900
2014-03-31,32.9900016784668,33.540000915527344,32.9900016784668,33.290000915527344,32.34862518310547,1941800
2014-04-01,33.810001373291016,33.939998626708984,33.29999923706055,33.66999816894531,32.71787643432617,3072100
2014-04-02,33.709999084472656,34.470001220703125,33.66999816894531,34.41999816894531,33.44667053222656,3068100
2014-04-03,34.400001525878906,34.61000061035156,33.65999984741211,34.06999969482422,33.1065673828125,2020200
2014-04-04,34.349998474121094,34.59000015258789,33.720001220703125,33.869998931884766,32.9122200012207,1931200
2014-04-07,33.84000015258789,34.18000030517578,33.040000915527344,33.04999923706055,32.11540985107422,2872800
2014-04-08,33.13999938964844,33.2599983215332,32.36000061035156,33.20000076293945,32.26116943359375,4961800
2014-04-09,33.150001525878906,33.70000076293945,33.040000915527344,33.66999816894531,32.71787643432617,2340100
2014-04-10,33.68000030517578,33.91999816894531,32.5,32.709999084472656,31.785022735595703,1598900
2014-04-11,32.560001373291016,32.77000045776367,32.189998626708984,32.52000045776367,31.600400924682617,2675200
2014-04-14,32.790000915527344,32.880001068115234,32.36000061035156,32.47999954223633,31.561527252197266,1838300
2014-04-15,32.59000015258789,32.68000030517578,31.90999984741211,32.56999969482422,31.648983001708984,2871500
2014-04-16,32.790000915527344,33.400001525878906,32.709999084472656,33.029998779296875,32.09598159790039,1436000
2014-04-17,33.0,33.220001220703125,32.709999084472656,33.060001373291016,32.12512969970703,1091800
2014-04-21,33.08000183105469,33.310001373291016,32.66999816894531,33.06999969482422,32.134849548339844,656900
2014-04-22,33.11000061035156,33.220001220703125,32.5,32.59000015258789,31.668420791625977,1327500
2014-04-23,32.2599983215332,32.63999938964844,32.119998931884766,32.54999923706055,31.62955093383789,1563600
2014-04-24,32.790000915527344,32.81999969482422,32.2599983215332,32.630001068115234,31.70728874206543,951400
2014-04-25,32.59000015258789,32.59000015258789,31.979999542236328,32.11000061035156,31.201995849609375,1469500
2014-04-28,32.18000030517578,32.209999084472656,31.799999237060547,32.150001525878906,31.240861892700195,1804200
2014-04-29,31.690000534057617,32.90999984741211,31.68000030517578,32.619998931884766,31.697568893432617,4330600
2014-04-30,32.599998474121094,33.0,32.400001525878906,32.810001373291016,31.882198333740234,2255600
2014-05-01,32.959999084472656,33.27000045776367,32.63999938964844,32.97999954223633,32.04739761352539,912600
2014-05-02,32.779998779296875,33.130001068115234,32.66999816894531,32.91999816894531,31.989086151123047,1620300
2014-05-05,32.849998474121094,32.939998626708984,32.54999923706055,32.900001525878906,31.969655990600586,761300
2014-05-06,32.790000915527344,33.459999084472656,32.72999954223633,33.41999816894531,32.47494888305664,2334500
2014-05-07,33.45000076293945,33.70000076293945,33.130001068115234,33.16999816894531,32.232017517089844,1808700
2014-05-08,33.290000915527344,33.79999923706055,32.970001220703125,33.0099983215332,32.07654571533203,1742000
2014-05-09,32.84000015258789,33.15999984741211,32.630001068115234,33.099998474121094,32.16399383544922,1136200
2014-05-12,33.130001068115234,33.650001525878906,33.130001068115234,33.61000061035156,32.65958023071289,1257600
2014-05-13,33.709999084472656,34.0,33.58000183105469,33.869998931884766,32.9122200012207,1511000
2014-05-14,33.709999084472656,33.900001525878906,33.27000045776367,33.38999938964844,32.445796966552734,844000
2014-05-15,33.2599983215332,33.369998931884766,32.72999954223633,32.90999984741211,31.979372024536133,1108000
2014-05-16,32.88999938964844,33.599998474121094,32.720001220703125,33.599998474121094,32.64985656738281,749500
2014-05-19,33.63999938964844,33.86000061035156,33.5099983215332,33.75,32.795616149902344,1233200
2014-05-20,33.75,33.900001525878906,33.220001220703125,33.29999923706055,32.35833740234375,1622300
2014-05-21,33.470001220703125,33.470001220703125,32.75,33.04999923706055,32.11540985107422,1672600
2014-05-22,33.119998931884766,33.7599983215332,32.9900016784668,33.4900016784668,32.54296875,1389100
2014-05-23,33.40999984741211,33.720001220703125,33.119998931884766,33.279998779296875,32.338905334472656,2232100
2014-05-27,33.29999923706055,33.540000915527344,33.06999969482422,33.220001220703125,32.280609130859375,1630800
2014-05-28,33.060001373291016,33.95000076293945,32.97999954223633,33.81999969482422,32.9777946472168,1189100
2014-05-29,33.869998931884766,34.369998931884766,33.75,34.34000015258789,33.48484420776367,2625900
2014-05-30,34.27000045776367,35.029998779296875,33.720001220703125,33.79999923706055,32.958290100097656,1821700
2014-06-02,33.90999984741211,34.220001220703125,33.72999954223633,34.08000183105469,33.231319427490234,766100
2014-06-03,33.97999954223633,34.15999984741211,33.70000076293945,33.779998779296875,32.93878936767578,1025400
2014-06-04,33.689998626708984,33.91999816894531,33.31999969482422,33.900001525878906,33.05580520629883,1531200
2014-06-05,34.0,34.29999923706055,33.59000015258789,33.779998779296875,32.93878936767578,835000
2014-06-06,33.88999938964844,34.849998474121094,33.849998474121094,34.41999816894531,33.56284713745117,1925200
2014-06-09,34.41999816894531,35.15999984741211,34.38999938964844,34.95000076293945,34.07965087890625,1686100
2014-06-10,34.709999084472656,35.04999923706055,33.91999816894531,34.09000015258789,33.24106979370117,2864200
2014-06-11,34.11000061035156,34.13999938964844,33.68000030517578,34.08000183105469,33.231319427490234,1574200
2014-06-12,33.959999084472656,34.400001525878906,33.77000045776367,33.79999923706055,32.958290100097656,1072500
2014-06-13,34.119998931884766,35.27000045776367,34.119998931884766,34.33000183105469,33.47509765625,2725400
2014-06-16,34.40999984741211,34.75,33.939998626708984,34.56999969482422,33.709110260009766,1455700
2014-06-17,34.349998474121094,34.38999938964844,33.84000015258789,34.040000915527344,33.19231414794922,1178000
2014-06-18,34.0,34.290000915527344,33.93000030517578,34.18000030517578,33.328826904296875,2053400
2014-06-19,34.25,34.5,34.0099983215332,34.459999084472656,33.60184860229492,664100
2014-06-20,34.25,34.470001220703125,34.0,34.150001525878906,33.29957580566406,899500
2014-06-23,34.04999923706055,34.59000015258789,33.95000076293945,34.5099983215332,33.650604248046875,923100
2014-06-24,34.40999984741211,35.040000915527344,34.209999084472656,34.70000076293945,33.835880279541016,1225000
2014-06-25,34.77000045776367,34.9900016784668,34.4900016784668,34.880001068115234,34.01139831542969,1377500
2014-06-26,34.7599983215332,35.130001068115234,34.59000015258789,34.939998626708984,34.06990051269531,849100
2014-06-27,34.7400016784668,35.0,34.400001525878906,34.58000183105469,33.718868255615234,2326900
2014-06-30,34.38999938964844,34.5,33.959999084472656,34.310001373291016,33.45559310913086,1711000
2014-07-01,34.43000030517578,35.0099983215332,34.43000030517578,34.95000076293945,34.07965087890625,1370200
2014-07-02,34.869998931884766,35.209999084472656,34.720001220703125,35.209999084472656,34.33317947387695,1208200
2014-07-03,35.189998626708984,35.849998474121094,35.130001068115234,35.70000076293945,34.810970306396484,959500
2014-07-07,35.459999084472656,35.75,35.310001373291016,35.5099983215332,34.62570571899414,2364100
2014-07-08,35.369998931884766,35.650001525878906,34.290000915527344,34.45000076293945,33.59210205078125,2201200
2014-07-09,34.47999954223633,34.5,33.790000915527344,34.36000061035156,33.50434494018555,2768300
2014-07-10,33.939998626708984,34.52000045776367,33.83000183105469,34.2599983215332,33.40683364868164,1575700
2014-07-11,34.150001525878906,34.779998779296875,34.06999969482422,34.720001220703125,33.855384826660156,1959200
2014-07-14,34.7400016784668,35.0099983215332,34.7400016784668,34.97999954223633,34.10890197753906,1209500
2014-07-15,34.970001220703125,35.029998779296875,34.65999984741211,34.91999816894531,34.05039596557617,1616600
2014-07-16,34.970001220703125,35.27000045776367,34.79999923706055,35.029998779296875,34.157657623291016,1584800
2014-07-17,35.02000045776367,35.310001373291016,34.900001525878906,34.97999954223633,34.10890197753906,1471400
2014-07-18,35.18000030517578,35.86000061035156,35.0,35.7599983215332,34.869476318359375,1312100
2014-07-21,35.61000061035156,35.7400016784668,34.9900016784668,35.22999954223633,34.3526725769043,1831100
2014-07-22,35.36000061035156,35.5099983215332,34.84000015258789,34.880001068115234,34.01139831542969,1065100
2014-07-23,35.08000183105469,35.09000015258789,34.150001525878906,34.27000045776367,33.41658401489258,1658000
2014-07-24,34.15999984741211,34.560001373291016,34.060001373291016,34.20000076293945,33.348331451416016,1477700
2014-07-25,34.209999084472656,34.970001220703125,33.9900016784668,34.90999984741211,34.040645599365234,1208700
2014-07-28,34.900001525878906,35.38999938964844,34.810001373291016,35.220001220703125,34.342926025390625,1583900
2014-07-29,35.2400016784668,35.400001525878906,34.95000076293945,35.150001525878906,34.2746696472168,1219800
2014-07-30,35.2400016784668,36.18000030517578,35.2400016784668,35.650001525878906,34.76222229003906,2322300
2014-07-31,35.56999969482422,35.880001068115234,35.29999923706055,35.59000015258789,34.70370864868164,2210400
2014-08-01,35.689998626708984,35.689998626708984,35.400001525878906,35.61000061035156,34.72321701049805,2400000
2014-08-04,35.650001525878906,36.290000915527344,35.439998626708984,36.18000030517578,35.279022216796875,985500
2014-08-05,35.95000076293945,36.25,35.45000076293945,35.599998474121094,34.71346664428711,1503300
2014-08-06,35.52000045776367,35.7400016784668,35.310001373291016,35.38999938964844,34.508689880371094,873200
2014-08-07,35.52000045776367,35.810001373291016,34.52000045776367,34.61000061035156,33.74811935424805,1345100
2014-08-08,34.619998931884766,34.619998931884766,33.2400016784668,34.540000915527344,33.67986297607422,2564000
2014-08-11,34.560001373291016,35.779998779296875,34.560001373291016,35.709999084472656,34.82072448730469,1567900
2014-08-12,35.689998626708984,36.310001373291016,35.650001525878906,36.04999923706055,35.152259826660156,1243700
2014-08-13,36.18000030517578,36.779998779296875,36.08000183105469,36.47999954223633,35.57155227661133,1790500
2014-08-14,36.619998931884766,36.79999923706055,36.470001220703125,36.58000183105469,35.66905975341797,1533700
2014-08-15,36.7400016784668,36.81999969482422,36.369998931884766,36.77000045776367,35.85432815551758,724600
2014-08-18,37.029998779296875,37.5099983215332,36.91999816894531,37.31999969482422,36.39063262939453,1860100
2014-08-19,37.5,37.5,37.2400016784668,37.290000915527344,36.36138153076172,2267200
2014-08-20,36.56999969482422,37.43000030517578,36.56999969482422,37.18000030517578,36.25411605834961,1217400
2014-08-21,37.16999816894531,37.33000183105469,37.029998779296875,37.08000183105469,36.156612396240234,965200
2014-08-22,37.189998626708984,37.220001220703125,36.709999084472656,36.84000015258789,35.92258834838867,781900
2014-08-25,36.959999084472656,37.209999084472656,36.959999084472656,37.130001068115234,36.205360412597656,574000
2014-08-26,37.2599983215332,37.83000183105469,37.189998626708984,37.209999084472656,36.28337097167969,1212300
2014-08-27,37.45000076293945,37.5099983215332,36.560001373291016,37.029998779296875,36.107852935791016,1613800
2014-08-28,36.790000915527344,36.790000915527344,36.290000915527344,36.45000076293945,35.542301177978516,976700
2014-08-29,36.54999923706055,37.15999984741211,36.40999984741211,37.06999969482422,36.146854400634766,1347500
2014-09-02,37.150001525878906,37.709999084472656,36.540000915527344,37.209999084472656,36.28337097167969,1288400
2014-09-03,37.41999816894531,37.4900016784668,36.970001220703125,37.16999816894531,36.24436569213867,1121400
2014-09-04,37.150001525878906,37.31999969482422,36.880001068115234,36.97999954223633,36.05909729003906,637700
2014-09-05,37.040000915527344,37.400001525878906,36.880001068115234,37.15999984741211,36.234615325927734,657800
2014-09-08,37.119998931884766,37.27000045776367,36.61000061035156,36.66999816894531,35.75682067871094,754700
2014-09-09,36.470001220703125,36.59000015258789,35.720001220703125,35.91999816894531,35.025489807128906,1327200
2014-09-10,35.970001220703125,36.27000045776367,35.66999816894531,36.13999938964844,35.24001693725586,768200
2014-09-11,35.70000076293945,35.88999938964844,35.41999816894531,35.70000076293945,34.810970306396484,2707900
2014-09-12,35.70000076293945,35.88999938964844,35.22999954223633,35.290000915527344,34.41118240356445,2151200
2014-09-15,35.400001525878906,35.439998626708984,34.86000061035156,34.900001525878906,34.0308952331543,1569400
2014-09-16,34.93000030517578,35.7599983215332,34.900001525878906,35.349998474121094,34.469688415527344,3076100
2014-09-17,35.5099983215332,35.689998626708984,35.060001373291016,35.189998626708984,34.31367492675781,3460200
2014-09-18,35.369998931884766,35.599998474121094,35.060001373291016,35.41999816894531,34.53794479370117,3914200
2014-09-19,35.560001373291016,35.63999938964844,35.060001373291016,35.310001373291016,34.430686950683594,2092000
2014-09-22,35.13999938964844,35.25,34.06999969482422,34.290000915527344,33.436092376708984,1537000
2014-09-23,34.16999816894531,35.130001068115234,34.150001525878906,34.58000183105469,33.718868255615234,2396400
2014-09-24,34.77000045776367,34.77000045776367,34.5,34.529998779296875,33.67011260986328,1810800
2014-09-25,34.36000061035156,34.619998931884766,33.93000030517578,33.93000030517578,33.085052490234375,1005000
2014-09-26,33.88999938964844,34.09000015258789,33.79999923706055,33.900001525878906,33.05580520629883,1198300
2014-09-29,33.56999969482422,33.81999969482422,33.27000045776367,33.63999938964844,32.80227279663086,1747400
2014-09-30,33.599998474121094,34.15999984741211,33.599998474121094,33.880001068115234,33.03630065917969,1823300
2014-10-01,33.869998931884766,33.93000030517578,33.20000076293945,33.31999969482422,32.49024200439453,1360700
2014-10-02,33.34000015258789,34.099998474121094,33.09000015258789,34.02000045776367,33.17280960083008,1550400
2014-10-03,34.08000183105469,34.54999923706055,33.900001525878906,34.2400016784668,33.38733673095703,939200
2014-10-06,34.650001525878906,35.06999969482422,34.40999984741211,34.41999816894531,33.56284713745117,1388300
2014-10-07,34.400001525878906,34.529998779296875,34.08000183105469,34.119998931884766,33.270320892333984,941800
2014-10-08,34.0,35.040000915527344,33.970001220703125,35.0,34.1284065246582,1472200
2014-10-09,35.0099983215332,35.15999984741211,34.58000183105469,34.81999969482422,33.95288848876953,1418400
2014-10-10,34.70000076293945,35.04999923706055,33.560001373291016,34.040000915527344,33.19231414794922,2037800
2014-10-13,34.310001373291016,34.31999969482422,32.97999954223633,33.099998474121094,32.275718688964844,3566100
2014-10-14,33.290000915527344,33.86000061035156,33.20000076293945,33.25,32.42198181152344,1857900
2014-10-15,32.970001220703125,33.599998474121094,32.869998931884766,33.54999923706055,32.714508056640625,1923500
2014-10-16,33.06999969482422,33.52000045776367,32.900001525878906,33.029998779296875,32.207462310791016,1939600
2014-10-17,33.25,33.459999084472656,32.93000030517578,33.02000045776367,32.197715759277344,1539400
2014-10-20,33.04999923706055,33.56999969482422,32.91999816894531,33.349998474121094,32.519493103027344,1424200
2014-10-21,33.59000015258789,34.40999984741211,33.529998779296875,34.20000076293945,33.348331451416016,1274900
2014-10-22,34.400001525878906,34.400001525878906,33.849998474121094,33.849998474121094,33.00704574584961,815900
2014-10-23,33.939998626708984,34.38999938964844,33.90999984741211,34.310001373291016,33.45559310913086,757800
2014-10-24,34.54999923706055,34.72999954223633,32.790000915527344,32.84000015258789,32.022193908691406,1822800
2014-10-27,32.86000061035156,33.84000015258789,32.220001220703125,33.79999923706055,32.958290100097656,1515500
2014-10-28,33.849998474121094,34.880001068115234,33.83000183105469,34.72999954223633,33.86513137817383,1515000
2014-10-29,34.72999954223633,34.959999084472656,34.34000015258789,34.869998931884766,34.00164031982422,1350500
2014-10-30,34.66999816894531,35.599998474121094,34.66999816894531,35.52000045776367,34.63545608520508,1141200
2014-10-31,35.56999969482422,36.16999816894531,35.56999969482422,36.13999938964844,35.24001693725586,1986300
2014-11-03,36.13999938964844,36.22999954223633,35.810001373291016,35.97999954223633,35.08400344848633,1366100
2014-11-04,35.790000915527344,35.790000915527344,34.9900016784668,35.02000045776367,34.147911071777344,1120300
2014-11-05,35.16999816894531,35.349998474121094,34.470001220703125,35.290000915527344,34.41118240356445,1124200
2014-11-06,35.369998931884766,35.7599983215332,34.91999816894531,34.9900016784668,34.118656158447266,1053200
2014-11-07,34.86000061035156,35.25,34.81999969482422,35.16999816894531,34.29417037963867,1200000
2014-11-10,35.060001373291016,35.369998931884766,35.0099983215332,35.369998931884766,34.48918914794922,1035500
2014-11-11,35.400001525878906,35.63999938964844,35.18000030517578,35.349998474121094,34.469688415527344,447600
2014-11-12,35.040000915527344,35.439998626708984,35.02000045776367,35.2400016784668,34.362430572509766,916400
2014-11-13,35.06999969482422,35.630001068115234,35.06999969482422,35.58000183105469,34.69396209716797,782300
2014-11-14,35.41999816894531,35.90999984741211,35.189998626708984,35.75,34.85972595214844,538200
2014-11-17,35.66999816894531,36.11000061035156,35.650001525878906,35.900001525878906,35.00599670410156,607300
2014-11-18,35.900001525878906,36.400001525878906,35.900001525878906,36.11000061035156,35.21076202392578,1993600
2014-11-19,35.959999084472656,36.84000015258789,35.959999084472656,36.79999923706055,35.88357925415039,1087400
2014-11-20,36.54999923706055,36.84000015258789,36.529998779296875,36.66999816894531,35.75682067871094,705000
2014-11-21,37.11000061035156,37.54999923706055,36.970001220703125,37.11000061035156,36.18586349487305,1277500
2014-11-24,37.31999969482422,37.38999938964844,36.849998474121094,36.9900016784668,36.06884765625,692500
2014-11-25,37.040000915527344,37.31999969482422,36.650001525878906,36.689998626708984,35.77631759643555,994400
2014-11-26,36.72999954223633,37.15999984741211,36.650001525878906,37.08000183105469,36.156612396240234,738700
2014-11-28,37.0,37.470001220703125,36.7599983215332,37.349998474121094,36.419883728027344,650500
2014-12-01,37.11000061035156,37.27000045776367,36.4900016784668,36.61000061035156,35.69831466674805,1730500
2014-12-02,36.54999923706055,36.70000076293945,35.880001068115234,36.119998931884766,35.22051239013672,1234100
2014-12-03,36.630001068115234,36.630001068115234,36.0,36.31999969482422,35.4155387878418,730000
2014-12-04,36.15999984741211,36.2400016784668,36.029998779296875,36.130001068115234,35.23027038574219,4196900
2014-12-05,36.06999969482422,36.689998626708984,35.869998931884766,36.41999816894531,35.51304626464844,1077400
2014-12-08,36.54999923706055,36.650001525878906,36.16999816894531,36.36000061035156,35.45453643798828,1040800
2014-12-09,36.099998474121094,36.119998931884766,35.689998626708984,36.0,35.10350036621094,1350100
2014-12-10,35.70000076293945,35.93000030517578,33.900001525878906,33.95000076293945,33.104557037353516,2108800
2014-12-11,33.9900016784668,34.029998779296875,33.220001220703125,33.54999923706055,32.714508056640625,2264300
2014-12-12,33.16999816894531,33.380001068115234,32.63999938964844,32.66999816894531,31.856426239013672,2001300
2014-12-15,33.119998931884766,33.220001220703125,31.68000030517578,32.0,31.203115463256836,2094500
2014-12-16,31.81999969482422,32.54999923706055,31.1299991607666,31.8799991607666,31.08609962463379,2139600
2014-12-17,31.959999084472656,32.77000045776367,31.8700008392334,32.4900016784668,31.680917739868164,1952900
2014-12-18,32.97999954223633,33.83000183105469,32.7400016784668,33.56999969482422,32.734012603759766,1899000
2014-12-19,33.66999816894531,34.060001373291016,33.369998931884766,33.5,32.66575241088867,2508300
2014-12-22,33.41999816894531,33.88999938964844,33.349998474121094,33.790000915527344,32.94853973388672,1231800
2014-12-23,33.970001220703125,34.209999084472656,33.869998931884766,34.0,33.15331268310547,507700
2014-12-24,33.91999816894531,34.29999923706055,33.83000183105469,34.209999084472656,33.35807800292969,246200
2014-12-26,34.310001373291016,34.310001373291016,33.9900016784668,34.040000915527344,33.19231414794922,261500
2014-12-29,34.04999923706055,34.11000061035156,33.459999084472656,33.709999084472656,32.87053298950195,947600
2014-12-30,33.63999938964844,34.189998626708984,33.470001220703125,33.65999984741211,32.821773529052734,1483000
2014-12-31,33.58000183105469,34.209999084472656,33.58000183105469,34.060001373291016,33.21181869506836,620700
2015-01-02,33.79999923706055,34.16999816894531,33.27000045776367,33.709999084472656,32.87053298950195,1319000
2015-01-05,33.54999923706055,33.54999923706055,32.75,32.849998474121094,32.031944274902344,1643700
2015-01-06,32.95000076293945,33.400001525878906,32.349998474121094,32.7400016784668,31.9246883392334,1682600
2015-01-07,33.09000015258789,33.290000915527344,32.90999984741211,33.130001068115234,32.30497360229492,1235100
2015-01-08,33.2599983215332,34.02000045776367,33.220001220703125,33.459999084472656,32.62675857543945,870600
2015-01-09,33.61000061035156,33.790000915527344,33.33000183105469,33.58000183105469,32.74376678466797,900600
2015-01-12,33.650001525878906,33.66999816894531,32.36000061035156,32.4900016784668,31.680917739868164,1167900
2015-01-13,32.63999938964844,33.61000061035156,32.599998474121094,32.84000015258789,32.022193908691406,2098600
2015-01-14,32.66999816894531,32.709999084472656,32.220001220703125,32.36000061035156,31.554149627685547,1555500
2015-01-15,32.540000915527344,32.68000030517578,31.969999313354492,32.0,31.203115463256836,2146000
2015-01-16,31.940000534057617,32.290000915527344,31.770000457763672,32.2599983215332,31.456640243530273,2907300
2015-01-20,32.11000061035156,32.5,31.600000381469727,32.25,31.446887969970703,3311100
2015-01-21,32.34000015258789,32.9900016784668,32.2400016784668,32.88999938964844,32.07094955444336,945200
2015-01-22,33.13999938964844,34.15999984741211,32.880001068115234,34.13999938964844,33.289825439453125,3523400
2015-01-23,34.029998779296875,34.13999938964844,33.59000015258789,33.689998626708984,32.85102081298828,820100
2015-01-26,33.79999923706055,34.619998931884766,33.75,34.16999816894531,33.31907653808594,1042700
2015-01-27,33.849998474121094,34.130001068115234,33.61000061035156,33.91999816894531,33.07529830932617,541500
2015-01-28,33.939998626708984,34.04999923706055,33.209999084472656,33.279998779296875,32.451236724853516,749600
2015-01-29,33.29999923706055,33.43000030517578,32.720001220703125,33.36000061035156,32.52924728393555,670300
2015-01-30,32.77000045776367,33.06999969482422,32.560001373291016,32.61000061035156,31.797924041748047,991400
2015-02-02,32.869998931884766,33.349998474121094,32.599998474121094,33.279998779296875,32.451236724853516,805000
2015-02-03,33.459999084472656,34.060001373291016,33.27000045776367,33.61000061035156,32.77301788330078,1072000
2015-02-04,33.529998779296875,34.119998931884766,33.41999816894531,33.720001220703125,32.88028335571289,1181700
2015-02-05,33.619998931884766,33.939998626708984,33.41999816894531,33.68000030517578,32.84127426147461,1073800
2015-02-06,33.5099983215332,33.630001068115234,32.79999923706055,32.93000030517578,32.10995864868164,1194700
2015-02-09,32.790000915527344,33.29999923706055,32.619998931884766,33.22999954223633,32.40248489379883,548400
2015-02-10,33.2599983215332,33.91999816894531,33.16999816894531,33.66999816894531,32.83152389526367,991500
2015-02-11,33.650001525878906,33.66999816894531,32.93000030517578,33.0,32.1782112121582,1070900
2015-02-12,33.119998931884766,35.13999938964844,33.099998474121094,35.029998779296875,34.157657623291016,1607900
2015-02-13,34.84000015258789,35.220001220703125,34.61000061035156,34.83000183105469,33.962642669677734,942900
2015-02-17,34.939998626708984,35.09000015258789,34.33000183105469,35.060001373291016,34.18691635131836,753100
2015-02-18,34.970001220703125,35.11000061035156,33.40999984741211,33.439998626708984,32.60725021362305,1614900
2015-02-19,33.310001373291016,33.459999084472656,32.619998931884766,32.939998626708984,32.11970520019531,2615400
2015-02-20,32.790000915527344,33.130001068115234,32.47999954223633,33.08000183105469,32.25621795654297,1330600
2015-02-23,33.08000183105469,33.88999938964844,33.029998779296875,33.83000183105469,32.987545013427734,1134100
2015-02-24,33.790000915527344,34.220001220703125,33.58000183105469,33.81999969482422,32.9777946472168,1130300
2015-02-25,33.81999969482422,34.25,33.38999938964844,33.599998474121094,32.76326370239258,750500
2015-02-26,33.709999084472656,34.2400016784668,33.4900016784668,33.900001525878906,33.05580520629883,1288200
2015-02-27,33.779998779296875,34.380001068115234,33.7400016784668,34.119998931884766,33.270320892333984,1937200
2015-03-02,34.06999969482422,34.41999816894531,33.7599983215332,34.08000183105469,33.231319427490234,1356800
2015-03-03,34.040000915527344,34.7400016784668,33.79999923706055,34.720001220703125,33.855384826660156,1429900
2015-03-04,34.220001220703125,34.470001220703125,33.83000183105469,34.459999084472656,33.60184860229492,1159200
2015-03-05,34.380001068115234,35.369998931884766,34.33000183105469,34.7400016784668,33.87488555908203,1898500
2015-03-06,34.5,34.7599983215332,34.099998474121094,34.560001373291016,33.699363708496094,2179000
2015-03-09,34.47999954223633,34.630001068115234,33.9900016784668,34.150001525878906,33.29957580566406,820200
2015-03-10,33.81999969482422,34.02000045776367,33.540000915527344,33.90999984741211,33.0655517578125,1283800
2015-03-11,34.29999923706055,35.16999816894531,34.29999923706055,34.41999816894531,33.56284713745117,2341000
2015-03-12,34.529998779296875,34.83000183105469,34.08000183105469,34.47999954223633,33.62135696411133,1798400
2015-03-13,34.40999984741211,34.66999816894531,34.04999923706055,34.290000915527344,33.436092376708984,1379800
2015-03-16,34.47999954223633,34.709999084472656,34.34000015258789,34.36000061035156,33.50434494018555,683700
2015-03-17,34.150001525878906,34.41999816894531,34.08000183105469,34.22999954223633,33.37758255004883,861500
2015-03-18,33.849998474121094,34.119998931884766,32.84000015258789,33.84000015258789,32.99729537963867,2959900
2015-03-19,33.7400016784668,33.9900016784668,33.41999816894531,33.939998626708984,33.09479904174805,1789400
2015-03-20,33.970001220703125,34.68000030517578,33.95000076293945,34.34000015258789,33.48484420776367,1156800
2015-03-23,34.45000076293945,34.81999969482422,34.18000030517578,34.65999984741211,33.796875,891400
2015-03-24,34.779998779296875,34.83000183105469,34.47999954223633,34.47999954223633,33.62135696411133,746600
2015-03-25,34.470001220703125,34.689998626708984,33.38999938964844,33.459999084472656,32.62675857543945,1192200
2015-03-26,33.25,33.34000015258789,32.900001525878906,33.0099983215332,32.18796157836914,1147600
2015-03-27,32.880001068115234,33.209999084472656,32.72999954223633,33.099998474121094,32.275718688964844,895100
2015-03-30,33.220001220703125,33.560001373291016,33.04999923706055,33.459999084472656,32.62675857543945,758200
2015-03-31,33.33000183105469,33.33000183105469,32.849998474121094,33.0099983215332,32.18796157836914,1085500
2015-04-01,33.29999923706055,34.38999938964844,32.95000076293945,34.189998626708984,33.33858108520508,1776100
2015-04-02,34.310001373291016,34.66999816894531,34.11000061035156,34.540000915527344,33.67986297607422,748600
2015-04-06,34.58000183105469,35.16999816894531,34.400001525878906,35.099998474121094,34.225914001464844,1221800
2015-04-07,35.189998626708984,35.279998779296875,34.970001220703125,35.0099983215332,34.13815689086914,1352100
2015-04-08,35.209999084472656,35.369998931884766,35.130001068115234,35.349998474121094,34.469688415527344,1197500
2015-04-09,35.36000061035156,35.58000183105469,35.15999984741211,35.41999816894531,34.53794479370117,1454400
2015-04-10,35.310001373291016,35.54999923706055,35.209999084472656,35.369998931884766,34.48918914794922,768200
2015-04-13,35.25,35.38999938964844,35.029998779296875,35.08000183105469,34.206417083740234,1095800
2015-04-14,35.150001525878906,35.369998931884766,35.029998779296875,35.099998474121094,34.225914001464844,413200
2015-04-15,35.209999084472656,35.54999923706055,35.06999969482422,35.47999954223633,34.59645080566406,807300
2015-04-16,35.470001220703125,35.63999938964844,35.290000915527344,35.470001220703125,34.586700439453125,863000
2015-04-17,35.119998931884766,35.15999984741211,34.2599983215332,34.400001525878906,33.5433464050293,866300
2015-04-20,34.58000183105469,34.66999816894531,34.2400016784668,34.41999816894531,33.56284713745117,793700
2015-04-21,34.4900016784668,35.08000183105469,34.310001373291016,34.95000076293945,34.07965087890625,1241700
2015-04-22,35.130001068115234,35.310001373291016,34.720001220703125,35.2400016784668,34.362430572509766,996300
2015-04-23,35.11000061035156,35.81999969482422,35.04999923706055,35.599998474121094,34.71346664428711,1630500
2015-04-24,35.790000915527344,36.75,35.68000030517578,36.70000076293945,35.78607177734375,2204400
2015-04-27,36.849998474121094,37.36000061035156,36.41999816894531,36.5,35.5910530090332,1028200
2015-04-28,36.400001525878906,37.0099983215332,36.369998931884766,36.79999923706055,35.88357925415039,571500
2015-04-29,36.65999984741211,37.060001373291016,36.459999084472656,36.66999816894531,35.75682067871094,1218100
2015-04-30,36.4900016784668,36.630001068115234,36.029998779296875,36.40999984741211,35.503292083740234,1761000
2015-05-01,36.66999816894531,37.119998931884766,36.36000061035156,36.869998931884766,35.951839447021484,666500
2015-05-04,36.790000915527344,37.04999923706055,36.470001220703125,36.599998474121094,35.688560485839844,2104300
2015-05-05,36.56999969482422,36.720001220703125,35.400001525878906,35.7400016784668,34.849979400634766,1704100
2015-05-06,35.779998779296875,35.95000076293945,35.41999816894531,35.5,34.6159553527832,1261100
2015-05-07,35.54999923706055,35.91999816894531,35.4900016784668,35.59000015258789,34.70370864868164,1472600
2015-05-08,36.099998474121094,36.630001068115234,36.0,36.52000045776367,35.61055374145508,1958900
2015-05-11,36.540000915527344,36.63999938964844,36.04999923706055,36.310001373291016,35.40578842163086,1486100
2015-05-12,36.06999969482422,36.290000915527344,35.959999084472656,36.18000030517578,35.279022216796875,1080100
2015-05-13,36.45000076293945,36.5099983215332,36.08000183105469,36.18000030517578,35.279022216796875,1119000
2015-05-14,36.380001068115234,36.790000915527344,36.27000045776367,36.5,35.5910530090332,978200
2015-05-15,36.5,36.83000183105469,36.31999969482422,36.83000183105469,35.91283416748047,1306200
2015-05-18,36.650001525878906,36.869998931884766,36.279998779296875,36.72999954223633,35.81532669067383,1195200
2015-05-19,36.720001220703125,36.869998931884766,36.599998474121094,36.70000076293945,35.78607177734375,826400
2015-05-20,36.70000076293945,36.90999984741211,36.439998626708984,36.459999084472656,35.55204772949219,722100
2015-05-21,36.400001525878906,36.77000045776367,36.18000030517578,36.20000076293945,35.298526763916016,1619900
2015-05-22,36.220001220703125,37.47999954223633,36.150001525878906,37.33000183105469,36.400386810302734,1944300
2015-05-26,37.16999816894531,37.33000183105469,36.79999923706055,37.209999084472656,36.28337097167969,2158600
2015-05-27,37.040000915527344,37.70000076293945,37.029998779296875,37.650001525878906,36.7124137878418,2397800
2015-05-28,37.459999084472656,38.150001525878906,37.349998474121094,38.13999938964844,37.30415344238281,2249100
2015-05-29,37.95000076293945,38.060001373291016,37.720001220703125,37.849998474121094,37.0205078125,3949300
2015-06-01,37.90999984741211,38.279998779296875,37.83000183105469,38.130001068115234,37.294376373291016,2311700
2015-06-02,38.13999938964844,38.97999954223633,38.029998779296875,38.72999954223633,37.8812255859375,1953600
2015-06-03,38.83000183105469,38.970001220703125,38.04999923706055,38.11000061035156,37.274810791015625,3828800
2015-06-04,37.93000030517578,38.09000015258789,37.099998474121094,37.290000915527344,36.47278594970703,1708400
2015-06-05,37.279998779296875,37.38999938964844,36.88999938964844,37.060001373291016,36.247825622558594,1623000
2015-06-08,36.849998474121094,37.09000015258789,36.790000915527344,36.959999084472656,36.1500129699707,1231800
2015-06-09,37.09000015258789,37.11000061035156,36.4900016784668,37.11000061035156,36.296730041503906,1530000
2015-06-10,37.290000915527344,37.56999969482422,37.290000915527344,37.439998626708984,36.6194953918457,2235900
2015-06-11,37.43000030517578,38.86000061035156,37.43000030517578,38.54999923706055,37.705169677734375,2299200
2015-06-12,38.45000076293945,38.72999954223633,38.150001525878906,38.650001525878906,37.80298614501953,1355300
2015-06-15,38.54999923706055,38.7400016784668,37.970001220703125,38.66999816894531,37.82253646850586,1345300
2015-06-16,38.54999923706055,38.95000076293945,38.47999954223633,38.86000061035156,38.00837707519531,976200
2015-06-17,38.83000183105469,38.970001220703125,38.560001373291016,38.810001373291016,37.95947265625,1658100
2015-06-18,38.970001220703125,38.97999954223633,38.380001068115234,38.540000915527344,37.69539260864258,1134200
2015-06-19,38.56999969482422,39.58000183105469,38.43000030517578,39.15999984741211,38.30179977416992,1586000
2015-06-22,39.47999954223633,39.560001373291016,39.20000076293945,39.25,38.389827728271484,1353600
2015-06-23,39.16999816894531,39.4900016784668,38.970001220703125,39.290000915527344,38.428955078125,1126700
2015-06-24,39.29999923706055,39.5099983215332,39.13999938964844,39.470001220703125,38.60500717163086,2003100
2015-06-25,39.61000061035156,40.04999923706055,39.45000076293945,39.709999084472656,38.839744567871094,1555200
2015-06-26,39.619998931884766,39.970001220703125,39.41999816894531,39.5099983215332,38.64413070678711,969000
2015-06-29,39.08000183105469,39.34000015258789,38.279998779296875,38.36000061035156,37.51933288574219,958600
2015-06-30,38.63999938964844,38.90999984741211,38.2599983215332,38.81999969482422,37.96925354003906,1256300
2015-07-01,38.90999984741211,38.959999084472656,38.349998474121094,38.45000076293945,37.60736083984375,1511800
2015-07-02,38.70000076293945,39.29999923706055,38.47999954223633,39.09000015258789,38.233341217041016,1515900
2015-07-06,38.7400016784668,38.959999084472656,37.97999954223633,38.31999969482422,37.48020935058594,2236800
2015-07-07,36.220001220703125,36.70000076293945,35.58000183105469,36.540000915527344,35.739219665527344,8724900
2015-07-08,36.060001373291016,36.13999938964844,35.290000915527344,35.65999984741211,34.878501892089844,3641600
2015-07-09,35.91999816894531,36.16999816894531,35.2599983215332,35.36000061035156,34.585079193115234,2676500
2015-07-10,35.15999984741211,35.77000045776367,35.119998931884766,35.54999923706055,34.77091598510742,1799700
2015-07-13,35.810001373291016,36.33000183105469,35.540000915527344,36.25,35.45557403564453,1870400
2015-07-14,36.310001373291016,36.38999938964844,35.9900016784668,36.08000183105469,35.289302825927734,2023600
2015-07-15,36.0,36.33000183105469,35.900001525878906,36.2400016784668,35.445796966552734,1327800
2015-07-16,36.29999923706055,36.43000030517578,36.040000915527344,36.15999984741211,35.36754608154297,2237100
2015-07-17,36.099998474121094,36.310001373291016,35.75,35.810001373291016,35.02521514892578,1277700
2015-07-20,35.619998931884766,35.630001068115234,35.38999938964844,35.4900016784668,34.71223068237305,1691800
2015-07-21,35.56999969482422,35.61000061035156,35.38999938964844,35.470001220703125,34.69266891479492,911700
2015-07-22,35.2400016784668,35.38999938964844,35.02000045776367,35.15999984741211,34.38946533203125,2690400
2015-07-23,35.18000030517578,35.38999938964844,35.09000015258789,35.18000030517578,34.409027099609375,1630100
2015-07-24,34.970001220703125,35.33000183105469,34.95000076293945,35.13999938964844,34.36989974975586,1505400
2015-07-27,35.08000183105469,35.11000061035156,34.08000183105469,34.209999084472656,33.46028137207031,2469900
2015-07-28,34.369998931884766,34.56999969482422,34.099998474121094,34.31999969482422,33.56787109375,1708300
2015-07-29,34.34000015258789,34.81999969482422,34.27000045776367,34.43000030517578,33.67546081542969,932700
2015-07-30,34.20000076293945,34.310001373291016,33.709999084472656,34.25,33.49940872192383,1944100
2015-07-31,34.65999984741211,34.939998626708984,34.27000045776367,34.86000061035156,34.09603500366211,1476700
2015-08-03,34.72999954223633,35.0099983215332,34.68000030517578,35.0,34.232967376708984,811900
2015-08-04,34.9900016784668,35.2599983215332,34.84000015258789,35.0099983215332,34.24274826049805,1012100
2015-08-05,34.93000030517578,35.130001068115234,33.02000045776367,33.16999816894531,32.44306945800781,3063900
2015-08-06,33.150001525878906,33.22999954223633,32.18000030517578,32.810001373291016,32.09096145629883,2945000
2015-08-07,32.630001068115234,33.220001220703125,32.630001068115234,33.150001525878906,32.42351150512695,1517400
2015-08-10,33.27000045776367,33.61000061035156,33.16999816894531,33.5,32.76583480834961,573100
2015-08-11,33.11000061035156,33.119998931884766,32.290000915527344,32.599998474121094,31.88556480407715,2504400
2015-08-12,32.439998626708984,32.59000015258789,32.08000183105469,32.52000045776367,31.80731773376465,1164900
2015-08-13,32.43000030517578,32.70000076293945,32.15999984741211,32.38999938964844,31.68016815185547,1163600
2015-08-14,32.38999938964844,32.56999969482422,32.130001068115234,32.209999084472656,31.504112243652344,1411300
2015-08-17,32.06999969482422,32.66999816894531,32.0099983215332,32.650001525878906,31.934473037719727,1185900
2015-08-18,32.560001373291016,32.7400016784668,32.439998626708984,32.68000030517578,31.963815689086914,1598400
2015-08-19,32.59000015258789,32.66999816894531,31.770000457763672,32.029998779296875,31.32805633544922,1294200
2015-08-20,31.690000534057617,31.729999542236328,30.700000762939453,30.8799991607666,30.203258514404297,3911400
2015-08-21,30.59000015258789,30.850000381469727,29.940000534057617,30.1200008392334,29.459917068481445,3514400
2015-08-24,28.979999542236328,29.389999389648438,26.59000015258789,28.799999237060547,28.168842315673828,2835200
2015-08-25,29.719999313354492,29.899999618530273,28.84000015258789,28.899999618530273,28.266651153564453,2823500
2015-08-26,29.360000610351562,29.65999984741211,28.860000610351562,29.6299991607666,28.98065185546875,1394900
2015-08-27,30.010000228881836,30.299999237060547,29.450000762939453,30.15999984741211,29.49903678894043,1542300
2015-08-28,29.93000030517578,30.540000915527344,29.889999389648438,30.260000228881836,29.596845626831055,1281100
2015-08-31,30.020000457763672,30.729999542236328,29.969999313354492,30.559999465942383,29.89027214050293,4511200
2015-09-01,29.950000762939453,30.25,29.389999389648438,29.549999237060547,28.90240478515625,5181700
2015-09-02,29.920000076293945,29.950000762939453,29.329999923706055,29.59000015258789,28.941530227661133,1871000
2015-09-03,29.670000076293945,30.110000610351562,29.540000915527344,29.639999389648438,28.990434646606445,1177200
2015-09-04,29.34000015258789,29.450000762939453,28.700000762939453,28.799999237060547,28.168842315673828,2297000
2015-09-08,29.200000762939453,29.299999237060547,28.760000228881836,29.219999313354492,28.57963752746582,942600
2015-09-09,29.530000686645508,29.6299991607666,28.8700008392334,28.959999084472656,28.325336456298828,1310900
2015-09-10,29.010000228881836,29.190000534057617,28.6200008392334,29.010000228881836,28.374242782592773,1457300
2015-09-11,28.940000534057617,29.040000915527344,28.56999969482422,28.780000686645508,28.149282455444336,988600
2015-09-14,28.729999542236328,28.850000381469727,28.34000015258789,28.520000457763672,27.894981384277344,1539500
2015-09-15,28.530000686645508,28.940000534057617,28.479999542236328,28.8700008392334,28.237308502197266,1771100
2015-09-16,28.93000030517578,29.600000381469727,28.93000030517578,29.329999923706055,28.687227249145508,1150200
2015-09-17,29.309999465942383,29.459999084472656,28.68000030517578,29.1299991607666,28.491609573364258,3274000
2015-09-18,28.940000534057617,29.290000915527344,28.770000457763672,28.979999542236328,28.344898223876953,2200100
2015-09-21,29.110000610351562,29.229999542236328,28.889999389648438,28.989999771118164,28.354679107666016,1042800
2015-09-22,28.520000457763672,28.559999465942383,28.100000381469727,28.40999984741211,27.78738784790039,2684000
2015-09-23,28.3799991607666,28.540000915527344,27.600000381469727,27.68000030517578,27.073389053344727,2326900
2015-09-24,27.399999618530273,27.510000228881836,26.850000381469727,27.190000534057617,26.594125747680664,2240700
2015-09-25,27.270000457763672,27.530000686645508,26.920000076293945,27.010000228881836,26.41806983947754,2129300
2015-09-28,26.90999984741211,26.920000076293945,25.950000762939453,26.0,25.430206298828125,1814800
2015-09-29,26.040000915527344,26.290000915527344,25.56999969482422,25.709999084472656,25.146560668945312,4290100
2015-09-30,25.850000381469727,26.110000610351562,25.770000457763672,26.020000457763672,25.44976806640625,4132200
2015-10-01,26.149999618530273,26.229999542236328,25.639999389648438,25.81999969482422,25.254148483276367,3107100
2015-10-02,25.520000457763672,26.06999969482422,25.440000534057617,26.049999237060547,25.479106903076172,3054200
2015-10-05,26.479999542236328,26.6299991607666,26.25,26.309999465942383,25.733409881591797,3709500
2015-10-06,26.329999923706055,26.579999923706055,26.200000762939453,26.510000228881836,25.92902946472168,1651400
2015-10-07,26.68000030517578,27.399999618530273,26.68000030517578,26.940000534057617,26.3496036529541,3637800
2015-10-08,26.989999771118164,27.149999618530273,26.760000228881836,27.110000610351562,26.515878677368164,2699600
2015-10-09,27.139999389648438,27.290000915527344,27.0,27.15999984741211,26.564783096313477,1896100
2015-10-12,27.100000381469727,27.229999542236328,26.719999313354492,26.790000915527344,26.202892303466797,1835900
2015-10-13,26.5,26.68000030517578,26.389999389648438,26.559999465942383,25.97793197631836,3053000
2015-10-14,26.579999923706055,26.760000228881836,26.440000534057617,26.489999771118164,25.909465789794922,2457900
2015-10-15,26.700000762939453,26.989999771118164,26.469999313354492,26.920000076293945,26.33004379272461,1538900
2015-10-16,26.969999313354492,27.049999237060547,26.739999771118164,26.93000030517578,26.33982276916504,1680900
2015-10-19,26.799999237060547,26.829999923706055,26.450000762939453,26.790000915527344,26.202892303466797,1317800
2015-10-20,26.75,26.959999084472656,26.479999542236328,26.940000534057617,26.3496036529541,2286300
2015-10-21,26.81999969482422,27.020000457763672,26.200000762939453,26.350000381469727,25.77253532409668,3616900
2015-10-22,26.559999465942383,27.079999923706055,26.459999084472656,26.81999969482422,26.23223304748535,1575400
2015-10-23,27.540000915527344,28.520000457763672,26.959999084472656,28.3700008392334,27.748266220092773,4199300
2015-10-26,28.5,28.5,27.84000015258789,27.979999542236328,27.366811752319336,4452000
2015-10-27,27.940000534057617,28.260000228881836,27.8700008392334,28.15999984741211,27.542869567871094,2903000
2015-10-28,28.200000762939453,29.329999923706055,28.030000686645508,29.09000015258789,28.452486038208008,5139100
2015-10-29,28.93000030517578,29.3799991607666,28.93000030517578,29.270000457763672,28.628541946411133,2264700
2015-10-30,29.299999237060547,29.420000076293945,28.90999984741211,29.139999389648438,28.50139045715332,2709700
2015-11-02,29.170000076293945,29.729999542236328,29.139999389648438,29.68000030517578,29.029558181762695,1939300
2015-11-03,29.549999237060547,30.360000610351562,29.549999237060547,30.06999969482422,29.4110107421875,2894300
2015-11-04,30.049999237060547,30.200000762939453,29.40999984741211,29.690000534057617,29.03934097290039,2322900
2015-11-05,29.670000076293945,29.889999389648438,29.280000686645508,29.290000915527344,28.648103713989258,2156000
2015-11-06,29.110000610351562,29.18000030517578,28.760000228881836,29.06999969482422,28.432924270629883,1957900
2015-11-09,28.989999771118164,29.06999969482422,28.399999618530273,28.700000762939453,28.071035385131836,1535100
2015-11-10,28.540000915527344,28.989999771118164,28.459999084472656,28.739999771118164,28.110158920288086,1755900
2015-11-11,28.860000610351562,29.100000381469727,28.600000381469727,28.90999984741211,28.276432037353516,1875900
2015-11-12,28.729999542236328,28.790000915527344,28.329999923706055,28.360000610351562,27.73848533630371,1503300
2015-11-13,28.25,28.3799991607666,27.809999465942383,27.8799991607666,27.26900291442871,1135800
2015-11-16,27.850000381469727,28.399999618530273,27.709999084472656,28.350000381469727,27.72870635986328,1381400
2015-11-17,28.3799991607666,28.489999771118164,28.059999465942383,28.280000686645508,27.66023826599121,1390800
2015-11-18,28.299999237060547,29.010000228881836,28.170000076293945,28.940000534057617,28.305774688720703,2802500
2015-11-19,29.010000228881836,29.31999969482422,28.8700008392334,28.969999313354492,28.33511734008789,2497100
2015-11-20,29.110000610351562,29.389999389648438,28.989999771118164,29.059999465942383,28.42314338684082,2215900
2015-11-23,29.020000457763672,29.3799991607666,29.020000457763672,29.299999237060547,28.65788459777832,2614600
2015-11-24,29.139999389648438,29.299999237060547,29.010000228881836,29.18000030517578,28.540515899658203,2272000
2015-11-25,29.15999984741211,29.209999084472656,28.81999969482422,28.959999084472656,28.325336456298828,1277600
2015-11-27,28.969999313354492,29.06999969482422,28.700000762939453,28.940000534057617,28.305774688720703,2431200
2015-11-30,28.959999084472656,28.959999084472656,28.09000015258789,28.200000762939453,27.58199119567871,3998600
2015-12-01,28.290000915527344,29.1200008392334,28.200000762939453,29.1200008392334,28.481830596923828,3028400
2015-12-02,29.1200008392334,29.56999969482422,29.0,29.100000381469727,28.46226692199707,3844700
2015-12-03,29.09000015258789,29.15999984741211,28.219999313354492,28.530000686645508,27.904762268066406,2969500
2015-12-04,28.56999969482422,29.0,28.469999313354492,28.860000610351562,28.227529525756836,3795400
2015-12-07,28.670000076293945,28.790000915527344,28.399999618530273,28.700000762939453,28.071035385131836,2492900
2015-12-08,28.200000762939453,28.360000610351562,27.81999969482422,27.989999771118164,27.3765926361084,3139200
2015-12-09,28.049999237060547,28.43000030517578,27.93000030517578,28.110000610351562,27.49396514892578,2265800
2015-12-10,28.110000610351562,28.299999237060547,27.81999969482422,28.0,27.38637351989746,2294700
2015-12-11,27.68000030517578,27.799999237060547,26.969999313354492,27.110000610351562,26.515878677368164,3843300
2015-12-14,27.09000015258789,27.09000015258789,26.40999984741211,26.690000534057617,26.105083465576172,2568700
2015-12-15,27.09000015258789,27.719999313354492,27.010000228881836,27.56999969482422,26.965797424316406,2441100
2015-12-16,27.84000015258789,28.260000228881836,27.510000228881836,28.200000762939453,27.58199119567871,2003000
2015-12-17,28.110000610351562,28.290000915527344,27.579999923706055,27.969999313354492,27.357032775878906,2405500
2015-12-18,27.719999313354492,28.15999984741211,27.670000076293945,27.780000686645508,27.17119598388672,3963300
2015-12-21,27.790000915527344,27.950000762939453,27.530000686645508,27.670000076293945,27.063608169555664,2397800
2015-12-22,27.8799991607666,28.260000228881836,27.770000457763672,28.020000457763672,27.40593719482422,2396600
2015-12-23,28.149999618530273,28.239999771118164,27.860000610351562,28.0,27.38637351989746,895700
2015-12-24,28.0,28.1299991607666,27.8799991607666,27.989999771118164,27.3765926361084,910100
2015-12-28,27.940000534057617,28.049999237060547,27.559999465942383,27.920000076293945,27.308128356933594,2270800
2015-12-29,28.139999389648438,28.219999313354492,27.969999313354492,28.06999969482422,27.4548397064209,1220100
2015-12-30,28.0,28.040000915527344,27.540000915527344,27.59000015258789,26.98535919189453,1094200
2015-12-31,27.469999313354492,27.649999618530273,27.1299991607666,27.209999084472656,26.61368751525879,1309600
2016-01-04,26.31999969482422,26.81999969482422,26.31999969482422,26.770000457763672,26.183330535888672,2192100
2016-01-05,26.780000686645508,26.8700008392334,26.239999771118164,26.559999465942383,25.97793197631836,1394700
2016-01-06,26.110000610351562,26.239999771118164,25.559999465942383,25.860000610351562,25.29327392578125,3212100
2016-01-07,25.3799991607666,25.90999984741211,25.239999771118164,25.399999618530273,24.843353271484375,2732800
2016-01-08,25.639999389648438,25.920000076293945,25.299999237060547,25.6200008392334,25.05853271484375,2253400
2016-01-11,25.739999771118164,26.010000228881836,25.459999084472656,25.959999084472656,25.391080856323242,1459900
2016-01-12,26.260000228881836,27.1200008392334,26.15999984741211,27.049999237060547,26.45719337463379,2561900
2016-01-13,27.18000030517578,27.329999923706055,26.65999984741211,26.920000076293945,26.33004379272461,2032200
2016-01-14,26.989999771118164,27.3799991607666,26.65999984741211,27.280000686645508,26.682153701782227,1387100
2016-01-15,26.520000457763672,26.68000030517578,25.889999389648438,26.030000686645508,25.459548950195312,1343900
2016-01-19,26.260000228881836,26.579999923706055,25.56999969482422,25.8799991607666,25.312833786010742,1614000
2016-01-20,25.1299991607666,25.5,24.670000076293945,25.229999542236328,24.677080154418945,2807600
2016-01-21,25.190000534057617,25.93000030517578,24.899999618530273,25.559999465942383,24.999849319458008,1190800
2016-01-22,25.959999084472656,26.540000915527344,25.940000534057617,26.5,25.919246673583984,1061700
2016-01-25,26.350000381469727,26.489999771118164,25.8799991607666,25.899999618530273,25.3323974609375,579300
2016-01-26,26.06999969482422,26.479999542236328,25.93000030517578,26.479999542236328,25.89968490600586,762400
2016-01-27,26.260000228881836,26.729999542236328,25.809999465942383,26.0,25.430206298828125,1753900
2016-01-28,26.3799991607666,26.3799991607666,25.440000534057617,25.690000534057617,25.126998901367188,1418700
2016-01-29,26.020000457763672,26.510000228881836,25.68000030517578,26.479999542236328,25.89968490600586,2144000
2016-02-01,26.34000015258789,27.209999084472656,26.010000228881836,27.190000534057617,26.594125747680664,1327200
2016-02-02,26.809999465942383,26.809999465942383,26.06999969482422,26.260000228881836,25.684507369995117,3021700
2016-02-03,26.43000030517578,26.510000228881836,25.549999237060547,26.309999465942383,25.733409881591797,1948400
2016-02-04,26.530000686645508,26.75,26.0,26.09000015258789,25.518230438232422,1763400
2016-02-05,25.969999313354492,26.040000915527344,24.59000015258789,24.68000030517578,24.13913345336914,2928000
2016-02-08,24.209999084472656,24.31999969482422,23.850000381469727,24.100000381469727,23.57184410095215,2330100
2016-02-09,23.81999969482422,23.920000076293945,23.290000915527344,23.510000228881836,22.994773864746094,2364100
2016-02-10,23.540000915527344,24.09000015258789,23.3799991607666,23.68000030517578,23.161046981811523,1963400
2016-02-11,23.329999923706055,23.68000030517578,23.25,23.600000381469727,23.082801818847656,2222100
2016-02-12,23.690000534057617,23.860000610351562,23.31999969482422,23.59000015258789,23.073020935058594,1749600
2016-02-16,24.139999389648438,24.360000610351562,23.690000534057617,24.15999984741211,23.630529403686523,1489400
2016-02-17,24.479999542236328,25.549999237060547,24.3799991607666,25.149999618530273,24.598834991455078,1747000
2016-02-18,25.329999923706055,25.329999923706055,24.709999084472656,24.84000015258789,24.295625686645508,1153000
2016-02-19,24.850000381469727,24.850000381469727,24.350000381469727,24.700000762939453,24.158695220947266,1020100
2016-02-22,24.889999389648438,25.389999389648438,24.889999389648438,25.270000457763672,24.716205596923828,544000
2016-02-23,25.149999618530273,25.18000030517578,24.549999237060547,24.760000228881836,24.21738052368164,679500
2016-02-24,24.450000762939453,25.31999969482422,24.110000610351562,25.270000457763672,24.716205596923828,1016500
2016-02-25,25.290000915527344,25.530000686645508,24.959999084472656,25.530000686645508,24.97050666809082,1456500
2016-02-26,25.559999465942383,25.600000381469727,24.950000762939453,25.510000228881836,24.950942993164062,1760300
2016-02-29,25.59000015258789,25.979999542236328,25.219999313354492,25.700000762939453,25.13677978515625,1594000
2016-03-01,25.969999313354492,26.6299991607666,25.770000457763672,26.559999465942383,25.97793197631836,2435900
2016-03-02,26.56999969482422,26.989999771118164,26.329999923706055,26.84000015258789,26.25179672241211,1841500
2016-03-03,26.84000015258789,27.06999969482422,26.469999313354492,26.579999923706055,25.997495651245117,1198400
2016-03-04,26.6200008392334,27.950000762939453,26.610000610351562,27.829999923706055,27.22010040283203,3133100
2016-03-07,27.68000030517578,28.450000762939453,27.559999465942383,28.270000457763672,27.65045738220215,1634400
2016-03-08,28.020000457763672,28.049999237060547,27.18000030517578,27.25,26.65281105041504,1054400
2016-03-09,27.520000457763672,27.549999237060547,26.790000915527344,26.920000076293945,26.33004379272461,1626100
2016-03-10,27.049999237060547,27.06999969482422,26.40999984741211,26.799999237060547,26.21267318725586,1466400
2016-03-11,27.139999389648438,27.350000381469727,26.84000015258789,27.100000381469727,26.506099700927734,1270400
2016-03-14,27.020000457763672,27.270000457763672,26.799999237060547,27.040000915527344,26.44741439819336,850300
2016-03-15,26.690000534057617,26.860000610351562,26.3799991607666,26.459999084472656,25.880125045776367,1642900
2016-03-16,26.3700008392334,26.799999237060547,26.3700008392334,26.75,26.163768768310547,1572500
2016-03-17,26.739999771118164,28.489999771118164,26.729999542236328,28.280000686645508,27.66023826599121,2390700
2016-03-18,28.40999984741211,28.649999618530273,28.079999923706055,28.229999542236328,27.6113338470459,1948000
2016-03-21,28.079999923706055,28.299999237060547,27.829999923706055,27.889999389648438,27.278785705566406,498800
2016-03-22,27.81999969482422,27.989999771118164,27.520000457763672,27.6200008392334,27.01470375061035,1426100
2016-03-23,27.56999969482422,27.93000030517578,27.34000015258789,27.860000610351562,27.24944305419922,2191000
2016-03-24,27.600000381469727,27.729999542236328,27.40999984741211,27.68000030517578,27.073389053344727,914100
2016-03-28,27.739999771118164,27.84000015258789,27.5,27.579999923706055,26.9755802154541,693200
2016-03-29,27.5,28.209999084472656,27.3799991607666,28.149999618530273,27.5330867767334,1458800
2016-03-30,28.1200008392334,28.690000534057617,27.940000534057617,28.09000015258789,27.474403381347656,1879100
2016-03-31,27.829999923706055,27.8799991607666,27.290000915527344,27.459999084472656,26.85820960998535,1895500
2016-04-01,27.200000762939453,27.56999969482422,27.1299991607666,27.479999542236328,26.877771377563477,1516200
2016-04-04,27.489999771118164,27.639999389648438,27.270000457763672,27.469999313354492,26.867990493774414,1421300
2016-04-05,27.260000228881836,27.309999465942383,26.329999923706055,26.610000610351562,26.026838302612305,1344500
2016-04-06,26.579999923706055,26.760000228881836,26.270000457763672,26.549999237060547,25.968151092529297,1893200
2016-04-07,26.299999237060547,26.469999313354492,25.8799991607666,25.989999771118164,25.42042350769043,2457000
2016-04-08,26.170000076293945,26.309999465942383,25.5,25.610000610351562,25.048751831054688,1529400
2016-04-11,25.84000015258789,26.280000686645508,25.540000915527344,25.959999084472656,25.391080856323242,2440900
2016-04-12,26.170000076293945,26.239999771118164,25.940000534057617,26.219999313354492,25.6453857421875,1139600
2016-04-13,26.309999465942383,26.6299991607666,26.229999542236328,26.389999389648438,25.81165885925293,1082600
2016-04-14,26.59000015258789,26.59000015258789,26.299999237060547,26.3799991607666,25.801876068115234,945600
2016-04-15,26.260000228881836,26.5,26.1299991607666,26.200000762939453,25.625823974609375,873900
2016-04-18,26.149999618530273,26.229999542236328,25.8700008392334,25.940000534057617,25.371519088745117,732300
2016-04-19,26.139999389648438,26.43000030517578,26.030000686645508,26.299999237060547,25.723630905151367,1378400
2016-04-20,26.18000030517578,26.5,25.969999313354492,26.420000076293945,25.841001510620117,1587700
2016-04-21,26.510000228881836,26.59000015258789,26.299999237060547,26.459999084472656,25.880125045776367,1204100
2016-04-22,26.389999389648438,27.190000534057617,26.360000610351562,27.079999923706055,26.486536026000977,1596500
2016-04-25,27.040000915527344,27.06999969482422,26.559999465942383,26.6299991607666,26.04640007019043,1670200
2016-04-26,26.780000686645508,26.889999389648438,26.469999313354492,26.829999923706055,26.242015838623047,1393300
2016-04-27,26.850000381469727,27.059999465942383,26.709999084472656,27.030000686645508,26.437633514404297,1083800
2016-04-28,26.8799991607666,27.15999984741211,26.770000457763672,26.81999969482422,26.23223304748535,1335600
2016-04-29,27.59000015258789,29.34000015258789,27.540000915527344,29.229999542236328,28.589420318603516,4142300
2016-05-02,29.100000381469727,29.170000076293945,28.389999389648438,28.579999923706055,27.953664779663086,2524700
2016-05-03,28.290000915527344,28.6200008392334,28.18000030517578,28.280000686645508,27.66023826599121,1743100
2016-05-04,28.040000915527344,28.09000015258789,27.229999542236328,27.520000457763672,26.916894912719727,1476500
2016-05-05,27.56999969482422,27.899999618530273,27.469999313354492,27.799999237060547,27.190757751464844,2095700
2016-05-06,27.0,27.709999084472656,26.989999771118164,27.600000381469727,26.995141983032227,2451700
2016-05-09,27.299999237060547,27.31999969482422,26.200000762939453,26.600000381469727,26.01705551147461,3198400
2016-05-10,26.719999313354492,27.0,26.6299991607666,26.979999542236328,26.38872718811035,2090300
2016-05-11,26.799999237060547,27.0,26.68000030517578,26.860000610351562,26.271358489990234,1537500
2016-05-12,26.860000610351562,26.899999618530273,26.229999542236328,26.5,25.919246673583984,1549700
2016-05-13,26.290000915527344,26.6299991607666,26.239999771118164,26.329999923706055,25.752973556518555,1937300
2016-05-16,26.31999969482422,26.780000686645508,26.31999969482422,26.670000076293945,26.085521697998047,1719100
2016-05-17,26.399999618530273,26.68000030517578,26.219999313354492,26.350000381469727,25.77253532409668,1391400
2016-05-18,26.260000228881836,26.31999969482422,25.639999389648438,25.719999313354492,25.156339645385742,2974500
2016-05-19,25.6200008392334,25.65999984741211,25.350000381469727,25.6299991607666,25.06831169128418,1331600
2016-05-20,25.809999465942383,26.559999465942383,25.799999237060547,26.520000457763672,25.938810348510742,1610000
2016-05-23,26.31999969482422,26.899999618530273,26.31999969482422,26.59000015258789,26.00727653503418,2031200
2016-05-24,26.670000076293945,26.920000076293945,26.3700008392334,26.899999618530273,26.31048011779785,2085400
2016-05-25,27.030000686645508,27.25,26.889999389648438,27.09000015258789,26.496318817138672,1885300
2016-05-26,27.139999389648438,27.709999084472656,26.959999084472656,27.149999618530273,26.648452758789062,1356000
2016-05-27,27.1299991607666,27.360000610351562,27.0,27.239999771118164,26.736791610717773,643600
2016-05-31,27.200000762939453,27.280000686645508,26.600000381469727,26.739999771118164,26.246028900146484,1138600
2016-06-01,26.479999542236328,27.030000686645508,26.440000534057617,26.959999084472656,26.461963653564453,1182100
2016-06-02,26.739999771118164,27.190000534057617,26.649999618530273,26.709999084472656,26.216581344604492,1032500
2016-06-03,26.93000030517578,26.93000030517578,26.34000015258789,26.489999771118164,26.000646591186523,846300
2016-06-06,26.65999984741211,26.65999984741211,25.799999237060547,25.8799991607666,25.401914596557617,2345600
2016-06-07,26.030000686645508,26.389999389648438,25.950000762939453,26.200000762939453,25.716005325317383,979000
2016-06-08,26.520000457763672,26.540000915527344,26.18000030517578,26.399999618530273,25.912309646606445,2543300
2016-06-09,26.219999313354492,26.329999923706055,25.760000228881836,25.940000534057617,25.460805892944336,3130200
2016-06-10,25.670000076293945,25.690000534057617,24.719999313354492,25.09000015258789,24.626510620117188,3371000
2016-06-13,24.700000762939453,25.219999313354492,24.700000762939453,24.93000030517578,24.469465255737305,1343700
2016-06-14,24.81999969482422,24.8700008392334,24.31999969482422,24.389999389648438,23.93943977355957,1506600
2016-06-15,24.43000030517578,24.6200008392334,24.260000228881836,24.469999313354492,24.017963409423828,2982300
2016-06-16,24.25,24.770000457763672,23.920000076293945,24.75,24.292789459228516,2125200
2016-06-17,24.709999084472656,25.170000076293945,24.690000534057617,25.09000015258789,24.626510620117188,1811700
2016-06-20,25.440000534057617,26.209999084472656,25.420000076293945,25.899999618530273,25.421546936035156,2366800
2016-06-21,26.0,26.049999237060547,25.729999542236328,25.799999237060547,25.32339096069336,1373700
2016-06-22,25.959999084472656,26.209999084472656,25.610000610351562,26.1299991607666,25.647294998168945,1426900
2016-06-23,26.549999237060547,26.6299991607666,26.309999465942383,26.579999923706055,26.088985443115234,2499700
2016-06-24,24.799999237060547,25.329999923706055,24.520000457763672,25.100000381469727,24.63632583618164,3251100
2016-06-27,24.959999084472656,24.959999084472656,23.760000228881836,23.90999984741211,23.46830940246582,6721900
2016-06-28,24.389999389648438,24.700000762939453,24.299999237060547,24.56999969482422,24.11611557006836,2471100
2016-06-29,24.950000762939453,25.420000076293945,24.829999923706055,25.309999465942383,24.842445373535156,1873600
2016-06-30,25.399999618530273,26.139999389648438,25.389999389648438,26.040000915527344,25.5589599609375,1966200
2016-07-01,26.059999465942383,26.479999542236328,25.899999618530273,26.440000534057617,25.95157241821289,1077900
2016-07-05,25.81999969482422,26.290000915527344,25.75,25.920000076293945,25.44117546081543,3863100
2016-07-06,25.6299991607666,25.8700008392334,24.979999542236328,25.059999465942383,24.597063064575195,3634100
2016-07-07,25.059999465942383,25.610000610351562,24.479999542236328,24.700000762939453,24.24371337890625,2100900
2016-07-08,24.940000534057617,25.81999969482422,24.899999618530273,25.719999313354492,25.244869232177734,5487200
2016-07-11,26.1299991607666,26.34000015258789,25.68000030517578,26.030000686645508,25.549144744873047,1799100
2016-07-12,26.3799991607666,26.690000534057617,26.350000381469727,26.65999984741211,26.16750717163086,2022200
2016-07-13,26.649999618530273,26.84000015258789,26.520000457763672,26.639999389648438,26.14787483215332,2097400
2016-07-14,26.780000686645508,27.059999465942383,26.739999771118164,26.93000030517578,26.432518005371094,1635900
2016-07-15,26.770000457763672,26.959999084472656,26.700000762939453,26.799999237060547,26.304920196533203,1883400
2016-07-18,26.790000915527344,27.020000457763672,26.59000015258789,27.0,26.501224517822266,2689000
2016-07-19,26.809999465942383,27.1200008392334,26.729999542236328,27.100000381469727,26.59937858581543,2406700
2016-07-20,27.219999313354492,27.25,26.90999984741211,27.239999771118164,26.736791610717773,2398500
2016-07-21,27.229999542236328,27.34000015258789,26.670000076293945,26.690000534057617,26.19695281982422,3481000
2016-07-22,26.700000762939453,27.209999084472656,26.700000762939453,27.110000610351562,26.60919189453125,8903600
2016-07-25,27.06999969482422,27.09000015258789,26.1200008392334,26.309999465942383,25.823970794677734,2561300
2016-07-26,26.520000457763672,26.639999389648438,26.239999771118164,26.5,26.010461807250977,1660000
2016-07-27,26.65999984741211,26.729999542236328,26.06999969482422,26.3799991607666,25.892677307128906,3129500
2016-07-28,26.299999237060547,26.43000030517578,25.84000015258789,26.200000762939453,25.716005325317383,2664000
2016-07-29,26.229999542236328,26.670000076293945,25.989999771118164,26.56999969482422,26.07916831970215,2113000
2016-08-01,26.43000030517578,26.68000030517578,26.149999618530273,26.229999542236328,25.74544906616211,2171100
2016-08-02,26.229999542236328,26.3799991607666,25.8700008392334,26.15999984741211,25.676742553710938,1889400
2016-08-03,25.770000457763672,26.3799991607666,25.770000457763672,26.15999984741211,25.676742553710938,964800
2016-08-04,26.200000762939453,26.43000030517578,26.020000457763672,26.40999984741211,25.92212677001953,2730600
2016-08-05,26.459999084472656,26.549999237060547,26.280000686645508,26.450000762939453,25.96138572692871,3289500
2016-08-08,26.5,26.530000686645508,26.079999923706055,26.299999237060547,25.814157485961914,1841400
2016-08-09,26.450000762939453,26.450000762939453,26.190000534057617,26.299999237060547,25.814157485961914,2988400
2016-08-10,26.270000457763672,26.639999389648438,26.239999771118164,26.420000076293945,25.93194007873535,2297300
2016-08-11,26.59000015258789,27.209999084472656,26.530000686645508,27.1299991607666,26.628822326660156,1790600
2016-08-12,27.139999389648438,27.360000610351562,27.09000015258789,27.299999237060547,26.79568099975586,2194500
2016-08-15,27.479999542236328,27.889999389648438,27.479999542236328,27.739999771118164,27.227554321289062,1376400
2016-08-16,27.739999771118164,27.770000457763672,27.3700008392334,27.43000030517578,26.92328453063965,734300
2016-08-17,27.229999542236328,27.360000610351562,26.989999771118164,27.190000534057617,26.687715530395508,1764200
2016-08-18,27.280000686645508,27.280000686645508,26.979999542236328,27.229999542236328,26.726974487304688,1295000
2016-08-19,27.09000015258789,27.729999542236328,27.079999923706055,27.579999923706055,27.070512771606445,2726900
2016-08-22,27.450000762939453,27.700000762939453,27.299999237060547,27.6299991607666,27.119586944580078,2229500
2016-08-23,27.59000015258789,27.829999923706055,27.299999237060547,27.299999237060547,26.79568099975586,3279800
2016-08-24,27.350000381469727,27.6299991607666,27.209999084472656,27.489999771118164,26.982173919677734,1797000
2016-08-25,27.3700008392334,27.760000228881836,27.3700008392334,27.75,27.23737144470215,1505700
2016-08-26,27.690000534057617,27.8799991607666,27.18000030517578,27.40999984741211,26.90365219116211,2961000
2016-08-29,27.440000534057617,27.729999542236328,27.31999969482422,27.5,26.99199104309082,2088400
2016-08-30,27.510000228881836,27.579999923706055,27.170000076293945,27.420000076293945,26.913467407226562,2190400
2016-08-31,27.25,27.420000076293945,27.1200008392334,27.329999923706055,26.825130462646484,1489300
2016-09-01,27.219999313354492,27.3799991607666,26.8799991607666,27.18000030517578,26.677900314331055,1531700
2016-09-02,27.139999389648438,27.790000915527344,27.139999389648438,27.670000076293945,27.158849716186523,1149200
2016-09-06,27.81999969482422,27.81999969482422,26.920000076293945,27.239999771118164,26.736791610717773,4416800
2016-09-07,27.239999771118164,27.299999237060547,27.1200008392334,27.209999084472656,26.707345962524414,3010400
2016-09-08,27.15999984741211,27.299999237060547,26.690000534057617,26.809999465942383,26.314735412597656,2253600
2016-09-09,26.530000686645508,26.610000610351562,25.329999923706055,25.34000015258789,24.871891021728516,4667200
2016-09-12,25.010000228881836,25.559999465942383,24.81999969482422,25.389999389648438,24.92096710205078,4963700
2016-09-13,25.0,25.15999984741211,24.68000030517578,24.899999618530273,24.440017700195312,3378400
2016-09-14,24.850000381469727,25.020000457763672,24.670000076293945,24.770000457763672,24.312419891357422,4109800
2016-09-15,24.860000610351562,24.989999771118164,24.459999084472656,24.56999969482422,24.11611557006836,5524000
2016-09-16,24.559999465942383,24.760000228881836,24.329999923706055,24.40999984741211,23.959070205688477,2914300
2016-09-19,24.530000686645508,24.56999969482422,24.100000381469727,24.40999984741211,23.959070205688477,2472400
2016-09-20,24.530000686645508,24.579999923706055,24.309999465942383,24.3799991607666,23.929624557495117,2148600
2016-09-21,24.520000457763672,24.809999465942383,24.31999969482422,24.770000457763672,24.312419891357422,2053400
2016-09-22,25.239999771118164,25.790000915527344,25.209999084472656,25.770000457763672,25.293947219848633,3447500
2016-09-23,25.600000381469727,25.799999237060547,25.43000030517578,25.709999084472656,25.235055923461914,2830800
2016-09-26,25.489999771118164,25.579999923706055,25.229999542236328,25.34000015258789,24.871891021728516,2069500
2016-09-27,26.079999923706055,26.489999771118164,25.450000762939453,25.790000915527344,25.313579559326172,1991100
2016-09-28,25.639999389648438,26.34000015258789,25.639999389648438,26.309999465942383,25.823970794677734,1625900
2016-09-29,26.290000915527344,26.489999771118164,25.65999984741211,25.729999542236328,25.25468635559082,1564800
2016-09-30,25.959999084472656,26.079999923706055,25.59000015258789,25.690000534057617,25.215425491333008,1240000
2016-10-03,25.719999313354492,26.219999313354492,25.649999618530273,26.170000076293945,25.686559677124023,1957400
2016-10-04,26.139999389648438,26.450000762939453,25.940000534057617,25.969999313354492,25.490251541137695,2307500
2016-10-05,26.139999389648438,26.34000015258789,25.959999084472656,26.219999313354492,25.73563575744629,1155800
2016-10-06,26.020000457763672,26.110000610351562,25.770000457763672,25.799999237060547,25.32339096069336,1320400
2016-10-07,25.8700008392334,25.899999618530273,25.440000534057617,25.889999389648438,25.41172981262207,1248100
2016-10-10,26.1200008392334,26.8799991607666,25.950000762939453,26.639999389648438,26.14787483215332,1657400
2016-10-11,26.459999084472656,26.459999084472656,26.059999465942383,26.139999389648438,25.6571102142334,2020600
2016-10-12,26.059999465942383,26.15999984741211,25.739999771118164,25.84000015258789,25.362653732299805,3321400
2016-10-13,25.559999465942383,25.579999923706055,25.190000534057617,25.31999969482422,24.85226058959961,2246500
2016-10-14,25.579999923706055,25.6200008392334,25.049999237060547,25.329999923706055,24.862075805664062,1725700
2016-10-17,25.3700008392334,25.600000381469727,25.229999542236328,25.440000534057617,24.97004508972168,2029000
2016-10-18,25.979999542236328,26.110000610351562,25.790000915527344,25.90999984741211,25.431360244750977,1550600
2016-10-19,25.950000762939453,26.420000076293945,25.780000686645508,26.290000915527344,25.804344177246094,2085200
2016-10-20,26.100000381469727,26.469999313354492,25.989999771118164,26.020000457763672,25.539329528808594,1896700
2016-10-21,25.850000381469727,26.329999923706055,25.790000915527344,26.049999237060547,25.56877326965332,1981200
2016-10-24,26.209999084472656,26.3700008392334,25.649999618530273,25.649999618530273,25.176162719726562,1566100
2016-10-25,25.780000686645508,26.0,25.6299991607666,25.729999542236328,25.25468635559082,1411500
2016-10-26,25.65999984741211,25.670000076293945,25.09000015258789,25.389999389648438,24.92096710205078,1345800
2016-10-27,25.56999969482422,25.56999969482422,25.190000534057617,25.290000915527344,24.82281494140625,1634300
2016-10-28,25.209999084472656,25.260000228881836,23.799999237060547,24.600000381469727,24.14556121826172,3867300
2016-10-31,24.700000762939453,24.760000228881836,24.43000030517578,24.530000686645508,24.076854705810547,1515400
2016-11-01,24.690000534057617,24.690000534057617,24.290000915527344,24.329999923706055,23.88054847717285,3596200
2016-11-02,24.31999969482422,24.459999084472656,23.950000762939453,24.020000457763672,23.576276779174805,1911600
2016-11-03,24.170000076293945,24.450000762939453,24.059999465942383,24.170000076293945,23.7235050201416,2993100
2016-11-04,24.229999542236328,24.459999084472656,23.729999542236328,24.229999542236328,23.78239631652832,2680000
2016-11-07,25.0,25.540000915527344,24.850000381469727,25.510000228881836,25.03874969482422,2851800
2016-11-08,25.5,25.729999542236328,25.3700008392334,25.5,25.028934478759766,3668400
2016-11-09,23.920000076293945,23.989999771118164,22.579999923706055,23.489999771118164,23.05606460571289,6239200
2016-11-10,22.6299991607666,23.030000686645508,22.280000686645508,22.510000228881836,22.09416961669922,4755900
2016-11-11,22.190000534057617,22.459999084472656,21.780000686645508,22.360000610351562,21.946941375732422,3174400
2016-11-14,22.3700008392334,22.829999923706055,22.229999542236328,22.700000762939453,22.280662536621094,2742600
2016-11-15,22.93000030517578,23.170000076293945,22.68000030517578,22.709999084472656,22.290475845336914,2814200
2016-11-16,22.639999389648438,22.780000686645508,22.579999923706055,22.709999084472656,22.290475845336914,4151000
2016-11-17,22.75,22.899999618530273,22.139999389648438,22.190000534057617,21.78008270263672,2665900
2016-11-18,22.190000534057617,22.190000534057617,21.239999771118164,21.290000915527344,20.89670753479004,5121800
2016-11-21,21.489999771118164,21.59000015258789,21.1200008392334,21.350000381469727,20.955598831176758,2436700
2016-11-22,21.549999237060547,21.549999237060547,20.670000076293945,20.68000030517578,20.297975540161133,5667400
2016-11-23,20.65999984741211,20.68000030517578,19.979999542236328,20.3700008392334,19.99370574951172,7485400
2016-11-25,20.299999237060547,20.610000610351562,20.299999237060547,20.56999969482422,20.19000816345215,1578800
2016-11-28,20.40999984741211,20.809999465942383,20.270000457763672,20.6299991607666,20.248897552490234,2708000
2016-11-29,20.549999237060547,21.030000686645508,20.530000686645508,20.940000534057617,20.553173065185547,5035100
2016-11-30,20.920000076293945,21.040000915527344,20.549999237060547,20.770000457763672,20.386314392089844,5384100
2016-12-01,20.709999084472656,20.75,20.139999389648438,20.25,19.875919342041016,4410000
2016-12-02,20.239999771118164,20.520000457763672,19.899999618530273,20.0,19.630537033081055,4391500
2016-12-05,20.010000228881836,20.18000030517578,19.8799991607666,19.889999389648438,19.52256965637207,3308100
2016-12-06,20.110000610351562,20.459999084472656,19.860000610351562,20.31999969482422,19.944625854492188,4480400
2016-12-07,20.450000762939453,20.799999237060547,20.18000030517578,20.700000762939453,20.317607879638672,3622800
2016-12-08,20.65999984741211,20.770000457763672,20.459999084472656,20.649999618530273,20.268529891967773,2242800
2016-12-09,20.600000381469727,20.90999984741211,20.489999771118164,20.739999771118164,20.35686683654785,2346400
2016-12-12,20.760000228881836,20.809999465942383,20.59000015258789,20.700000762939453,20.317607879638672,1999900
2016-12-13,20.809999465942383,20.889999389648438,20.56999969482422,20.739999771118164,20.35686683654785,2395000
2016-12-14,20.739999771118164,20.809999465942383,20.329999923706055,20.43000030517578,20.052595138549805,2800500
2016-12-15,20.329999923706055,20.690000534057617,20.200000762939453,20.549999237060547,20.170377731323242,1940500
2016-12-16,20.559999465942383,20.690000534057617,20.18000030517578,20.239999771118164,19.86610221862793,1400700
2016-12-19,20.31999969482422,20.65999984741211,20.1299991607666,20.6299991607666,20.248897552490234,2699700
2016-12-20,20.489999771118164,21.040000915527344,20.489999771118164,20.90999984741211,20.523727416992188,3270900
2016-12-21,20.920000076293945,21.260000228881836,20.860000610351562,21.09000015258789,20.700401306152344,2788800
2016-12-22,20.850000381469727,21.049999237060547,20.6200008392334,20.8799991607666,20.494281768798828,3591900
2016-12-23,20.899999618530273,20.920000076293945,20.56999969482422,20.889999389648438,20.50409507751465,3427400
2016-12-27,20.829999923706055,21.1200008392334,20.809999465942383,21.100000381469727,20.71021842956543,1893500
2016-12-28,21.139999389648438,21.149999618530273,21.010000228881836,21.149999618530273,20.759292602539062,1856000
2016-12-29,21.1299991607666,21.260000228881836,21.059999465942383,21.1299991607666,20.739662170410156,1364000
2016-12-30,21.1299991607666,21.15999984741211,20.860000610351562,20.889999389648438,20.50409507751465,2754300
2017-01-03,20.969999313354492,21.469999313354492,20.969999313354492,21.469999313354492,21.073381423950195,3873200
2017-01-04,21.489999771118164,21.860000610351562,21.450000762939453,21.84000015258789,21.436546325683594,3103300
2017-01-05,21.93000030517578,22.079999923706055,21.3799991607666,21.579999923706055,21.181352615356445,3399500
2017-01-06,21.670000076293945,21.670000076293945,20.8700008392334,21.139999389648438,20.74947738647461,4401400
2017-01-09,21.15999984741211,21.15999984741211,20.860000610351562,20.989999771118164,20.602249145507812,5304100
2017-01-10,20.940000534057617,20.969999313354492,19.979999542236328,20.020000457763672,19.65016746520996,5545900
2017-01-11,20.030000686645508,20.190000534057617,19.829999923706055,19.940000534057617,19.571645736694336,6423200
2017-01-12,19.8700008392334,20.059999465942383,19.729999542236328,19.940000534057617,19.571645736694336,2342300
2017-01-13,19.950000762939453,20.020000457763672,19.899999618530273,19.950000762939453,19.58146095275879,1759300
2017-01-17,19.690000534057617,20.030000686645508,19.690000534057617,19.989999771118164,19.6207218170166,2377000
2017-01-18,19.969999313354492,20.34000015258789,19.889999389648438,20.1200008392334,19.748319625854492,4749500
2017-01-19,20.200000762939453,20.700000762939453,20.18000030517578,20.6299991607666,20.248897552490234,4741400
2017-01-20,20.739999771118164,20.899999618530273,20.440000534057617,20.8700008392334,20.484466552734375,3263800
2017-01-23,20.90999984741211,21.6299991607666,20.8700008392334,21.610000610351562,21.210798263549805,4002900
2017-01-24,21.989999771118164,22.309999465942383,21.940000534057617,22.219999313354492,21.809526443481445,5133800
2017-01-25,22.200000762939453,22.90999984741211,22.200000762939453,22.739999771118164,22.319921493530273,4111800
2017-01-26,22.6299991607666,23.229999542236328,22.479999542236328,23.049999237060547,22.62419319152832,9001000
2017-01-27,23.170000076293945,23.239999771118164,22.420000076293945,22.450000762939453,22.0352783203125,5758600
2017-01-30,22.420000076293945,22.68000030517578,22.31999969482422,22.510000228881836,22.09416961669922,3319500
2017-01-31,22.59000015258789,22.700000762939453,22.200000762939453,22.399999618530273,21.9862003326416,2259100
2017-02-01,22.579999923706055,22.6200008392334,21.90999984741211,22.15999984741211,21.750635147094727,2161200
2017-02-02,22.219999313354492,22.399999618530273,21.940000534057617,22.100000381469727,21.691743850708008,1400200
2017-02-03,22.219999313354492,22.31999969482422,22.049999237060547,22.149999618530273,21.740819931030273,1963200
2017-02-06,21.989999771118164,22.3799991607666,21.979999542236328,22.280000686645508,21.868417739868164,1035500
2017-02-07,22.15999984741211,22.520000457763672,22.06999969482422,22.510000228881836,22.09416961669922,1576800
2017-02-08,22.65999984741211,22.780000686645508,22.329999923706055,22.709999084472656,22.290475845336914,3005200
2017-02-09,22.770000457763672,23.040000915527344,22.43000030517578,22.8700008392334,22.447521209716797,3704500
2017-02-10,22.959999084472656,23.510000228881836,22.90999984741211,23.360000610351562,22.928468704223633,2154500
2017-02-13,23.489999771118164,23.489999771118164,23.049999237060547,23.229999542236328,22.80086898803711,942800
2017-02-14,23.219999313354492,23.219999313354492,22.670000076293945,22.829999923706055,22.40825843811035,1580000
2017-02-15,22.68000030517578,23.329999923706055,22.649999618530273,23.100000381469727,22.67327117919922,1361100
2017-02-16,23.059999465942383,23.399999618530273,22.989999771118164,23.020000457763672,22.594749450683594,1123100
2017-02-17,22.719999313354492,23.270000457763672,22.719999313354492,23.110000610351562,22.683088302612305,755700
2017-02-21,23.1299991607666,23.5,23.059999465942383,23.399999618530273,22.967729568481445,1351200
2017-02-22,23.829999923706055,23.829999923706055,23.1200008392334,23.31999969482422,22.889205932617188,1550800
2017-02-23,23.700000762939453,25.90999984741211,23.649999618530273,25.75,25.274316787719727,8566400
2017-02-24,25.649999618530273,26.440000534057617,25.459999084472656,26.440000534057617,25.95157241821289,5201500
2017-02-27,26.709999084472656,26.850000381469727,26.299999237060547,26.790000915527344,26.29510498046875,3060100
2017-02-28,26.389999389648438,26.549999237060547,25.440000534057617,25.510000228881836,25.03874969482422,6048400
2017-03-01,25.65999984741211,25.860000610351562,25.299999237060547,25.770000457763672,25.293947219848633,1714800
2017-03-02,25.610000610351562,25.639999389648438,25.34000015258789,25.56999969482422,25.09764289855957,842100
2017-03-03,25.799999237060547,26.209999084472656,25.489999771118164,25.84000015258789,25.362653732299805,1194100
2017-03-06,25.780000686645508,26.040000915527344,25.579999923706055,25.959999084472656,25.480436325073242,809200
2017-03-07,25.709999084472656,25.940000534057617,25.649999618530273,25.719999313354492,25.244869232177734,856500
2017-03-08,25.040000915527344,25.670000076293945,24.989999771118164,25.579999923706055,25.10745620727539,1740700
2017-03-09,25.510000228881836,25.93000030517578,25.309999465942383,25.59000015258789,25.117273330688477,1154400
2017-03-10,25.93000030517578,25.93000030517578,25.280000686645508,25.469999313354492,24.999488830566406,1672500
2017-03-13,25.790000915527344,26.100000381469727,25.5,25.540000915527344,25.06819725036621,1664700
2017-03-14,25.3799991607666,25.84000015258789,25.229999542236328,25.700000762939453,25.22524070739746,1393400
2017-03-15,25.959999084472656,26.209999084472656,25.6200008392334,26.139999389648438,25.6571102142334,961600
2017-03-16,26.239999771118164,26.65999984741211,25.850000381469727,26.520000457763672,26.030094146728516,1052900
2017-03-17,26.510000228881836,26.549999237060547,26.239999771118164,26.40999984741211,25.92212677001953,803200
2017-03-20,26.5,26.690000534057617,26.360000610351562,26.510000228881836,26.020278930664062,886800
2017-03-21,26.649999618530273,26.940000534057617,26.049999237060547,26.09000015258789,25.608034133911133,1182600
2017-03-22,26.149999618530273,26.149999618530273,25.6200008392334,25.90999984741211,25.431360244750977,1325900
2017-03-23,25.889999389648438,26.030000686645508,25.75,25.81999969482422,25.3430233001709,1684700
2017-03-24,25.899999618530273,26.100000381469727,25.799999237060547,26.0,25.519699096679688,1663400
2017-03-27,25.829999923706055,26.450000762939453,25.690000534057617,26.34000015258789,25.853418350219727,1270500
2017-03-28,26.3799991607666,26.450000762939453,26.06999969482422,26.100000381469727,25.61785125732422,892300
2017-03-29,26.139999389648438,26.260000228881836,25.799999237060547,26.020000457763672,25.539329528808594,1078600
2017-03-30,25.90999984741211,26.190000534057617,25.829999923706055,26.1299991607666,25.647294998168945,624900
2017-03-31,25.920000076293945,26.110000610351562,25.719999313354492,25.940000534057617,25.460805892944336,1502000
2017-04-03,25.889999389648438,26.020000457763672,25.329999923706055,25.440000534057617,24.97004508972168,1685500
2017-04-04,25.40999984741211,25.90999984741211,25.079999923706055,25.860000610351562,25.382286071777344,1249400
2017-04-05,25.959999084472656,26.079999923706055,25.670000076293945,25.799999237060547,25.32339096069336,828100
2017-04-06,25.899999618530273,25.899999618530273,25.3799991607666,25.739999771118164,25.264501571655273,841100
2017-04-07,25.739999771118164,26.15999984741211,25.6200008392334,26.010000228881836,25.52951431274414,1018200
2017-04-10,26.079999923706055,26.260000228881836,25.940000534057617,26.190000534057617,25.706192016601562,1041300
2017-04-11,26.360000610351562,26.440000534057617,25.850000381469727,26.239999771118164,25.755266189575195,1248400
2017-04-12,26.3700008392334,26.5,25.649999618530273,26.040000915527344,25.5589599609375,910200
2017-04-13,26.079999923706055,26.25,25.770000457763672,25.770000457763672,25.293947219848633,882400
2017-04-17,25.860000610351562,26.219999313354492,25.809999465942383,26.06999969482422,25.58840560913086,1178800
2017-04-18,25.899999618530273,26.229999542236328,25.860000610351562,26.06999969482422,25.58840560913086,1424400
2017-04-19,26.139999389648438,26.139999389648438,25.6200008392334,25.790000915527344,25.313579559326172,2239100
2017-04-20,25.979999542236328,26.079999923706055,25.350000381469727,25.40999984741211,24.940597534179688,2572000
2017-04-21,25.40999984741211,25.540000915527344,24.969999313354492,25.139999389648438,24.67558479309082,2500900
2017-04-24,25.68000030517578,25.719999313354492,25.110000610351562,25.40999984741211,24.940597534179688,2874700
2017-04-25,25.479999542236328,26.049999237060547,25.1299991607666,25.940000534057617,25.460805892944336,1627000
2017-04-26,26.399999618530273,26.399999618530273,24.940000534057617,25.3799991607666,24.911151885986328,2354700
2017-04-27,24.8700008392334,24.90999984741211,23.639999389648438,24.290000915527344,23.84128761291504,5425000
2017-04-28,24.239999771118164,24.5,24.110000610351562,24.299999237060547,23.851102828979492,2066100
2017-05-01,24.239999771118164,24.600000381469727,23.989999771118164,24.479999542236328,24.02777671813965,2029400
2017-05-02,24.549999237060547,24.860000610351562,24.360000610351562,24.81999969482422,24.361495971679688,2409000
2017-05-03,24.8700008392334,25.469999313354492,24.459999084472656,24.540000915527344,24.086671829223633,1935500
2017-05-04,24.559999465942383,24.59000015258789,24.059999465942383,24.209999084472656,23.762765884399414,1468300
2017-05-05,24.25,24.950000762939453,24.239999771118164,24.559999465942383,24.106298446655273,1238500
2017-05-08,24.600000381469727,24.68000030517578,24.219999313354492,24.6200008392334,24.165191650390625,1632100
2017-05-09,24.68000030517578,24.770000457763672,24.440000534057617,24.719999313354492,24.263343811035156,4659600
2017-05-10,24.81999969482422,24.989999771118164,24.520000457763672,24.940000534057617,24.479280471801758,1351400
2017-05-11,24.889999389648438,24.920000076293945,24.5,24.719999313354492,24.263343811035156,1175600
2017-05-12,24.739999771118164,24.84000015258789,24.559999465942383,24.690000534057617,24.23390007019043,1121300
2017-05-15,24.790000915527344,24.860000610351562,24.56999969482422,24.84000015258789,24.381126403808594,1320400
2017-05-16,24.90999984741211,24.90999984741211,24.649999618530273,24.709999084472656,24.253528594970703,2342500
2017-05-17,24.579999923706055,24.6200008392334,24.110000610351562,24.18000030517578,23.733320236206055,1688000
2017-05-18,23.93000030517578,24.170000076293945,23.719999313354492,24.059999465942383,23.615537643432617,1916200
2017-05-19,23.56999969482422,24.34000015258789,22.899999618530273,24.209999084472656,23.762765884399414,2391700
2017-05-22,24.260000228881836,24.389999389648438,24.139999389648438,24.290000915527344,23.84128761291504,1788700
2017-05-23,24.31999969482422,24.530000686645508,24.15999984741211,24.329999923706055,23.88054847717285,2344100
2017-05-24,24.479999542236328,25.059999465942383,24.479999542236328,25.049999237060547,24.587249755859375,2852400
2017-05-25,24.940000534057617,25.030000686645508,24.729999542236328,24.899999618530273,24.531091690063477,1165200
2017-05-26,24.899999618530273,25.149999618530273,24.790000915527344,25.139999389648438,24.767536163330078,2084200
2017-05-30,24.719999313354492,25.010000228881836,24.350000381469727,24.3799991607666,24.018796920776367,1182300
2017-05-31,24.389999389648438,24.549999237060547,24.06999969482422,24.280000686645508,23.92028045654297,1910300
2017-06-01,24.290000915527344,24.700000762939453,24.209999084472656,24.350000381469727,23.989242553710938,882300
2017-06-02,24.479999542236328,24.530000686645508,24.190000534057617,24.34000015258789,23.979389190673828,680000
2017-06-05,24.3700008392334,24.719999313354492,24.239999771118164,24.719999313354492,24.353759765625,916400
2017-06-06,24.6299991607666,24.709999084472656,24.469999313354492,24.5,24.137020111083984,764800
2017-06-07,24.559999465942383,24.799999237060547,24.309999465942383,24.389999389648438,24.028648376464844,1248100
2017-06-08,24.399999618530273,24.469999313354492,24.110000610351562,24.25,23.890724182128906,1374500
2017-06-09,24.149999618530273,24.299999237060547,24.049999237060547,24.239999771118164,23.880870819091797,1487900
2017-06-12,24.190000534057617,24.530000686645508,24.1299991607666,24.5,24.137020111083984,986400
2017-06-13,24.610000610351562,24.729999542236328,24.3700008392334,24.639999389648438,24.274946212768555,564500
2017-06-14,24.889999389648438,24.889999389648438,24.5,24.75,24.383316040039062,700000
2017-06-15,24.540000915527344,24.719999313354492,23.979999542236328,24.469999313354492,24.107463836669922,858800
2017-06-16,24.670000076293945,24.68000030517578,24.34000015258789,24.479999542236328,24.1173152923584,1020600
2017-06-19,24.489999771118164,24.610000610351562,23.770000457763672,24.09000015258789,23.73309326171875,1723900
2017-06-20,24.059999465942383,24.059999465942383,23.729999542236328,23.780000686645508,23.42768669128418,1018200
2017-06-21,23.739999771118164,23.860000610351562,23.489999771118164,23.790000915527344,23.43754005432129,1223500
2017-06-22,23.8799991607666,24.1200008392334,23.729999542236328,23.989999771118164,23.63457489013672,1362600
2017-06-23,24.049999237060547,24.510000228881836,23.8799991607666,24.469999313354492,24.107463836669922,1988900
2017-06-26,24.579999923706055,25.010000228881836,24.559999465942383,24.90999984741211,24.540945053100586,1230600
2017-06-27,24.760000228881836,24.81999969482422,24.56999969482422,24.719999313354492,24.353759765625,894900
2017-06-28,24.809999465942383,25.200000762939453,24.809999465942383,25.15999984741211,24.787240982055664,1214200
2017-06-29,25.190000534057617,25.190000534057617,24.09000015258789,24.290000915527344,23.930131912231445,1639500
2017-06-30,24.329999923706055,24.600000381469727,24.209999084472656,24.3700008392334,24.00894546508789,1312100
2017-07-03,24.559999465942383,24.700000762939453,24.389999389648438,24.649999618530273,24.2847957611084,869400
2017-07-05,24.639999389648438,25.049999237060547,24.510000228881836,24.989999771118164,24.61975860595703,809200
2017-07-06,24.850000381469727,24.90999984741211,24.709999084472656,24.850000381469727,24.481834411621094,1429800
2017-07-07,24.8700008392334,25.0,24.690000534057617,24.84000015258789,24.471982955932617,954200
2017-07-10,24.90999984741211,26.34000015258789,24.90999984741211,25.93000030517578,25.545833587646484,2076700
2017-07-11,25.030000686645508,26.799999237060547,24.709999084472656,26.3799991607666,25.989164352416992,3826000
2017-07-12,26.549999237060547,26.940000534057617,25.65999984741211,25.809999465942383,25.427610397338867,2225800
2017-07-13,25.81999969482422,26.31999969482422,25.719999313354492,26.219999313354492,25.8315372467041,2057600
2017-07-14,26.450000762939453,26.59000015258789,25.920000076293945,26.049999237060547,25.66405487060547,1644500
2017-07-17,26.0,26.420000076293945,25.799999237060547,26.280000686645508,25.890647888183594,2101600
2017-07-18,26.329999923706055,26.399999618530273,26.049999237060547,26.270000457763672,25.880796432495117,2682700
2017-07-19,26.280000686645508,26.579999923706055,25.959999084472656,26.170000076293945,25.782278060913086,3447300
2017-07-20,26.170000076293945,26.239999771118164,25.959999084472656,26.100000381469727,25.713315963745117,2015600
2017-07-21,26.010000228881836,26.3700008392334,25.899999618530273,26.209999084472656,25.821683883666992,1964600
2017-07-24,26.270000457763672,26.459999084472656,25.84000015258789,26.389999389648438,25.9990177154541,1105200
2017-07-25,26.43000030517578,26.579999923706055,26.360000610351562,26.5,26.10738754272461,1253000
2017-07-26,26.600000381469727,26.979999542236328,26.420000076293945,26.920000076293945,26.52116584777832,1275400
2017-07-27,26.899999618530273,27.06999969482422,26.3700008392334,26.489999771118164,26.097536087036133,1407200
2017-07-28,26.25,26.75,26.25,26.739999771118164,26.34383201599121,837600
2017-07-31,26.68000030517578,26.690000534057617,26.1200008392334,26.6200008392334,26.225610733032227,943400
2017-08-01,26.829999923706055,27.3700008392334,26.799999237060547,27.270000457763672,26.86598014831543,1997900
2017-08-02,27.09000015258789,27.229999542236328,26.68000030517578,26.790000915527344,26.39309310913086,1439300
2017-08-03,26.790000915527344,26.90999984741211,26.479999542236328,26.520000457763672,26.127092361450195,961800
2017-08-04,26.610000610351562,26.700000762939453,26.309999465942383,26.459999084472656,26.06797981262207,950800
2017-08-07,26.530000686645508,26.530000686645508,26.059999465942383,26.299999237060547,25.910350799560547,833700
2017-08-08,26.270000457763672,26.639999389648438,26.139999389648438,26.309999465942383,25.920202255249023,800100
2017-08-09,26.139999389648438,26.25,25.850000381469727,26.200000762939453,25.81183433532715,2054400
2017-08-10,25.969999313354492,26.09000015258789,25.700000762939453,26.010000228881836,25.62464714050293,1786500
2017-08-11,25.65999984741211,26.190000534057617,25.65999984741211,25.899999618530273,25.516277313232422,1077600
2017-08-14,26.079999923706055,26.1200008392334,25.829999923706055,25.899999618530273,25.516277313232422,1180900
2017-08-15,25.940000534057617,26.1200008392334,25.709999084472656,25.90999984741211,25.5261287689209,686300
2017-08-16,25.979999542236328,26.040000915527344,25.639999389648438,25.8799991607666,25.49657440185547,643700
2017-08-17,25.799999237060547,25.899999618530273,25.520000457763672,25.59000015258789,25.21087074279785,484200
2017-08-18,25.559999465942383,25.690000534057617,25.200000762939453,25.440000534057617,25.063093185424805,979300
2017-08-21,25.520000457763672,25.860000610351562,25.389999389648438,25.729999542236328,25.348796844482422,771800
2017-08-22,25.6200008392334,25.899999618530273,25.6200008392334,25.700000762939453,25.31924057006836,1076400
2017-08-23,25.440000534057617,25.8799991607666,25.440000534057617,25.770000457763672,25.38820457458496,1085000
2017-08-24,25.899999618530273,25.899999618530273,25.700000762939453,25.809999465942383,25.427610397338867,1065400
2017-08-25,25.8799991607666,26.43000030517578,25.729999542236328,26.329999923706055,25.93990707397461,2942200
2017-08-28,26.299999237060547,26.350000381469727,25.920000076293945,26.040000915527344,25.654203414916992,1167000
2017-08-29,25.899999618530273,26.149999618530273,25.81999969482422,26.010000228881836,25.62464714050293,1275200
2017-08-30,26.059999465942383,26.100000381469727,25.739999771118164,25.959999084472656,25.575387954711914,847100
2017-08-31,25.979999542236328,25.989999771118164,25.600000381469727,25.829999923706055,25.447315216064453,1022800
2017-09-01,25.969999313354492,25.989999771118164,25.459999084472656,25.579999923706055,25.201017379760742,801600
2017-09-05,25.540000915527344,25.540000915527344,24.81999969482422,24.940000534057617,24.57050132751465,1527000
2017-09-06,25.010000228881836,25.25,24.84000015258789,24.969999313354492,24.600055694580078,907300
2017-09-07,24.940000534057617,25.25,24.690000534057617,24.829999923706055,24.462129592895508,627000
2017-09-08,24.790000915527344,25.110000610351562,24.649999618530273,25.010000228881836,24.639463424682617,732500
2017-09-11,25.209999084472656,25.34000015258789,24.969999313354492,25.190000534057617,24.816797256469727,820500
2017-09-12,25.149999618530273,25.239999771118164,25.010000228881836,25.18000030517578,24.80694580078125,882200
2017-09-13,25.18000030517578,25.290000915527344,24.950000762939453,25.229999542236328,24.856203079223633,1184500
2017-09-14,25.229999542236328,25.299999237060547,24.989999771118164,25.079999923706055,24.70842742919922,1456000
2017-09-15,25.06999969482422,25.25,24.989999771118164,25.049999237060547,24.678871154785156,1547400
2017-09-18,25.06999969482422,25.309999465942383,25.010000228881836,25.15999984741211,24.787240982055664,1273400
2017-09-19,25.100000381469727,25.229999542236328,24.860000610351562,24.889999389648438,24.521240234375,1229800
2017-09-20,24.93000030517578,25.079999923706055,24.770000457763672,24.90999984741211,24.540945053100586,512800
2017-09-21,24.899999618530273,25.059999465942383,24.670000076293945,25.010000228881836,24.639463424682617,1225800
2017-09-22,25.079999923706055,25.1299991607666,24.950000762939453,25.049999237060547,24.678871154785156,1058700
2017-09-25,24.90999984741211,25.049999237060547,24.760000228881836,24.989999771118164,24.61975860595703,686600
2017-09-26,24.950000762939453,25.049999237060547,24.760000228881836,24.799999237060547,24.432573318481445,604700
2017-09-27,24.799999237060547,24.950000762939453,24.360000610351562,24.559999465942383,24.196128845214844,758000
2017-09-28,24.5,24.639999389648438,24.239999771118164,24.469999313354492,24.107463836669922,959800
2017-09-29,24.43000030517578,24.799999237060547,24.3799991607666,24.670000076293945,24.304500579833984,796000
2017-10-02,24.739999771118164,24.860000610351562,24.540000915527344,24.639999389648438,24.274946212768555,1995800
2017-10-03,24.670000076293945,24.700000762939453,24.520000457763672,24.610000610351562,24.245389938354492,757500
2017-10-04,24.649999618530273,24.75,24.579999923706055,24.639999389648438,24.274946212768555,466700
2017-10-05,24.65999984741211,24.809999465942383,24.530000686645508,24.559999465942383,24.196128845214844,2443400
2017-10-06,24.459999084472656,24.459999084472656,23.829999923706055,24.059999465942383,23.70353889465332,998700
2017-10-09,23.81999969482422,23.989999771118164,23.3799991607666,23.479999542236328,23.132131576538086,811400
2017-10-10,23.239999771118164,23.6299991607666,23.239999771118164,23.420000076293945,23.07301902770996,1800300
2017-10-11,23.450000762939453,23.579999923706055,23.329999923706055,23.579999923706055,23.230649948120117,1343700
2017-10-12,23.469999313354492,23.489999771118164,23.15999984741211,23.170000076293945,22.826725006103516,1011300
2017-10-13,23.15999984741211,23.350000381469727,23.100000381469727,23.299999237060547,22.954795837402344,928900
2017-10-16,23.309999465942383,23.350000381469727,22.770000457763672,23.170000076293945,22.826725006103516,1527100
2017-10-17,23.25,23.719999313354492,23.100000381469727,23.649999618530273,23.299612045288086,1201800
2017-10-18,23.6200008392334,23.719999313354492,23.350000381469727,23.549999237060547,23.201093673706055,1037400
2017-10-19,23.43000030517578,23.719999313354492,23.309999465942383,23.65999984741211,23.309463500976562,617200
2017-10-20,23.68000030517578,24.040000915527344,23.649999618530273,23.84000015258789,23.486799240112305,1403900
2017-10-23,23.850000381469727,23.920000076293945,23.459999084472656,23.579999923706055,23.230649948120117,1320800
2017-10-24,23.5,23.65999984741211,23.399999618530273,23.579999923706055,23.230649948120117,1487100
2017-10-25,23.649999618530273,23.799999237060547,23.59000015258789,23.75,23.398130416870117,2485200
2017-10-26,23.899999618530273,23.979999542236328,23.719999313354492,23.8799991607666,23.526203155517578,2392000
2017-10-27,23.75,23.799999237060547,21.940000534057617,22.540000915527344,22.206058502197266,12404200
2017-10-30,22.399999618530273,22.559999465942383,22.270000457763672,22.34000015258789,22.009021759033203,1446700
2017-10-31,22.3799991607666,22.399999618530273,21.8700008392334,21.889999389648438,21.56568717956543,2444600
2017-11-01,22.0,22.020000457763672,21.530000686645508,21.6200008392334,21.2996883392334,5351100
2017-11-02,21.59000015258789,21.6200008392334,21.0,21.110000610351562,20.797245025634766,7810800
2017-11-03,21.020000457763672,21.18000030517578,20.110000610351562,20.729999542236328,20.42287254333496,7008700
2017-11-06,20.729999542236328,20.860000610351562,20.309999465942383,20.690000534057617,20.383466720581055,3961700
2017-11-07,20.709999084472656,20.959999084472656,20.290000915527344,20.690000534057617,20.383466720581055,4174300
2017-11-08,20.6299991607666,20.75,20.5,20.510000228881836,20.206132888793945,882600
2017-11-09,20.31999969482422,20.510000228881836,20.18000030517578,20.190000534057617,19.8908748626709,4845400
2017-11-10,20.25,20.299999237060547,19.700000762939453,19.700000762939453,19.40813446044922,18592600
2017-11-13,19.770000457763672,20.09000015258789,19.610000610351562,19.979999542236328,19.68398666381836,5804400
2017-11-14,20.020000457763672,20.020000457763672,19.420000076293945,19.5,19.211097717285156,2190900
2017-11-15,19.440000534057617,19.940000534057617,19.219999313354492,19.25,18.964799880981445,2361100
2017-11-16,19.290000915527344,19.3799991607666,19.059999465942383,19.110000610351562,18.826875686645508,3558100
2017-11-17,19.149999618530273,19.200000762939453,18.6299991607666,18.68000030517578,18.40324592590332,8932000
2017-11-20,18.729999542236328,18.780000686645508,18.43000030517578,18.59000015258789,18.314579010009766,2800200
2017-11-21,18.549999237060547,18.90999984741211,18.549999237060547,18.700000762939453,18.422950744628906,3127100
2017-11-22,18.829999923706055,18.899999618530273,18.479999542236328,18.59000015258789,18.314579010009766,11355800
2017-11-24,18.540000915527344,18.690000534057617,18.3700008392334,18.40999984741211,18.13724708557129,2427600
2017-11-27,18.489999771118164,18.530000686645508,18.059999465942383,18.06999969482422,17.802284240722656,5625200
2017-11-28,18.059999465942383,18.260000228881836,17.239999771118164,17.520000457763672,17.26043128967285,10023500
2017-11-29,17.559999465942383,18.1299991607666,17.3700008392334,18.049999237060547,17.78257942199707,6045900
2017-11-30,18.270000457763672,18.81999969482422,18.18000030517578,18.65999984741211,18.383541107177734,25340800
2017-12-01,18.579999923706055,18.84000015258789,18.239999771118164,18.299999237060547,18.02887535095215,6514600
2017-12-04,18.5,18.8799991607666,18.479999542236328,18.780000686645508,18.50176429748535,4952700
2017-12-05,18.799999237060547,18.8700008392334,18.530000686645508,18.790000915527344,18.511615753173828,7315400
2017-12-06,18.6299991607666,18.780000686645508,18.43000030517578,18.59000015258789,18.314579010009766,2141900
2017-12-07,18.479999542236328,18.670000076293945,18.450000762939453,18.59000015258789,18.314579010009766,1760000
2017-12-08,18.729999542236328,18.889999389648438,18.34000015258789,18.68000030517578,18.40324592590332,2599800
2017-12-11,18.760000228881836,18.780000686645508,18.540000915527344,18.639999389648438,18.36383819580078,3325500
2017-12-12,18.610000610351562,18.760000228881836,18.5,18.719999313354492,18.44265365600586,1905700
2017-12-13,18.799999237060547,18.959999084472656,18.6200008392334,18.940000534057617,18.659395217895508,3881100
2017-12-14,18.979999542236328,19.1299991607666,18.8799991607666,19.079999923706055,18.797319412231445,3472800
2017-12-15,19.34000015258789,19.530000686645508,19.06999969482422,19.229999542236328,18.945096969604492,3707300
2017-12-18,19.59000015258789,19.59000015258789,18.670000076293945,19.190000534057617,18.905691146850586,4343400
2017-12-19,19.190000534057617,19.360000610351562,18.81999969482422,19.170000076293945,18.885986328125,4734300
2017-12-20,19.15999984741211,19.40999984741211,18.989999771118164,19.1200008392334,18.836727142333984,3104700
2017-12-21,19.239999771118164,19.31999969482422,19.059999465942383,19.1200008392334,18.836727142333984,2988500
2017-12-22,19.190000534057617,19.190000534057617,18.829999923706055,18.920000076293945,18.639690399169922,1464300
2017-12-26,18.940000534057617,18.950000762939453,18.700000762939453,18.770000457763672,18.491912841796875,1929300
2017-12-27,18.8700008392334,18.8700008392334,18.719999313354492,18.760000228881836,18.482059478759766,1308100
2017-12-28,18.790000915527344,18.84000015258789,18.600000381469727,18.709999084472656,18.43280029296875,1440200
2017-12-29,18.700000762939453,18.81999969482422,18.639999389648438,18.670000076293945,18.393394470214844,1446200
2018-01-02,18.81999969482422,19.450000762939453,18.81999969482422,19.25,18.964799880981445,1669400
2018-01-03,19.209999084472656,19.440000534057617,18.969999313354492,19.329999923706055,19.043615341186523,3538600
2018-01-04,19.40999984741211,19.469999313354492,19.059999465942383,19.15999984741211,18.876134872436523,2043200
2018-01-05,19.209999084472656,19.389999389648438,19.06999969482422,19.309999465942383,19.02391242980957,1745700
2018-01-08,19.200000762939453,19.450000762939453,19.139999389648438,19.360000610351562,19.073171615600586,2242700
2018-01-09,19.31999969482422,19.43000030517578,18.889999389648438,18.950000762939453,18.669246673583984,4174500
2018-01-10,18.850000381469727,19.020000457763672,18.559999465942383,18.809999465942383,18.53131866455078,2154800
2018-01-11,18.8799991607666,18.959999084472656,18.729999542236328,18.889999389648438,18.61013412475586,1919900
2018-01-12,18.90999984741211,19.15999984741211,18.799999237060547,19.079999923706055,18.797319412231445,1805200
2018-01-16,19.200000762939453,19.649999618530273,19.200000762939453,19.5,19.211097717285156,1772800
2018-01-17,19.559999465942383,19.8700008392334,19.489999771118164,19.75,19.457393646240234,2071000
2018-01-18,19.790000915527344,20.1299991607666,19.700000762939453,20.110000610351562,19.812061309814453,2605600
2018-01-19,20.09000015258789,20.239999771118164,19.989999771118164,20.1299991607666,19.831762313842773,2537500
2018-01-22,20.209999084472656,20.479999542236328,20.0,20.469999313354492,20.166725158691406,1883000
2018-01-23,20.3799991607666,20.690000534057617,20.31999969482422,20.6200008392334,20.314504623413086,2466100
2018-01-24,20.649999618530273,21.110000610351562,20.649999618530273,21.040000915527344,20.728281021118164,3292500
2018-01-25,21.149999618530273,21.34000015258789,20.8799991607666,20.950000762939453,20.639616012573242,3351100
2018-01-26,20.829999923706055,20.8799991607666,18.829999923706055,20.65999984741211,20.353912353515625,10590000
2018-01-29,20.469999313354492,20.90999984741211,20.469999313354492,20.700000762939453,20.39331817626953,3558300
2018-01-30,20.639999389648438,20.729999542236328,20.420000076293945,20.459999084472656,20.156871795654297,2294100
2018-01-31,20.59000015258789,20.75,20.469999313354492,20.700000762939453,20.39331817626953,2697100
2018-02-01,20.719999313354492,21.18000030517578,20.549999237060547,20.950000762939453,20.639616012573242,2236300
2018-02-02,20.799999237060547,20.799999237060547,20.450000762939453,20.530000686645508,20.22583770751953,2067400
2018-02-05,20.5,20.610000610351562,19.610000610351562,19.729999542236328,19.43768882751465,2013100
2018-02-06,19.440000534057617,20.059999465942383,19.329999923706055,19.969999313354492,19.67413330078125,1485300
2018-02-07,19.940000534057617,20.1299991607666,19.6200008392334,19.6200008392334,19.329320907592773,1495100
2018-02-08,19.709999084472656,19.770000457763672,18.579999923706055,18.600000381469727,18.324432373046875,3390500
2018-02-09,18.809999465942383,18.860000610351562,18.1200008392334,18.729999542236328,18.452505111694336,4770700
2018-02-12,18.899999618530273,19.219999313354492,18.860000610351562,18.989999771118164,18.70865249633789,1765100
2018-02-13,18.899999618530273,19.059999465942383,18.75,18.829999923706055,18.551023483276367,1031500
2018-02-14,18.709999084472656,19.110000610351562,18.709999084472656,19.0,18.718503952026367,1694000
2018-02-15,19.170000076293945,19.540000915527344,18.989999771118164,19.110000610351562,18.826875686645508,2414500
2018-02-16,19.190000534057617,19.780000686645508,19.18000030517578,19.229999542236328,18.945096969604492,2416300
2018-02-20,19.059999465942383,19.389999389648438,19.030000686645508,19.229999542236328,18.945096969604492,1578400
2018-02-21,19.34000015258789,19.450000762939453,18.110000610351562,18.25,17.979616165161133,6795600
2018-02-22,18.399999618530273,18.770000457763672,18.399999618530273,18.479999542236328,18.206209182739258,4239200
2018-02-23,18.579999923706055,18.68000030517578,17.979999542236328,18.06999969482422,17.802284240722656,6484800
2018-02-26,18.049999237060547,18.350000381469727,17.850000381469727,18.219999313354492,17.95005989074707,13396900
2018-02-27,18.209999084472656,18.260000228881836,17.559999465942383,17.56999969482422,17.309690475463867,2411700
2018-02-28,17.610000610351562,17.610000610351562,17.010000228881836,17.010000228881836,16.75798797607422,2657000
2018-03-01,16.950000762939453,17.15999984741211,16.649999618530273,16.8799991607666,16.629913330078125,2145200
2018-03-02,16.729999542236328,17.170000076293945,16.639999389648438,17.0,16.748136520385742,2141200
2018-03-05,16.850000381469727,17.049999237060547,16.809999465942383,16.989999771118164,16.738283157348633,2211600
2018-03-06,17.15999984741211,17.34000015258789,16.8799991607666,16.8799991607666,16.629913330078125,4656100
2018-03-07,16.790000915527344,16.90999984741211,16.68000030517578,16.889999389648438,16.6397647857666,1246300
2018-03-08,16.93000030517578,17.079999923706055,16.8799991607666,16.940000534057617,16.68902587890625,2280500
2018-03-09,17.049999237060547,17.110000610351562,16.65999984741211,17.010000228881836,16.75798797607422,4339500
2018-03-12,17.0,17.110000610351562,16.969999313354492,17.040000915527344,16.78754425048828,4949100
2018-03-13,17.06999969482422,17.06999969482422,16.6200008392334,16.6200008392334,16.37376594543457,2455300
2018-03-14,16.700000762939453,16.739999771118164,16.350000381469727,16.40999984741211,16.1668758392334,1380600
2018-03-15,16.420000076293945,16.43000030517578,15.920000076293945,15.930000305175781,15.693988800048828,4514700
2018-03-16,15.899999618530273,16.0,15.649999618530273,15.6899995803833,15.45754337310791,3612300
2018-03-19,15.630000114440918,15.739999771118164,15.15999984741211,15.380000114440918,15.152137756347656,5041300
2018-03-20,15.4399995803833,15.489999771118164,14.479999542236328,14.5600004196167,14.34428596496582,10785300
2018-03-21,14.640000343322754,14.850000381469727,14.199999809265137,14.579999923706055,14.36398983001709,9153100
2018-03-22,14.520000457763672,15.390000343322754,14.449999809265137,15.300000190734863,15.073322296142578,9491600
2018-03-23,15.300000190734863,15.420000076293945,14.869999885559082,15.210000038146973,14.98465633392334,3028900
2018-03-26,15.399999618530273,15.5600004196167,15.010000228881836,15.5,15.27035903930664,2782500
2018-03-27,15.579999923706055,15.970000267028809,15.569999694824219,15.819999694824219,15.585618019104004,3664300
2018-03-28,15.880000114440918,15.880000114440918,15.5600004196167,15.8100004196167,15.575766563415527,3661600
2018-03-29,15.829999923706055,16.030000686645508,15.829999923706055,15.960000038146973,15.723544120788574,2018200
2018-04-02,15.930000305175781,16.100000381469727,15.710000038146973,16.06999969482422,15.831913948059082,2079400
2018-04-03,16.030000686645508,16.559999465942383,15.760000228881836,16.5,16.255542755126953,3089600
2018-04-04,16.360000610351562,17.5,16.170000076293945,17.459999084472656,17.20132064819336,3688200
2018-04-05,17.459999084472656,17.600000381469727,17.06999969482422,17.530000686645508,17.27028465270996,3561300
2018-04-06,17.510000228881836,18.200000762939453,17.31999969482422,18.15999984741211,17.89095115661621,3314300
2018-04-09,18.0,18.360000610351562,17.950000762939453,18.020000457763672,17.75302505493164,5130400
2018-04-10,18.030000686645508,18.049999237060547,17.18000030517578,17.31999969482422,17.06339454650879,2402800
2018-04-11,17.280000686645508,17.760000228881836,17.110000610351562,17.34000015258789,17.083099365234375,978200
2018-04-12,17.350000381469727,17.6200008392334,17.260000228881836,17.579999923706055,17.319543838500977,1320900
2018-04-13,17.6200008392334,17.719999313354492,17.469999313354492,17.59000015258789,17.329395294189453,1048400
2018-04-16,17.6299991607666,17.90999984741211,17.40999984741211,17.760000228881836,17.496875762939453,1290800
2018-04-17,17.75,18.200000762939453,17.719999313354492,18.139999389648438,17.871246337890625,1572500
2018-04-18,18.15999984741211,18.389999389648438,18.139999389648438,18.190000534057617,17.92050552368164,1509900
2018-04-19,18.1299991607666,18.229999542236328,17.68000030517578,17.770000457763672,17.50672721862793,1012000
2018-04-20,17.719999313354492,17.770000457763672,17.350000381469727,17.709999084472656,17.447616577148438,1352400
2018-04-23,17.709999084472656,17.709999084472656,17.510000228881836,17.579999923706055,17.319543838500977,1347000
2018-04-24,17.639999389648438,17.760000228881836,17.399999618530273,17.450000762939453,17.191469192504883,1464800
2018-04-25,17.3700008392334,17.459999084472656,17.25,17.389999389648438,17.13235855102539,1566400
2018-04-26,17.420000076293945,17.850000381469727,17.020000457763672,17.049999237060547,16.797395706176758,2441900
2018-04-27,17.209999084472656,18.579999923706055,17.209999084472656,17.940000534057617,17.674209594726562,2670200
2018-04-30,17.959999084472656,18.06999969482422,17.729999542236328,17.920000076293945,17.65450668334961,1410100
2018-05-01,17.940000534057617,18.270000457763672,17.34000015258789,17.84000015258789,17.57569122314453,1425900
2018-05-02,17.899999618530273,18.030000686645508,17.479999542236328,17.540000915527344,17.280136108398438,1755200
2018-05-03,17.549999237060547,17.670000076293945,17.190000534057617,17.280000686645508,17.023988723754883,1300000
2018-05-04,17.200000762939453,17.530000686645508,17.079999923706055,17.479999542236328,17.221025466918945,1547400
2018-05-07,17.559999465942383,17.899999618530273,17.510000228881836,17.610000610351562,17.34910011291504,851000
2018-05-08,17.600000381469727,18.040000915527344,17.579999923706055,17.90999984741211,17.6446533203125,2833200
2018-05-09,17.989999771118164,18.530000686645508,17.989999771118164,18.459999084472656,18.186504364013672,2660600
2018-05-10,18.68000030517578,18.75,18.520000457763672,18.600000381469727,18.324432373046875,1775900
2018-05-11,18.540000915527344,18.780000686645508,18.399999618530273,18.6200008392334,18.344135284423828,2152300
2018-05-14,18.6200008392334,18.739999771118164,18.229999542236328,18.229999542236328,17.959911346435547,1880000
2018-05-15,18.139999389648438,18.200000762939453,17.65999984741211,17.920000076293945,17.65450668334961,2706100
2018-05-16,18.09000015258789,18.219999313354492,17.760000228881836,18.18000030517578,17.910654067993164,1535300
2018-05-17,18.15999984741211,18.170000076293945,17.75,17.799999237060547,17.536283493041992,2495500
2018-05-18,17.690000534057617,17.81999969482422,17.5,17.770000457763672,17.50672721862793,1210300
2018-05-21,17.809999465942383,17.90999984741211,17.459999084472656,17.489999771118164,17.230876922607422,1158100
2018-05-22,17.520000457763672,17.899999618530273,17.350000381469727,17.75,17.487024307250977,1672200
2018-05-23,17.579999923706055,17.940000534057617,17.270000457763672,17.860000610351562,17.595394134521484,1293500
2018-05-24,17.860000610351562,17.989999771118164,17.649999618530273,17.770000457763672,17.50672721862793,998400
2018-05-25,17.229999542236328,17.950000762939453,17.229999542236328,17.709999084472656,17.447616577148438,862000
2018-05-29,17.5,17.5,16.950000762939453,17.06999969482422,16.90203857421875,1144600
2018-05-30,17.139999389648438,17.139999389648438,16.56999969482422,16.90999984741211,16.74361228942871,1379400
2018-05-31,16.860000610351562,16.959999084472656,16.540000915527344,16.760000228881836,16.595088958740234,1197600
2018-06-01,16.959999084472656,17.489999771118164,16.8700008392334,17.260000228881836,17.090167999267578,1559700
2018-06-04,17.3799991607666,17.3799991607666,16.90999984741211,17.190000534057617,17.020858764648438,1106900
2018-06-05,17.079999923706055,17.15999984741211,16.690000534057617,16.860000610351562,16.69410514831543,1421200
2018-06-06,16.940000534057617,17.139999389648438,16.709999084472656,17.0,16.832727432250977,2858200
2018-06-07,17.040000915527344,17.43000030517578,16.959999084472656,17.1299991607666,16.96144676208496,2414500
2018-06-08,17.170000076293945,17.469999313354492,16.93000030517578,17.350000381469727,17.179283142089844,1343700
2018-06-11,17.34000015258789,17.549999237060547,17.209999084472656,17.280000686645508,17.10997200012207,1597500
2018-06-12,17.299999237060547,17.510000228881836,17.280000686645508,17.3799991607666,17.208986282348633,1132700
2018-06-13,17.399999618530273,17.889999389648438,17.3700008392334,17.450000762939453,17.27829933166504,1554000
2018-06-14,17.5,18.170000076293945,17.5,18.1200008392334,17.941707611083984,2451400
2018-06-15,18.15999984741211,18.270000457763672,17.969999313354492,18.059999465942383,17.882295608520508,2055500
2018-06-18,16.0,18.079999923706055,16.0,17.860000610351562,17.68426513671875,774200
2018-06-19,17.81999969482422,18.09000015258789,17.549999237060547,17.739999771118164,17.565444946289062,1018900
2018-06-20,17.959999084472656,18.3799991607666,17.81999969482422,18.25,18.07042694091797,1342100
2018-06-21,17.579999923706055,17.989999771118164,17.469999313354492,17.5,17.32780647277832,1323600
2018-06-22,17.690000534057617,18.010000228881836,17.6299991607666,17.899999618530273,17.7238712310791,1751000
2018-06-25,18.049999237060547,18.219999313354492,17.739999771118164,18.1299991607666,17.95160675048828,909000
2018-06-26,18.100000381469727,18.329999923706055,17.829999923706055,18.149999618530273,17.971410751342773,1463500
2018-06-27,18.1299991607666,18.6299991607666,18.010000228881836,18.329999923706055,18.149641036987305,1359500
2018-06-28,18.309999465942383,18.889999389648438,18.309999465942383,18.6299991607666,18.446687698364258,1222800
2018-06-29,18.799999237060547,19.260000228881836,18.579999923706055,18.950000762939453,18.763540267944336,1699200
2018-07-02,18.729999542236328,18.770000457763672,18.280000686645508,18.440000534057617,18.25855827331543,984700
2018-07-03,18.56999969482422,18.989999771118164,18.520000457763672,18.860000610351562,18.67442512512207,578100
2018-07-05,19.06999969482422,19.469999313354492,19.0,19.299999237060547,19.110095977783203,5269100
2018-07-06,19.190000534057617,19.709999084472656,19.15999984741211,19.6299991607666,19.436847686767578,1554600
2018-07-09,19.860000610351562,19.959999084472656,19.510000228881836,19.600000381469727,19.40714454650879,1393500
2018-07-10,20.0,20.75,19.969999313354492,20.3700008392334,20.16956901550293,2718900
2018-07-11,20.350000381469727,20.979999542236328,20.209999084472656,20.799999237060547,20.595335006713867,2949600
2018-07-12,20.950000762939453,20.950000762939453,20.420000076293945,20.479999542236328,20.278484344482422,2841700
2018-07-13,20.420000076293945,20.549999237060547,20.190000534057617,20.360000610351562,20.159666061401367,2238000
2018-07-16,20.5,21.110000610351562,20.329999923706055,21.09000015258789,20.882482528686523,2004800
2018-07-17,21.030000686645508,21.40999984741211,20.93000030517578,20.979999542236328,20.7735652923584,2955400
2018-07-18,20.969999313354492,21.1200008392334,20.829999923706055,20.8700008392334,20.664648056030273,3099400
2018-07-19,20.65999984741211,20.969999313354492,20.219999313354492,20.260000228881836,20.060649871826172,1699100
2018-07-20,20.280000686645508,20.43000030517578,19.90999984741211,20.010000228881836,19.8131103515625,2406500
2018-07-23,20.010000228881836,20.200000762939453,19.84000015258789,19.8799991607666,19.68438720703125,1962400
2018-07-24,19.940000534057617,20.06999969482422,19.8799991607666,20.0,19.803207397460938,1379600
2018-07-25,19.940000534057617,20.170000076293945,19.90999984741211,19.969999313354492,19.773502349853516,1077300
2018-07-26,19.940000534057617,20.329999923706055,19.8799991607666,19.969999313354492,19.773502349853516,1143800
2018-07-27,20.0,20.06999969482422,19.93000030517578,19.989999771118164,19.793306350708008,1148100
2018-07-30,20.0,20.190000534057617,19.850000381469727,20.040000915527344,19.842815399169922,942700
2018-07-31,20.0,20.149999618530273,19.829999923706055,19.8799991607666,19.68438720703125,802800
2018-08-01,19.770000457763672,19.93000030517578,19.6299991607666,19.899999618530273,19.704191207885742,543900
2018-08-02,19.690000534057617,19.739999771118164,19.540000915527344,19.6200008392334,19.42694854736328,611500
2018-08-03,19.690000534057617,20.010000228881836,19.540000915527344,19.920000076293945,19.723995208740234,529400
2018-08-06,19.989999771118164,20.139999389648438,19.809999465942383,19.969999313354492,19.773502349853516,640700
2018-08-07,20.020000457763672,20.1299991607666,19.889999389648438,19.959999084472656,19.763601303100586,1202900
2018-08-08,19.969999313354492,20.010000228881836,19.790000915527344,19.979999542236328,19.783405303955078,469200
2018-08-09,21.209999084472656,21.209999084472656,18.760000228881836,19.0,18.813047409057617,1638200
2018-08-10,18.729999542236328,18.950000762939453,18.420000076293945,18.670000076293945,18.486295700073242,999600
2018-08-13,18.670000076293945,18.780000686645508,18.329999923706055,18.350000381469727,18.169443130493164,625700
2018-08-14,18.530000686645508,18.809999465942383,18.469999313354492,18.65999984741211,18.47639274597168,491600
2018-08-15,18.43000030517578,18.709999084472656,18.1200008392334,18.25,18.07042694091797,934300
2018-08-16,18.360000610351562,18.56999969482422,18.34000015258789,18.450000762939453,18.26845932006836,888500
2018-08-17,18.389999389648438,18.510000228881836,17.8700008392334,18.18000030517578,18.001115798950195,696400
2018-08-20,18.110000610351562,18.3700008392334,18.110000610351562,18.329999923706055,18.149641036987305,537800
2018-08-21,18.420000076293945,18.610000610351562,18.34000015258789,18.399999618530273,18.218950271606445,1774300
2018-08-22,18.399999618530273,18.549999237060547,18.260000228881836,18.469999313354492,18.28826141357422,2412500
2018-08-23,18.450000762939453,18.649999618530273,18.239999771118164,18.290000915527344,18.110034942626953,952500
2018-08-24,18.350000381469727,18.579999923706055,18.219999313354492,18.280000686645508,18.10013198852539,707800
2018-08-27,18.43000030517578,18.860000610351562,18.3799991607666,18.610000610351562,18.4268856048584,2789900
2018-08-28,18.6200008392334,18.649999618530273,18.020000457763672,18.139999389648438,17.961509704589844,918200
2018-08-29,18.110000610351562,18.6200008392334,17.809999465942383,18.399999618530273,18.218950271606445,2209600
2018-08-30,18.260000228881836,18.31999969482422,17.610000610351562,17.709999084472656,17.53573989868164,777100
2018-08-31,17.780000686645508,18.239999771118164,17.600000381469727,18.010000228881836,17.832788467407227,2232400
2018-09-04,17.84000015258789,17.84000015258789,17.489999771118164,17.510000228881836,17.337709426879883,700000
2018-09-05,17.420000076293945,17.579999923706055,17.09000015258789,17.350000381469727,17.179283142089844,876300
2018-09-06,17.420000076293945,17.520000457763672,17.239999771118164,17.360000610351562,17.189186096191406,764100
2018-09-07,17.280000686645508,17.979999542236328,17.270000457763672,17.780000686645508,17.605052947998047,1858200
2018-09-10,17.799999237060547,17.8700008392334,17.3700008392334,17.549999237060547,17.3773136138916,901200
2018-09-11,17.440000534057617,17.850000381469727,17.1200008392334,17.690000534057617,17.51593780517578,1415700
2018-09-12,17.719999313354492,18.350000381469727,17.719999313354492,18.1200008392334,17.941707611083984,1239600
2018-09-13,18.139999389648438,18.6299991607666,18.139999389648438,18.420000076293945,18.238754272460938,1405400
2018-09-14,18.5,18.610000610351562,18.219999313354492,18.540000915527344,18.357574462890625,1181200
2018-09-17,18.479999542236328,18.950000762939453,18.420000076293945,18.610000610351562,18.4268856048584,1124900
2018-09-18,18.59000015258789,19.06999969482422,18.59000015258789,18.770000457763672,18.585311889648438,1142300
2018-09-19,19.010000228881836,19.010000228881836,18.700000762939453,18.770000457763672,18.585311889648438,1213600
2018-09-20,18.829999923706055,18.959999084472656,18.510000228881836,18.68000030517578,18.496196746826172,748000
2018-09-21,18.6200008392334,18.989999771118164,18.34000015258789,18.520000457763672,18.337770462036133,1777400
2018-09-24,18.5,18.600000381469727,18.260000228881836,18.520000457763672,18.337770462036133,756700
2018-09-25,18.489999771118164,18.639999389648438,18.260000228881836,18.360000610351562,18.179346084594727,900400
2018-09-26,18.350000381469727,18.450000762939453,17.84000015258789,17.90999984741211,17.73377227783203,1441800
2018-09-27,17.920000076293945,18.15999984741211,17.690000534057617,18.010000228881836,17.832788467407227,1017600
2018-09-28,17.899999618530273,18.100000381469727,17.670000076293945,17.739999771118164,17.565444946289062,1445800
2018-10-01,17.8700008392334,18.049999237060547,17.739999771118164,17.899999618530273,17.7238712310791,1960800
2018-10-02,17.84000015258789,18.239999771118164,17.65999984741211,17.8700008392334,17.694168090820312,1418300
2018-10-03,18.010000228881836,18.049999237060547,17.389999389648438,17.520000457763672,17.347610473632812,1159500
2018-10-04,17.489999771118164,17.489999771118164,16.579999923706055,16.739999771118164,16.575284957885742,2162000
2018-10-05,16.760000228881836,17.049999237060547,16.639999389648438,17.0,16.832727432250977,1275800
2018-10-08,16.84000015258789,17.299999237060547,16.84000015258789,17.149999618530273,16.981250762939453,1349300
2018-10-09,17.100000381469727,17.290000915527344,16.950000762939453,17.1299991607666,16.96144676208496,967400
2018-10-10,17.040000915527344,17.06999969482422,16.280000686645508,16.280000686645508,16.11981201171875,796700
2018-10-11,16.239999771118164,16.65999984741211,16.100000381469727,16.440000534057617,16.27823829650879,2229200
2018-10-12,16.75,16.760000228881836,16.229999542236328,16.530000686645508,16.367351531982422,1372400
2018-10-15,16.540000915527344,16.709999084472656,16.350000381469727,16.479999542236328,16.317842483520508,2014300
2018-10-16,16.65999984741211,16.739999771118164,16.579999923706055,16.68000030517578,16.51587677001953,2122200
2018-10-17,16.690000534057617,16.799999237060547,16.290000915527344,16.510000228881836,16.347549438476562,1547400
2018-10-18,16.360000610351562,16.469999313354492,15.720000267028809,15.8100004196167,15.654436111450195,1028900
2018-10-19,15.84000015258789,16.139999389648438,15.65999984741211,15.880000114440918,15.723747253417969,1157800
2018-10-22,15.960000038146973,16.040000915527344,15.09000015258789,15.210000038146973,15.06033992767334,1131400
2018-10-23,15.09000015258789,15.289999961853027,14.800000190734863,15.130000114440918,14.98112678527832,2193200
2018-10-24,15.09000015258789,15.210000038146973,14.539999961853027,14.539999961853027,14.396932601928711,2000800
2018-10-25,14.609999656677246,14.819999694824219,14.380000114440918,14.479999542236328,14.337522506713867,1216300
2018-10-26,14.3100004196167,14.770000457763672,14.109999656677246,14.15999984741211,14.020670890808105,1693500
2018-10-29,14.3100004196167,14.3100004196167,13.420000076293945,13.479999542236328,13.34736156463623,2734900
2018-10-30,13.529999732971191,14.390000343322754,13.479999542236328,14.279999732971191,14.139490127563477,2377200
2018-10-31,14.399999618530273,14.8100004196167,14.359999656677246,14.380000114440918,14.238506317138672,1855800
2018-11-01,14.529999732971191,15.420000076293945,14.460000038146973,15.300000190734863,15.149454116821289,1520800
2018-11-02,15.359999656677246,15.449999809265137,15.100000381469727,15.239999771118164,15.090044021606445,1119600
2018-11-05,15.199999809265137,15.850000381469727,15.180000305175781,15.800000190734863,15.644535064697266,1301700
2018-11-06,15.75,16.1200008392334,15.649999618530273,16.049999237060547,15.892073631286621,1237500
2018-11-07,16.219999313354492,16.219999313354492,15.460000038146973,15.979999542236328,15.822762489318848,1613000
2018-11-08,15.649999618530273,16.010000228881836,14.970000267028809,15.079999923706055,14.931618690490723,2709600
2018-11-09,14.960000038146973,15.5,14.65999984741211,15.149999618530273,15.000929832458496,4346400
2018-11-12,15.010000228881836,15.460000038146973,14.619999885559082,14.619999885559082,14.476144790649414,1288700
2018-11-13,14.649999618530273,14.850000381469727,14.25,14.470000267028809,14.327621459960938,2929300
2018-11-14,14.579999923706055,14.899999618530273,14.0,14.25,14.109786033630371,1941000
2018-11-15,14.210000038146973,14.4399995803833,13.979999542236328,14.260000228881836,14.119688034057617,1817300
2018-11-16,14.279999732971191,15.020000457763672,14.15999984741211,14.90999984741211,14.763291358947754,2797900
2018-11-19,14.84000015258789,15.09000015258789,14.720000267028809,14.760000228881836,14.614768028259277,2291800
2018-11-20,14.510000228881836,14.630000114440918,14.0600004196167,14.430000305175781,14.288015365600586,1900200
2018-11-21,14.550000190734863,14.800000190734863,14.279999732971191,14.329999923706055,14.188998222351074,2180600
2018-11-23,14.199999809265137,14.460000038146973,14.119999885559082,14.229999542236328,14.089982032775879,504600
2018-11-26,14.460000038146973,14.550000190734863,13.4399995803833,13.649999618530273,13.5156888961792,2449700
2018-11-27,13.5600004196167,14.109999656677246,13.3100004196167,13.949999809265137,13.812737464904785,5455000
2018-11-28,13.979999542236328,14.180000305175781,13.470000267028809,14.0,13.862245559692383,2317500
2018-11-29,13.9399995803833,14.399999618530273,13.90999984741211,14.0600004196167,13.921655654907227,2038100
2018-11-30,14.0,14.09000015258789,13.609999656677246,13.649999618530273,13.5156888961792,1737100
2018-12-03,14.050000190734863,14.25,13.699999809265137,13.729999542236328,13.594902038574219,1357900
2018-12-04,13.699999809265137,13.829999923706055,13.270000457763672,13.300000190734863,13.169133186340332,1350200
2018-12-06,13.0,13.710000038146973,12.8100004196167,13.6899995803833,13.555295944213867,1350800
2018-12-07,13.6899995803833,13.869999885559082,13.510000228881836,13.619999885559082,13.485984802246094,1277400
2018-12-10,13.619999885559082,13.779999732971191,13.079999923706055,13.170000076293945,13.040412902832031,1391300
2018-12-11,13.25,13.390000343322754,12.880000114440918,12.979999542236328,12.85228157043457,1384200
2018-12-12,13.149999618530273,13.430000305175781,13.130000114440918,13.180000305175781,13.050314903259277,1635400
2018-12-13,13.25,13.40999984741211,13.029999732971191,13.300000190734863,13.169133186340332,1276600
2018-12-14,13.149999618530273,13.739999771118164,13.029999732971191,13.420000076293945,13.287952423095703,871000
2018-12-17,13.399999618530273,13.529999732971191,12.869999885559082,12.930000305175781,12.802774429321289,2487500
2018-12-18,12.930000305175781,13.180000305175781,12.84000015258789,12.989999771118164,12.862183570861816,902100
2018-12-19,13.039999961853027,13.279999732971191,12.489999771118164,12.510000228881836,12.386906623840332,1473400
2018-12-20,12.579999923706055,12.890000343322754,12.4399995803833,12.489999771118164,12.367103576660156,1353400
2018-12-21,12.489999771118164,12.670000076293945,12.40999984741211,12.479999542236328,12.35720157623291,1882000
2018-12-24,12.25,12.479999542236328,12.25,12.25,12.129465103149414,528800
2018-12-26,12.5,12.619999885559082,12.270000457763672,12.609999656677246,12.485922813415527,1069200
2018-12-27,12.420000076293945,12.680000305175781,12.319999694824219,12.630000114440918,12.505725860595703,897800
2018-12-28,12.640000343322754,12.680000305175781,12.4399995803833,12.600000381469727,12.476021766662598,641800
2018-12-31,12.59000015258789,12.710000038146973,12.329999923706055,12.579999923706055,12.456217765808105,584600
2019-01-02,12.4399995803833,12.789999961853027,12.4399995803833,12.699999809265137,12.575037002563477,548100
2019-01-03,12.569999694824219,12.59000015258789,12.220000267028809,12.300000190734863,12.178973197937012,727100
2019-01-04,12.4399995803833,12.779999732971191,12.279999732971191,12.369999885559082,12.248284339904785,2938900
2019-01-07,12.350000381469727,12.710000038146973,12.350000381469727,12.619999885559082,12.495823860168457,2797500
2019-01-08,12.670000076293945,13.0,12.59000015258789,12.680000305175781,12.5552339553833,3147800
2019-01-09,12.770000457763672,12.899999618530273,12.6899995803833,12.699999809265137,12.575037002563477,3695200
2019-01-10,12.649999618530273,12.779999732971191,12.4399995803833,12.449999809265137,12.327496528625488,2216600
2019-01-11,12.470000267028809,12.489999771118164,12.210000038146973,12.300000190734863,12.178973197937012,2450500
2019-01-14,12.25,12.84000015258789,12.1899995803833,12.649999618530273,12.525528907775879,3409000
2019-01-15,12.600000381469727,12.9399995803833,12.539999961853027,12.9399995803833,12.812675476074219,1867500
2019-01-16,12.9399995803833,13.029999732971191,12.779999732971191,12.899999618530273,12.77306842803955,1279000
2019-01-17,12.899999618530273,12.899999618530273,12.510000228881836,12.569999694824219,12.44631576538086,1107200
2019-01-18,12.720000267028809,12.729999542236328,12.4399995803833,12.460000038146973,12.337398529052734,1246300
2019-01-22,12.399999618530273,12.479999542236328,11.920000076293945,11.970000267028809,11.85222053527832,1068400
2019-01-23,12.0600004196167,12.140000343322754,11.380000114440918,11.84000015258789,11.723499298095703,4874400
2019-01-24,12.100000381469727,12.239999771118164,11.6899995803833,12.109999656677246,11.99084186553955,2907000
2019-01-25,12.119999885559082,12.539999961853027,12.119999885559082,12.380000114440918,12.258186340332031,2672800
2019-01-28,12.270000457763672,12.710000038146973,12.199999809265137,12.390000343322754,12.268087387084961,1369100
2019-01-29,12.399999618530273,12.479999542236328,12.229999542236328,12.270000457763672,12.149269104003906,613200
2019-01-30,12.140000343322754,12.220000267028809,11.6899995803833,12.069999694824219,11.9512357711792,1966700
2019-01-31,12.25,12.619999885559082,12.199999809265137,12.510000228881836,12.386906623840332,1831200
2019-02-01,12.949999809265137,12.970000267028809,12.539999961853027,12.739999771118164,12.614643096923828,1666200
2019-02-04,12.579999923706055,12.789999961853027,12.539999961853027,12.739999771118164,12.614643096923828,1381600
2019-02-05,12.770000457763672,13.079999923706055,12.75,12.989999771118164,12.862183570861816,1775200
2019-02-06,13.0,13.15999984741211,12.729999542236328,12.739999771118164,12.614643096923828,4033900
2019-02-07,12.670000076293945,12.75,12.15999984741211,12.510000228881836,12.386906623840332,1637500
2019-02-08,12.5,12.5,12.260000228881836,12.359999656677246,12.238382339477539,1217800
2019-02-11,12.359999656677246,12.399999618530273,12.210000038146973,12.25,12.129465103149414,1623800
2019-02-12,12.350000381469727,12.600000381469727,12.300000190734863,12.550000190734863,12.426513671875,1217400
2019-02-13,12.489999771118164,12.59000015258789,12.079999923706055,12.350000381469727,12.22848129272461,1128300
2019-02-14,12.319999694824219,12.399999618530273,12.170000076293945,12.380000114440918,12.258186340332031,2497300
2019-02-15,12.380000114440918,12.619999885559082,12.380000114440918,12.550000190734863,12.426513671875,1632300
2019-02-19,12.449999809265137,12.760000228881836,12.449999809265137,12.649999618530273,12.525528907775879,2036800
2019-02-20,12.649999618530273,12.930000305175781,12.619999885559082,12.800000190734863,12.674053192138672,2429600
2019-02-21,12.800000190734863,12.850000381469727,12.699999809265137,12.75,12.624545097351074,2096100
2019-02-22,12.75,12.75,11.6899995803833,11.800000190734863,11.683893203735352,4074600
2019-02-25,11.949999809265137,12.010000228881836,11.520000457763672,11.5600004196167,11.44625473022461,2806100
2019-02-26,11.550000190734863,12.039999961853027,11.449999809265137,11.890000343322754,11.7730073928833,3372500
2019-02-27,11.880000114440918,11.970000267028809,11.75,11.800000190734863,11.683893203735352,5444200
2019-02-28,11.739999771118164,11.829999923706055,11.520000457763672,11.680000305175781,11.56507396697998,5864400
2019-03-01,11.699999809265137,11.8100004196167,11.289999961853027,11.420000076293945,11.307631492614746,4484200
2019-03-04,11.4399995803833,11.550000190734863,11.260000228881836,11.279999732971191,11.1690092086792,3231100
2019-03-05,11.229999542236328,11.300000190734863,10.899999618530273,10.979999542236328,10.871960639953613,3254500
2019-03-06,10.949999809265137,11.010000228881836,10.430000305175781,10.4399995803833,10.337274551391602,3856000
2019-03-07,10.489999771118164,10.609999656677246,10.289999961853027,10.329999923706055,10.228357315063477,2685600
2019-03-08,10.279999732971191,10.399999618530273,10.180000305175781,10.300000190734863,10.198652267456055,2989100
2019-03-11,10.359999656677246,10.699999809265137,10.34000015258789,10.579999923706055,10.475896835327148,2185600
2019-03-12,10.609999656677246,10.989999771118164,10.609999656677246,10.90999984741211,10.80264949798584,3922900
2019-03-13,10.960000038146973,11.15999984741211,10.90999984741211,10.989999771118164,10.88186264038086,6352100
2019-03-14,10.949999809265137,11.100000381469727,10.890000343322754,11.0,10.891764640808105,4559000
2019-03-15,11.09000015258789,11.1899995803833,11.0,11.100000381469727,10.9907808303833,1192500
2019-03-18,11.09000015258789,11.1899995803833,11.020000457763672,11.140000343322754,11.030386924743652,2241300
2019-03-19,11.210000038146973,11.399999618530273,11.0,11.020000457763672,10.911567687988281,2232500
2019-03-20,11.0,11.0600004196167,10.869999885559082,11.020000457763672,10.911567687988281,2160300
2019-03-21,11.0,11.130000114440918,10.949999809265137,11.050000190734863,10.941272735595703,2666600
2019-03-22,10.970000267028809,10.970000267028809,10.609999656677246,10.619999885559082,10.5155029296875,2741100
2019-03-25,10.630000114440918,10.710000038146973,10.460000038146973,10.5600004196167,10.456094741821289,2050500
2019-03-26,10.59000015258789,10.770000457763672,10.539999961853027,10.6899995803833,10.584814071655273,1465000
2019-03-27,10.710000038146973,11.020000457763672,10.710000038146973,10.9399995803833,10.832354545593262,3719300
2019-03-28,10.890000343322754,10.930000305175781,10.359999656677246,10.699999809265137,10.59471607208252,3290900
2019-03-29,10.710000038146973,11.0600004196167,10.710000038146973,11.0600004196167,10.95117473602295,2284400
2019-04-01,11.149999618530273,11.449999809265137,11.109999656677246,11.319999694824219,11.20861530303955,2433200
2019-04-02,11.319999694824219,11.420000076293945,10.920000076293945,10.949999809265137,10.842256546020508,3861300
2019-04-03,10.989999771118164,11.109999656677246,10.850000381469727,10.949999809265137,10.842256546020508,2723100
2019-04-04,10.960000038146973,11.079999923706055,10.930000305175781,11.029999732971191,10.921468734741211,4710000
2019-04-05,11.050000190734863,11.319999694824219,10.90999984741211,11.010000228881836,10.901666641235352,9485000
2019-04-08,10.989999771118164,11.0600004196167,10.600000381469727,10.989999771118164,10.88186264038086,3611700
2019-04-09,11.010000228881836,11.140000343322754,10.9399995803833,10.989999771118164,10.88186264038086,3004300
2019-04-10,11.039999961853027,11.25,11.029999732971191,11.100000381469727,10.9907808303833,3690900
2019-04-11,11.109999656677246,11.130000114440918,10.8100004196167,10.819999694824219,10.71353530883789,1791800
2019-04-12,10.899999618530273,10.960000038146973,10.649999618530273,10.65999984741211,10.555109977722168,1374000
2019-04-15,10.6899995803833,10.6899995803833,10.420000076293945,10.470000267028809,10.366979598999023,1407100
2019-04-16,10.430000305175781,10.75,10.399999618530273,10.739999771118164,10.634322166442871,1722000
2019-04-17,10.710000038146973,10.850000381469727,10.670000076293945,10.789999961853027,10.683831214904785,2624600
2019-04-18,10.779999732971191,10.880000114440918,10.710000038146973,10.75,10.644224166870117,1072800
2019-04-22,10.680000305175781,10.739999771118164,10.479999542236328,10.569999694824219,10.465994834899902,1199700
2019-04-23,10.520000457763672,10.600000381469727,10.399999618530273,10.539999961853027,10.436290740966797,1486000
2019-04-24,10.399999618530273,10.510000228881836,10.029999732971191,10.289999961853027,10.188750267028809,2076700
2019-04-25,10.25,10.300000190734863,10.140000343322754,10.260000228881836,10.159046173095703,2095700
2019-04-26,10.239999771118164,10.539999961853027,10.239999771118164,10.529999732971191,10.42638874053955,2943900
2019-04-29,10.5600004196167,10.619999885559082,10.1899995803833,10.199999809265137,10.09963607788086,1263700
2019-04-30,10.229999542236328,10.369999885559082,10.0600004196167,10.140000343322754,10.040226936340332,2458200
2019-05-01,10.09000015258789,10.180000305175781,9.960000038146973,9.989999771118164,9.891702651977539,5862900
2019-05-02,10.0,10.029999732971191,9.859999656677246,9.930000305175781,9.832293510437012,2414000
2019-05-03,9.979999542236328,10.0600004196167,9.859999656677246,9.90999984741211,9.81248950958252,3217000
2019-05-06,9.819999694824219,9.84000015258789,9.680000305175781,9.760000228881836,9.663966178894043,3985000
2019-05-07,9.65999984741211,9.680000305175781,9.470000267028809,9.600000381469727,9.505539894104004,1978200
2019-05-08,9.59000015258789,9.6899995803833,9.470000267028809,9.529999732971191,9.43622875213623,2158600
2019-05-09,9.449999809265137,9.5,9.199999809265137,9.25,9.158984184265137,3284700
2019-05-10,9.270000457763672,9.270000457763672,9.010000228881836,9.199999809265137,9.109475135803223,2511300
2019-05-13,9.020000457763672,9.050000190734863,8.739999771118164,8.850000381469727,8.762920379638672,2422300
2019-05-14,8.899999618530273,9.15999984741211,8.869999885559082,9.0600004196167,8.970853805541992,1661000
2019-05-15,8.989999771118164,9.510000228881836,8.960000038146973,9.430000305175781,9.337212562561035,3263300
2019-05-16,9.399999618530273,9.539999961853027,9.3100004196167,9.449999809265137,9.357015609741211,2860800
2019-05-17,9.369999885559082,9.550000190734863,9.350000381469727,9.5,9.406523704528809,5408400
2019-05-20,9.479999542236328,9.520000457763672,9.390000343322754,9.5,9.406523704528809,2783500
2019-05-21,9.5,9.5,8.949999809265137,8.989999771118164,8.901541709899902,2403300
2019-05-22,8.9399995803833,9.109999656677246,8.90999984741211,9.09000015258789,9.000557899475098,1817700
2019-05-23,9.029999732971191,9.359999656677246,8.960000038146973,9.149999618530273,9.059967041015625,1440700
2019-05-24,9.210000038146973,9.399999618530273,9.210000038146973,9.380000114440918,9.287704467773438,1791900
2019-05-28,9.40999984741211,9.449999809265137,9.180000305175781,9.350000381469727,9.258000373840332,2367400
2019-05-29,9.239999771118164,9.510000228881836,9.140000343322754,9.479999542236328,9.479999542236328,1692300
2019-05-30,9.489999771118164,9.529999732971191,9.289999961853027,9.329999923706055,9.329999923706055,2006900
2019-05-31,8.970000267028809,9.3100004196167,8.970000267028809,9.289999961853027,9.289999961853027,5217000
2019-06-03,9.3100004196167,9.420000076293945,9.239999771118164,9.369999885559082,9.369999885559082,2242900
2019-06-04,9.380000114440918,9.510000228881836,9.329999923706055,9.5,9.5,2371400
2019-06-05,9.539999961853027,9.5600004196167,9.350000381469727,9.479999542236328,9.479999542236328,2245300
2019-06-06,9.479999542236328,9.529999732971191,9.260000228881836,9.479999542236328,9.479999542236328,2884800
2019-06-07,9.489999771118164,9.510000228881836,9.369999885559082,9.380000114440918,9.380000114440918,3034800
2019-06-10,9.470000267028809,9.569999694824219,9.289999961853027,9.390000343322754,9.390000343322754,25326100
2019-06-11,9.4399995803833,9.569999694824219,9.380000114440918,9.399999618530273,9.399999618530273,2174700
2019-06-12,9.369999885559082,9.4399995803833,9.229999542236328,9.369999885559082,9.369999885559082,4719800
2019-06-13,9.390000343322754,9.470000267028809,9.119999885559082,9.180000305175781,9.180000305175781,2347500
2019-06-14,9.180000305175781,9.180000305175781,8.899999618530273,8.9399995803833,8.9399995803833,2164400
2019-06-17,8.989999771118164,9.130000114440918,8.880000114440918,9.010000228881836,9.010000228881836,2147100
2019-06-18,9.100000381469727,9.229999542236328,9.09000015258789,9.15999984741211,9.15999984741211,2620000
2019-06-19,9.15999984741211,9.170000076293945,9.010000228881836,9.100000381469727,9.100000381469727,2283900
2019-06-20,9.210000038146973,9.300000190734863,9.010000228881836,9.050000190734863,9.050000190734863,2041000
2019-06-21,9.010000228881836,9.029999732971191,8.770000457763672,8.920000076293945,8.920000076293945,1494000
2019-06-24,8.850000381469727,8.850000381469727,8.630000114440918,8.65999984741211,8.65999984741211,2472600
2019-06-25,8.699999809265137,8.699999809265137,8.25,8.449999809265137,8.449999809265137,3562600
2019-06-26,8.510000228881836,8.579999923706055,8.40999984741211,8.460000038146973,8.460000038146973,2606900
2019-06-27,8.420000076293945,8.529999732971191,8.229999542236328,8.5,8.5,4461300
2019-06-28,8.569999694824219,8.609999656677246,8.300000190734863,8.4399995803833,8.4399995803833,2720000
2019-07-01,8.550000190734863,8.609999656677246,8.449999809265137,8.5,8.5,3303000
2019-07-02,8.520000457763672,8.640000343322754,8.460000038146973,8.479999542236328,8.479999542236328,2775300
2019-07-03,8.460000038146973,8.649999618530273,8.380000114440918,8.609999656677246,8.609999656677246,1276500
2019-07-05,8.649999618530273,8.760000228881836,8.550000190734863,8.760000228881836,8.760000228881836,2349600
2019-07-08,8.729999542236328,8.779999732971191,8.449999809265137,8.600000381469727,8.600000381469727,3805200
2019-07-09,8.619999885559082,8.760000228881836,8.539999961853027,8.739999771118164,8.739999771118164,5090600
2019-07-10,8.850000381469727,9.420000076293945,8.800000190734863,9.300000190734863,9.300000190734863,5971800
2019-07-11,9.399999618530273,9.569999694824219,9.279999732971191,9.470000267028809,9.470000267028809,4260900
2019-07-12,9.489999771118164,9.609999656677246,9.359999656677246,9.529999732971191,9.529999732971191,2603800
2019-07-15,9.550000190734863,9.630000114440918,9.449999809265137,9.59000015258789,9.59000015258789,1745700
2019-07-16,9.609999656677246,9.640000343322754,9.0,9.020000457763672,9.020000457763672,3013600
2019-07-17,9.039999961853027,9.1899995803833,8.970000267028809,9.079999923706055,9.079999923706055,2085300
2019-07-18,9.050000190734863,9.119999885559082,8.90999984741211,9.109999656677246,9.109999656677246,1843700
2019-07-19,9.130000114440918,9.170000076293945,9.0,9.149999618530273,9.149999618530273,1736100
2019-07-22,9.210000038146973,9.25,8.899999618530273,9.0600004196167,9.0600004196167,1339300
2019-07-23,9.100000381469727,9.199999809265137,8.920000076293945,9.100000381469727,9.100000381469727,2014100
2019-07-24,9.149999618530273,9.229999542236328,9.100000381469727,9.220000267028809,9.220000267028809,1803600
2019-07-25,9.289999961853027,9.449999809265137,9.270000457763672,9.390000343322754,9.390000343322754,2201500
2019-07-26,9.4399995803833,9.529999732971191,9.109999656677246,9.25,9.25,2155600
2019-07-29,9.25,9.369999885559082,9.180000305175781,9.319999694824219,9.319999694824219,1330200
2019-07-30,9.270000457763672,9.319999694824219,9.15999984741211,9.300000190734863,9.300000190734863,1393700
2019-07-31,9.3100004196167,9.619999885559082,9.239999771118164,9.510000228881836,9.510000228881836,3531300
2019-08-01,9.5,9.710000038146973,9.399999618530273,9.529999732971191,9.529999732971191,2055800
2019-08-02,9.470000267028809,9.569999694824219,9.399999618530273,9.5600004196167,9.5600004196167,1639700
2019-08-05,9.399999618530273,9.430000305175781,8.930000305175781,8.930000305175781,8.930000305175781,3462100
2019-08-06,9.0,9.029999732971191,8.710000038146973,8.829999923706055,8.829999923706055,1600000
2019-08-07,8.75,9.170000076293945,8.649999618530273,9.170000076293945,9.170000076293945,1641600
2019-08-08,9.15999984741211,9.210000038146973,8.899999618530273,9.0,9.0,1216000
2019-08-09,9.010000228881836,9.029999732971191,8.710000038146973,8.75,8.75,1965100
2019-08-12,8.649999618530273,8.699999809265137,8.449999809265137,8.529999732971191,8.529999732971191,2199500
2019-08-13,8.5600004196167,8.680000305175781,8.25,8.279999732971191,8.279999732971191,1793100
2019-08-14,8.210000038146973,8.270000457763672,7.679999828338623,7.730000019073486,7.730000019073486,3983200
2019-08-15,7.730000019073486,7.849999904632568,7.420000076293945,7.78000020980835,7.78000020980835,3836300
2019-08-16,7.840000152587891,7.980000019073486,7.420000076293945,7.900000095367432,7.900000095367432,2054800
2019-08-19,7.949999809265137,8.0,7.880000114440918,7.889999866485596,7.889999866485596,1188400
2019-08-20,7.829999923706055,8.050000190734863,7.789999961853027,7.900000095367432,7.900000095367432,995200
2019-08-21,7.949999809265137,7.96999979019165,7.690000057220459,7.760000228881836,7.760000228881836,717400
2019-08-22,7.769999980926514,7.820000171661377,7.559999942779541,7.670000076293945,7.670000076293945,1227800
2019-08-23,7.599999904632568,7.880000114440918,7.599999904632568,7.710000038146973,7.710000038146973,1639500
2019-08-26,7.75,7.840000152587891,7.690000057220459,7.820000171661377,7.820000171661377,1061900
2019-08-27,7.880000114440918,8.050000190734863,7.829999923706055,7.929999828338623,7.929999828338623,1573000
2019-08-28,7.889999866485596,8.149999618530273,7.809999942779541,8.079999923706055,8.079999923706055,1130100
2019-08-29,8.109999656677246,8.350000381469727,8.109999656677246,8.3100004196167,8.3100004196167,639200
2019-08-30,8.359999656677246,8.859999656677246,8.3100004196167,8.84000015258789,8.84000015258789,2206800
2019-09-03,8.829999923706055,8.829999923706055,8.460000038146973,8.529999732971191,8.529999732971191,1301100
2019-09-04,8.5600004196167,8.899999618530273,8.5600004196167,8.850000381469727,8.850000381469727,1613600
2019-09-05,8.989999771118164,9.109999656677246,8.760000228881836,8.850000381469727,8.850000381469727,1689000
2019-09-06,8.850000381469727,9.220000267028809,8.850000381469727,9.180000305175781,9.180000305175781,1028700
2019-09-09,9.260000228881836,9.390000343322754,9.079999923706055,9.180000305175781,9.180000305175781,1029300
2019-09-10,9.15999984741211,9.399999618530273,9.130000114440918,9.350000381469727,9.350000381469727,1889900
2019-09-11,9.40999984741211,9.470000267028809,9.239999771118164,9.430000305175781,9.430000305175781,1147400
2019-09-12,9.420000076293945,9.59000015258789,9.34000015258789,9.359999656677246,9.359999656677246,851200
2019-09-13,9.359999656677246,9.800000190734863,9.359999656677246,9.789999961853027,9.789999961853027,1527500
2019-09-16,9.779999732971191,10.050000190734863,9.710000038146973,9.960000038146973,9.960000038146973,1166100
2019-09-17,9.880000114440918,10.350000381469727,9.859999656677246,10.319999694824219,10.319999694824219,1608800
2019-09-18,10.270000457763672,10.569999694824219,10.270000457763672,10.5,10.5,1682000
2019-09-19,10.460000038146973,10.550000190734863,10.279999732971191,10.329999923706055,10.329999923706055,1370200
2019-09-20,10.369999885559082,10.729999542236328,10.229999542236328,10.539999961853027,10.539999961853027,2274100
2019-09-23,10.449999809265137,10.680000305175781,10.390000343322754,10.640000343322754,10.640000343322754,2644500
2019-09-24,10.649999618530273,10.6899995803833,10.479999542236328,10.539999961853027,10.539999961853027,2135800
2019-09-25,10.479999542236328,10.520000457763672,10.319999694824219,10.399999618530273,10.399999618530273,1903700
2019-09-26,10.390000343322754,10.40999984741211,9.579999923706055,9.579999923706055,9.579999923706055,3187700
2019-09-27,9.65999984741211,9.75,9.420000076293945,9.5,9.5,1754700
2019-09-30,9.489999771118164,9.930000305175781,9.40999984741211,9.779999732971191,9.779999732971191,1313700
2019-10-01,9.800000190734863,9.949999809265137,9.729999542236328,9.859999656677246,9.859999656677246,794400
2019-10-02,9.8100004196167,9.829999923706055,9.470000267028809,9.479999542236328,9.479999542236328,870500
2019-10-03,9.479999542236328,9.710000038146973,9.40999984741211,9.609999656677246,9.609999656677246,567100
2019-10-04,9.640000343322754,9.920000076293945,9.640000343322754,9.84000015258789,9.84000015258789,792300
2019-10-07,9.770000457763672,9.970000267028809,9.770000457763672,9.800000190734863,9.800000190734863,598000
2019-10-08,9.779999732971191,9.960000038146973,9.649999618530273,9.84000015258789,9.84000015258789,871600
2019-10-09,9.930000305175781,10.010000228881836,9.729999542236328,9.829999923706055,9.829999923706055,649100
2019-10-10,9.8100004196167,10.270000457763672,9.800000190734863,10.25,10.25,1136800
2019-10-11,10.369999885559082,10.6899995803833,10.369999885559082,10.649999618530273,10.649999618530273,1072300
2019-10-14,10.739999771118164,11.100000381469727,10.630000114440918,11.079999923706055,11.079999923706055,2164100
2019-10-15,11.069999694824219,11.149999618530273,10.989999771118164,11.050000190734863,11.050000190734863,2491800
2019-10-16,11.09000015258789,11.210000038146973,10.989999771118164,11.119999885559082,11.119999885559082,918300
2019-10-17,11.109999656677246,11.279999732971191,11.010000228881836,11.0600004196167,11.0600004196167,2344200
2019-10-18,11.0600004196167,11.15999984741211,10.979999542236328,10.989999771118164,10.989999771118164,1275700
2019-10-21,11.0,11.119999885559082,10.890000343322754,10.960000038146973,10.960000038146973,1265900
2019-10-22,10.960000038146973,11.140000343322754,10.84000015258789,10.869999885559082,10.869999885559082,979900
2019-10-23,10.800000190734863,11.0600004196167,10.760000228881836,11.050000190734863,11.050000190734863,834400
2019-10-24,11.140000343322754,11.140000343322754,10.770000457763672,10.770000457763672,10.770000457763672,935300
2019-10-25,10.8100004196167,11.84000015258789,10.8100004196167,11.609999656677246,11.609999656677246,1574800
2019-10-28,11.649999618530273,11.819999694824219,11.550000190734863,11.649999618530273,11.649999618530273,1553800
2019-10-29,11.550000190734863,11.59000015258789,11.3100004196167,11.489999771118164,11.489999771118164,1521500
2019-10-30,11.470000267028809,11.539999961853027,11.199999809265137,11.25,11.25,1598800
2019-10-31,11.25,11.260000228881836,10.979999542236328,11.050000190734863,11.050000190734863,1889700
2019-11-01,11.109999656677246,11.380000114440918,11.039999961853027,11.300000190734863,11.300000190734863,2378400
2019-11-04,11.369999885559082,11.529999732971191,11.359999656677246,11.5,11.5,2041900
2019-11-05,11.550000190734863,11.640000343322754,11.4399995803833,11.5,11.5,1641600
2019-11-06,11.510000228881836,11.640000343322754,11.279999732971191,11.609999656677246,11.609999656677246,1185600
2019-11-07,11.699999809265137,11.890000343322754,11.649999618530273,11.75,11.75,1030300
2019-11-08,11.640000343322754,11.770000457763672,11.489999771118164,11.529999732971191,11.529999732971191,493400
2019-11-11,11.199999809265137,11.489999771118164,11.069999694824219,11.4399995803833,11.4399995803833,1329600
2019-11-12,11.470000267028809,11.479999542236328,11.149999618530273,11.180000305175781,11.180000305175781,936500
2019-11-13,11.09000015258789,11.380000114440918,11.069999694824219,11.239999771118164,11.239999771118164,624500
2019-11-14,11.199999809265137,11.5,11.170000076293945,11.470000267028809,11.470000267028809,1241500
2019-11-15,11.510000228881836,11.600000381469727,11.239999771118164,11.260000228881836,11.260000228881836,996100
2019-11-18,11.25,11.34000015258789,11.170000076293945,11.25,11.25,688700
2019-11-19,11.289999961853027,11.289999961853027,11.069999694824219,11.140000343322754,11.140000343322754,937400
2019-11-20,11.020000457763672,11.25,10.989999771118164,11.050000190734863,11.050000190734863,987300
2019-11-21,11.109999656677246,11.140000343322754,10.989999771118164,11.109999656677246,11.109999656677246,1046500
2019-11-22,11.140000343322754,11.180000305175781,11.079999923706055,11.100000381469727,11.100000381469727,1257200
2019-11-25,11.09000015258789,11.210000038146973,11.050000190734863,11.149999618530273,11.149999618530273,1222100
2019-11-26,11.119999885559082,11.210000038146973,10.75,10.880000114440918,10.880000114440918,1640800
2019-11-27,10.869999885559082,11.039999961853027,10.850000381469727,10.960000038146973,10.960000038146973,1022200
2019-11-29,10.920000076293945,11.020000457763672,10.920000076293945,10.970000267028809,10.970000267028809,489300
2019-12-02,10.949999809265137,11.020000457763672,10.670000076293945,10.6899995803833,10.6899995803833,752400
2019-12-03,10.5600004196167,10.619999885559082,10.449999809265137,10.609999656677246,10.609999656677246,1530500
2019-12-04,10.720000267028809,10.850000381469727,10.670000076293945,10.729999542236328,10.729999542236328,1145500
2019-12-05,10.729999542236328,10.789999961853027,10.5,10.59000015258789,10.59000015258789,1292800
2019-12-06,10.640000343322754,10.760000228881836,10.579999923706055,10.640000343322754,10.640000343322754,971300
2019-12-09,10.649999618530273,10.84000015258789,10.600000381469727,10.760000228881836,10.760000228881836,2030200
2019-12-10,10.819999694824219,11.100000381469727,10.699999809265137,10.880000114440918,10.880000114440918,1828700
2019-12-11,10.970000267028809,11.489999771118164,10.970000267028809,11.4399995803833,11.4399995803833,6647000
2019-12-12,11.5,11.890000343322754,11.380000114440918,11.739999771118164,11.739999771118164,2966800
2019-12-13,11.600000381469727,12.039999961853027,11.59000015258789,11.869999885559082,11.869999885559082,2569300
2019-12-16,11.899999618530273,11.899999618530273,11.739999771118164,11.75,11.75,1392600
2019-12-17,11.760000228881836,11.800000190734863,11.550000190734863,11.600000381469727,11.600000381469727,1649600
2019-12-18,11.579999923706055,11.579999923706055,11.399999618530273,11.489999771118164,11.489999771118164,2814500
2019-12-19,11.470000267028809,11.829999923706055,11.34000015258789,11.649999618530273,11.649999618530273,1857700
2019-12-20,11.699999809265137,11.699999809265137,11.460000038146973,11.600000381469727,11.600000381469727,1442000
2019-12-23,11.59000015258789,11.779999732971191,11.579999923706055,11.75,11.75,570800
2019-12-24,11.770000457763672,11.859999656677246,11.65999984741211,11.680000305175781,11.680000305175781,230800
2019-12-26,11.739999771118164,11.829999923706055,11.640000343322754,11.770000457763672,11.770000457763672,335000
2019-12-27,11.819999694824219,11.979999542236328,11.8100004196167,11.859999656677246,11.859999656677246,557700
2019-12-30,11.869999885559082,11.9399995803833,11.630000114440918,11.670000076293945,11.670000076293945,591100
2019-12-31,11.6899995803833,11.829999923706055,11.680000305175781,11.729999542236328,11.729999542236328,539100
2020-01-02,11.779999732971191,11.979999542236328,11.75,11.979999542236328,11.979999542236328,963400
2020-01-03,11.869999885559082,12.010000228881836,11.800000190734863,11.880000114440918,11.880000114440918,612000
2020-01-06,11.829999923706055,11.960000038146973,11.699999809265137,11.75,11.75,901300
2020-01-07,11.729999542236328,11.729999542236328,11.350000381469727,11.520000457763672,11.520000457763672,740600
2020-01-08,11.5,11.800000190734863,11.479999542236328,11.649999618530273,11.649999618530273,1575700
2020-01-09,11.720000267028809,11.720000267028809,11.470000267028809,11.550000190734863,11.550000190734863,610100
2020-01-10,11.59000015258789,11.670000076293945,11.489999771118164,11.600000381469727,11.600000381469727,596700
2020-01-13,11.600000381469727,11.699999809265137,11.539999961853027,11.630000114440918,11.630000114440918,1195400
2020-01-14,11.550000190734863,12.0,11.5,12.0,12.0,3453600
2020-01-15,11.970000267028809,12.199999809265137,11.880000114440918,11.899999618530273,11.899999618530273,2663000
2020-01-16,11.890000343322754,12.420000076293945,11.859999656677246,12.300000190734863,12.300000190734863,2741400
2020-01-17,12.380000114440918,12.539999961853027,12.329999923706055,12.40999984741211,12.40999984741211,1140100
2020-01-21,12.270000457763672,12.289999961853027,11.949999809265137,12.0,12.0,1223200
2020-01-22,12.100000381469727,12.609999656677246,12.020000457763672,12.350000381469727,12.350000381469727,3032200
2020-01-23,12.199999809265137,12.369999885559082,12.039999961853027,12.350000381469727,12.350000381469727,1656600
2020-01-24,12.369999885559082,12.369999885559082,12.039999961853027,12.069999694824219,12.069999694824219,873000
2020-01-27,11.84000015258789,11.869999885559082,11.649999618530273,11.720000267028809,11.720000267028809,1164100
2020-01-28,11.720000267028809,12.020000457763672,11.720000267028809,11.979999542236328,11.979999542236328,777300
2020-01-29,12.0,12.020000457763672,11.8100004196167,11.899999618530273,11.899999618530273,728100
2020-01-30,11.699999809265137,11.829999923706055,11.109999656677246,11.220000267028809,11.220000267028809,2827200
2020-01-31,11.180000305175781,11.25,10.989999771118164,11.119999885559082,11.119999885559082,2175700
2020-02-03,11.140000343322754,11.3100004196167,11.0600004196167,11.100000381469727,11.100000381469727,1157900
2020-02-04,11.270000457763672,11.350000381469727,11.140000343322754,11.300000190734863,11.300000190734863,1275600
2020-02-05,11.430000305175781,11.569999694824219,10.970000267028809,11.010000228881836,11.010000228881836,1099800
2020-02-06,11.079999923706055,11.100000381469727,10.75,10.800000190734863,10.800000190734863,1592200
2020-02-07,10.699999809265137,10.75,10.430000305175781,10.640000343322754,10.640000343322754,891900
2020-02-10,10.649999618530273,10.680000305175781,10.40999984741211,10.640000343322754,10.640000343322754,993000
2020-02-11,10.760000228881836,11.149999618530273,10.720000267028809,11.079999923706055,11.079999923706055,1310000
2020-02-12,11.260000228881836,11.680000305175781,11.140000343322754,11.350000381469727,11.350000381469727,961200
2020-02-13,11.260000228881836,11.260000228881836,11.09000015258789,11.140000343322754,11.140000343322754,1036100
2020-02-14,11.149999618530273,11.25,11.050000190734863,11.229999542236328,11.229999542236328,913200
2020-02-18,11.1899995803833,11.399999618530273,11.109999656677246,11.220000267028809,11.220000267028809,778500
2020-02-19,11.270000457763672,11.630000114440918,11.170000076293945,11.40999984741211,11.40999984741211,1048200
2020-02-20,11.289999961853027,11.539999961853027,11.289999961853027,11.34000015258789,11.34000015258789,655400
2020-02-21,11.3100004196167,11.949999809265137,11.239999771118164,11.390000343322754,11.390000343322754,1315400
2020-02-24,11.050000190734863,11.229999542236328,10.760000228881836,11.220000267028809,11.220000267028809,695600
2020-02-25,11.270000457763672,11.270000457763672,10.279999732971191,10.40999984741211,10.40999984741211,1611500
2020-02-26,10.369999885559082,10.510000228881836,10.25,10.270000457763672,10.270000457763672,1583700
2020-02-27,10.0600004196167,10.199999809265137,9.65999984741211,9.8100004196167,9.8100004196167,1794000
2020-02-28,9.569999694824219,9.640000343322754,9.09000015258789,9.399999618530273,9.399999618530273,2257500
2020-03-02,9.420000076293945,9.630000114440918,9.130000114440918,9.359999656677246,9.359999656677246,2541500
2020-03-03,9.40999984741211,9.609999656677246,9.010000228881836,9.149999618530273,9.149999618530273,2750700
2020-03-04,9.3100004196167,9.640000343322754,9.1899995803833,9.579999923706055,9.579999923706055,1627000
2020-03-05,9.34000015258789,9.369999885559082,8.920000076293945,8.989999771118164,8.989999771118164,2263000
2020-03-06,8.760000228881836,8.890000343322754,8.460000038146973,8.479999542236328,8.479999542236328,1534900
2020-03-09,7.849999904632568,8.229999542236328,7.28000020980835,7.289999961853027,7.289999961853027,1044300
2020-03-10,7.539999961853027,7.820000171661377,7.21999979019165,7.820000171661377,7.820000171661377,1366400
2020-03-11,7.53000020980835,7.630000114440918,7.199999809265137,7.349999904632568,7.349999904632568,2047500
2020-03-12,6.949999809265137,6.960000038146973,6.150000095367432,6.25,6.25,1832100
2020-03-13,6.650000095367432,6.869999885559082,6.199999809265137,6.550000190734863,6.550000190734863,1887700
2020-03-16,5.880000114440918,5.880000114440918,5.429999828338623,5.5,5.5,1783600
2020-03-17,5.630000114440918,6.21999979019165,5.150000095367432,6.210000038146973,6.210000038146973,2912700
2020-03-18,5.730000019073486,6.78000020980835,5.570000171661377,5.730000019073486,5.730000019073486,2672400
2020-03-19,5.550000190734863,5.78000020980835,5.380000114440918,5.670000076293945,5.670000076293945,1591200
2020-03-20,5.760000228881836,5.949999809265137,5.46999979019165,5.480000019073486,5.480000019073486,2829300
2020-03-23,5.309999942779541,5.590000152587891,4.909999847412109,4.980000019073486,4.980000019073486,1702000
2020-03-24,5.449999809265137,6.099999904632568,5.369999885559082,5.869999885559082,5.869999885559082,2559300
2020-03-25,5.96999979019165,6.28000020980835,5.699999809265137,5.980000019073486,5.980000019073486,2223200
2020-03-26,6.010000228881836,6.449999809265137,6.010000228881836,6.389999866485596,6.389999866485596,1728500
2020-03-27,6.110000133514404,6.110000133514404,5.389999866485596,5.440000057220459,5.440000057220459,1233800
2020-03-30,5.320000171661377,5.559999942779541,5.320000171661377,5.510000228881836,5.510000228881836,1557300
2020-03-31,5.53000020980835,6.03000020980835,5.480000019073486,5.800000190734863,5.800000190734863,2115400
2020-04-01,5.449999809265137,5.550000190734863,5.170000076293945,5.380000114440918,5.380000114440918,1385200
2020-04-02,5.289999961853027,5.739999771118164,5.150000095367432,5.190000057220459,5.190000057220459,776600
2020-04-03,5.110000133514404,5.230000019073486,4.650000095367432,4.829999923706055,4.829999923706055,1788900
2020-04-06,5.050000190734863,5.329999923706055,4.949999809265137,5.25,5.25,1044100
2020-04-07,5.400000095367432,5.639999866485596,5.25,5.260000228881836,5.260000228881836,2467800
2020-04-08,5.380000114440918,5.389999866485596,5.110000133514404,5.239999771118164,5.239999771118164,2652200
2020-04-09,5.409999847412109,5.610000133514404,5.159999847412109,5.550000190734863,5.550000190734863,1837000
2020-04-13,5.550000190734863,5.559999942779541,5.289999961853027,5.550000190734863,5.550000190734863,1149700
2020-04-14,5.670000076293945,5.949999809265137,5.610000133514404,5.920000076293945,5.920000076293945,1886000
2020-04-15,5.659999847412109,5.860000133514404,5.21999979019165,5.400000095367432,5.400000095367432,1790100
2020-04-16,5.429999828338623,5.550000190734863,5.269999980926514,5.420000076293945,5.420000076293945,936200
2020-04-17,5.590000152587891,5.739999771118164,5.510000228881836,5.699999809265137,5.699999809265137,1302200
2020-04-20,5.699999809265137,5.840000152587891,5.539999961853027,5.630000114440918,5.630000114440918,1260600
2020-04-21,5.5,5.630000114440918,5.210000038146973,5.239999771118164,5.239999771118164,1927800
2020-04-22,5.159999847412109,5.28000020980835,4.989999771118164,5.099999904632568,5.099999904632568,1360800
2020-04-23,4.96999979019165,5.159999847412109,4.929999828338623,5.099999904632568,5.099999904632568,1791900
2020-04-24,5.139999866485596,5.139999866485596,4.989999771118164,5.03000020980835,5.03000020980835,1644800
2020-04-27,5.170000076293945,5.21999979019165,5.03000020980835,5.190000057220459,5.190000057220459,1708200
2020-04-28,5.349999904632568,5.380000114440918,5.110000133514404,5.320000171661377,5.320000171661377,1695300
2020-04-29,5.5,5.630000114440918,5.460000038146973,5.590000152587891,5.590000152587891,1059300
2020-04-30,5.550000190734863,5.630000114440918,5.269999980926514,5.349999904632568,5.349999904632568,2136500
2020-05-01,5.199999809265137,5.21999979019165,4.96999979019165,5.019999980926514,5.019999980926514,1284400
2020-05-04,4.989999771118164,5.079999923706055,4.820000171661377,5.059999942779541,5.059999942779541,2186900
2020-05-05,4.960000038146973,5.289999961853027,4.940000057220459,5.010000228881836,5.010000228881836,1459000
2020-05-06,5.019999980926514,5.019999980926514,4.730000019073486,4.809999942779541,4.809999942779541,1795600
2020-05-07,4.849999904632568,5.050000190734863,4.829999923706055,4.840000152587891,4.840000152587891,1795300
2020-05-08,4.989999771118164,5.289999961853027,4.929999828338623,5.230000019073486,5.230000019073486,2359100
2020-05-11,5.139999866485596,5.309999942779541,5.059999942779541,5.300000190734863,5.300000190734863,2384000
2020-05-12,5.400000095367432,5.53000020980835,5.369999885559082,5.380000114440918,5.380000114440918,1700100
2020-05-13,5.360000133514404,5.429999828338623,5.039999961853027,5.090000152587891,5.090000152587891,1985600
2020-05-14,5.0,5.010000228881836,4.730000019073486,4.909999847412109,4.909999847412109,2503100
2020-05-15,4.900000095367432,5.010000228881836,4.78000020980835,4.809999942779541,4.809999942779541,985900
2020-05-18,4.960000038146973,5.599999904632568,4.940000057220459,5.599999904632568,5.599999904632568,2872900
2020-05-19,5.659999847412109,5.659999847412109,5.309999942779541,5.309999942779541,5.309999942779541,1736800
2020-05-20,5.420000076293945,5.539999961853027,5.300000190734863,5.480000019073486,5.480000019073486,1015600
2020-05-21,5.550000190734863,5.71999979019165,5.400000095367432,5.440000057220459,5.440000057220459,976300
2020-05-22,5.409999847412109,5.539999961853027,5.300000190734863,5.539999961853027,5.539999961853027,822200
2020-05-26,5.710000038146973,5.920000076293945,5.090000152587891,5.269999980926514,5.269999980926514,3529500
2020-05-27,5.320000171661377,5.869999885559082,5.320000171661377,5.829999923706055,5.829999923706055,1916600
2020-05-28,5.809999942779541,5.989999771118164,5.570000171661377,5.880000114440918,5.880000114440918,1497000
2020-05-29,5.869999885559082,5.96999979019165,5.610000133514404,5.900000095367432,5.900000095367432,2145900
2020-06-01,5.940000057220459,6.269999980926514,5.940000057220459,6.130000114440918,6.130000114440918,1138500
2020-06-02,6.25,6.429999828338623,6.130000114440918,6.260000228881836,6.260000228881836,1208600
2020-06-03,6.300000190734863,6.690000057220459,6.300000190734863,6.610000133514404,6.610000133514404,1408700
2020-06-04,6.599999904632568,6.690000057220459,6.389999866485596,6.46999979019165,6.46999979019165,1869400
2020-06-05,6.730000019073486,7.059999942779541,6.710000038146973,6.960000038146973,6.960000038146973,1851400
2020-06-08,7.050000190734863,7.420000076293945,7.010000228881836,7.380000114440918,7.380000114440918,1454900
2020-06-09,7.25,7.25,6.650000095367432,6.659999847412109,6.659999847412109,1716900
2020-06-10,6.659999847412109,6.71999979019165,6.28000020980835,6.309999942779541,6.309999942779541,1213300
2020-06-11,6.010000228881836,6.03000020980835,5.579999923706055,5.610000133514404,5.610000133514404,1433400
2020-06-12,5.909999847412109,6.110000133514404,5.650000095367432,5.920000076293945,5.920000076293945,1296000
2020-06-15,5.659999847412109,5.980000019073486,5.550000190734863,5.900000095367432,5.900000095367432,1516000
2020-06-16,6.139999866485596,6.179999828338623,5.880000114440918,6.059999942779541,6.059999942779541,1438400
2020-06-17,6.099999904632568,6.099999904632568,5.690000057220459,5.739999771118164,5.739999771118164,1090800
2020-06-18,5.679999828338623,5.730000019073486,5.46999979019165,5.53000020980835,5.53000020980835,1217300
2020-06-19,5.639999866485596,5.820000171661377,5.570000171661377,5.730000019073486,5.730000019073486,1602700
2020-06-22,5.739999771118164,5.809999942779541,5.630000114440918,5.710000038146973,5.710000038146973,590100
2020-06-23,5.800000190734863,5.869999885559082,5.579999923706055,5.639999866485596,5.639999866485596,1454100
2020-06-24,5.510000228881836,5.579999923706055,5.369999885559082,5.46999979019165,5.46999979019165,1054900
2020-06-25,5.409999847412109,5.460000038146973,5.269999980926514,5.329999923706055,5.329999923706055,1116300
2020-06-26,5.260000228881836,5.329999923706055,5.099999904632568,5.099999904632568,5.099999904632568,1240800
2020-06-29,5.130000114440918,5.28000020980835,5.059999942779541,5.269999980926514,5.269999980926514,677400
2020-06-30,5.210000038146973,5.25,5.050000190734863,5.239999771118164,5.239999771118164,925400
2020-07-01,5.28000020980835,5.380000114440918,5.159999847412109,5.260000228881836,5.260000228881836,924000
2020-07-02,5.389999866485596,5.519999980926514,5.320000171661377,5.329999923706055,5.329999923706055,1266200
2020-07-06,5.46999979019165,5.599999904632568,5.320000171661377,5.369999885559082,5.369999885559082,950000
2020-07-07,5.28000020980835,5.400000095367432,5.070000171661377,5.179999828338623,5.179999828338623,1678900
2020-07-08,5.429999828338623,5.699999809265137,5.300000190734863,5.570000171661377,5.570000171661377,2758200
2020-07-09,5.630000114440918,5.659999847412109,5.300000190734863,5.369999885559082,5.369999885559082,3104500
2020-07-10,5.349999904632568,5.429999828338623,5.260000228881836,5.409999847412109,5.409999847412109,2359500
2020-07-13,5.460000038146973,5.460000038146973,5.170000076293945,5.179999828338623,5.179999828338623,1676300
2020-07-14,5.179999828338623,5.230000019073486,5.059999942779541,5.210000038146973,5.210000038146973,1771000
2020-07-15,5.349999904632568,5.360000133514404,5.21999979019165,5.360000133514404,5.360000133514404,3574600
2020-07-16,5.309999942779541,5.340000152587891,5.210000038146973,5.28000020980835,5.28000020980835,1345100
2020-07-17,5.260000228881836,5.300000190734863,5.199999809265137,5.260000228881836,5.260000228881836,1944000
2020-07-20,5.230000019073486,5.230000019073486,5.130000114440918,5.190000057220459,5.190000057220459,1476100
2020-07-21,5.269999980926514,5.769999980926514,5.260000228881836,5.639999866485596,5.639999866485596,5256600
2020-07-22,5.590000152587891,5.650000095367432,5.5,5.519999980926514,5.519999980926514,1783400
2020-07-23,5.550000190734863,5.559999942779541,5.300000190734863,5.400000095367432,5.400000095367432,2978400
2020-07-24,5.340000152587891,5.420000076293945,5.289999961853027,5.349999904632568,5.349999904632568,1131800
2020-07-27,5.340000152587891,5.559999942779541,5.260000228881836,5.53000020980835,5.53000020980835,1954300
2020-07-28,5.5,5.53000020980835,5.409999847412109,5.480000019073486,5.480000019073486,1796800
2020-07-29,5.5,5.829999923706055,5.409999847412109,5.800000190734863,5.800000190734863,2051000
2020-07-30,5.699999809265137,5.840000152587891,5.679999828338623,5.760000228881836,5.760000228881836,1289800
2020-07-31,5.769999980926514,5.869999885559082,5.519999980926514,5.590000152587891,5.590000152587891,2743300
2020-08-03,5.599999904632568,5.78000020980835,5.559999942779541,5.659999847412109,5.659999847412109,1510800
2020-08-04,5.610000133514404,6.460000038146973,5.610000133514404,6.28000020980835,6.28000020980835,5028400
2020-08-05,6.21999979019165,6.679999828338623,6.21999979019165,6.570000171661377,6.570000171661377,4657200
2020-08-06,6.559999942779541,6.690000057220459,6.460000038146973,6.639999866485596,6.639999866485596,2731800
2020-08-07,6.550000190734863,6.829999923706055,6.519999980926514,6.820000171661377,6.820000171661377,2865200
2020-08-10,6.820000171661377,6.900000095367432,6.78000020980835,6.829999923706055,6.829999923706055,1178700
2020-08-11,6.909999847412109,7.159999847412109,6.739999771118164,6.75,6.75,1431400
2020-08-12,6.849999904632568,6.880000114440918,6.650000095367432,6.730000019073486,6.730000019073486,1371700
2020-08-13,6.639999866485596,6.789999961853027,6.579999923706055,6.789999961853027,6.789999961853027,1192100
2020-08-14,6.760000228881836,7.050000190734863,6.699999809265137,6.989999771118164,6.989999771118164,1016100
2020-08-17,6.980000019073486,6.980000019073486,6.670000076293945,6.710000038146973,6.710000038146973,1385900
2020-08-18,6.71999979019165,6.829999923706055,6.639999866485596,6.71999979019165,6.71999979019165,835000
2020-08-19,6.739999771118164,6.809999942779541,6.539999961853027,6.539999961853027,6.539999961853027,890900
2020-08-20,6.440000057220459,6.53000020980835,6.360000133514404,6.389999866485596,6.389999866485596,1055200
2020-08-21,6.349999904632568,6.5,6.260000228881836,6.260000228881836,6.260000228881836,1084500
2020-08-24,6.309999942779541,6.389999866485596,6.230000019073486,6.269999980926514,6.269999980926514,1315600
2020-08-25,6.289999961853027,6.489999771118164,6.269999980926514,6.389999866485596,6.389999866485596,1390200
2020-08-26,6.349999904632568,6.409999847412109,6.119999885559082,6.179999828338623,6.179999828338623,1176500
2020-08-27,6.190000057220459,6.320000171661377,6.099999904632568,6.190000057220459,6.190000057220459,860300
2020-08-28,6.239999771118164,6.480000019073486,6.21999979019165,6.46999979019165,6.46999979019165,1625700
2020-08-31,6.489999771118164,6.489999771118164,6.170000076293945,6.21999979019165,6.21999979019165,2361000
2020-09-01,6.179999828338623,6.360000133514404,6.039999961853027,6.300000190734863,6.300000190734863,1470034
